1 2020 5 25 0 41.634 27.417
2 2020 5 25 0 40.771 26.824
3 2020 5 25 0 41.86 27.505
4 2020 5 25 0 40.575 26.805
5 2020 5 25 0 40.393 26.556
6 2020 5 25 0 41.123 26.715
7 2020 5 25 0 41.54 27.079
8 2020 5 25 0 40.199 26.607
9 2020 5 25 0 40.754 26.886
10 2020 5 25 0 39.985 26.479
11 2020 5 25 0 42.209 27.907
12 2020 5 25 0 42.095 27.853
13 2020 5 25 0 42.069 27.651
14 2020 5 25 0 42.003 27.253
15 2020 5 25 0 42.156 27.588
16 2020 5 25 0 42.186 27.498
17 2020 5 25 0 42.162 27.27
18 2020 5 25 0 42.375 28.186
19 2020 5 25 0 41.683 26.18
20 2020 5 25 0 39.5 26.655
21 2020 5 25 0 41.586 25.867
22 2020 5 25 0 41.173 26.23
23 2020 5 25 0 39.94 25.665
24 2020 5 25 0 39.499 26.17
25 2020 5 25 0 40.631 26.259
26 2020 5 25 0 38.916 25.557
27 2020 5 25 0 39.776 26.121
28 2020 5 25 0 41.119 25.625
29 2020 5 25 0 39.568 27.165
30 2020 5 25 0 40.662 27.053
31 2020 5 25 0 41.402 25.347
32 2020 5 25 0 40.772 27.658
33 2020 5 25 0 41.804 27.688
34 2020 5 25 0 41.888 27.6
35 2020 5 25 0 41.64 27.639
36 2020 5 25 0 41.484 27.414
37 2020 5 25 0 41.798 27.273
38 2020 5 25 0 41.916 28.158
39 2020 5 25 0 41.744 28.411
40 2020 5 25 0 41.575 27.291
41 2020 5 25 0 41.579 28.019
42 2020 5 25 0 42.287 28.748
43 2020 5 25 0 42.412 29.062
44 2020 5 25 0 42.271 28.963
45 2020 5 25 0 42.73 28.41
46 2020 5 25 0 42.186 28.798
47 2020 5 25 0.20069 42.496 29.026
48 2020 5 25 0.29332 42.635 28.823
49 2020 5 25 0 42.519 28.77
51 2020 5 25 0 41.88 27.462
52 2020 5 25 0 42.489 27.755
53 2020 5 25 0 41.419 27.257
54 2020 5 25 0 41.83 27.302
55 2020 5 25 0 35.384 27.05
56 2020 5 25 0 36.316 26.955
57 2020 5 25 0 35.134 27.152
58 2020 5 25 0 36.353 27.061
59 2020 5 25 0 35.709 27.044
60 2020 5 25 0 35.009 27.142
61 2020 5 25 0 33.288 20.379
62 2020 5 25 0 35.784 26.553
63 2020 5 25 0 35.214 26.903
64 2020 5 25 0 33.684 20.256
65 2020 5 25 0 34.462 19.683
66 2020 5 25 0 32.942 20.678
67 2020 5 25 0 33.525 20.37
68 2020 5 25 0 34.471 19.63
69 2020 5 25 0 33.508 20.386
70 2020 5 25 0 34.34 19.494
71 2020 5 25 0 32.044 20.16
72 2020 5 25 0 35.602 27.347
73 2020 5 25 0 36.633 27.298
74 2020 5 25 0 35.533 27.348
75 2020 5 25 0 35.772 27.348
76 2020 5 25 0 35.391 27.355
77 2020 5 25 0 32.019 20.175
78 2020 5 25 0 31.944 20.159
79 2020 5 25 0 35.4 27.353
80 2020 5 25 0 37.296 27.042
81 2020 5 25 0 41.987 27.43
82 2020 5 25 0 42.658 28.525
83 2020 5 25 0 42.859 28.172
84 2020 5 25 0 42.711 28.143
85 2020 5 25 0 42.565 28.039
86 2020 5 25 0 42.141 27.428
87 2020 5 25 0 42.271 27.755
88 2020 5 25 0 42.324 27.822
89 2020 5 25 0 42.577 28.336
90 2020 5 25 0 42.173 27.581
91 2020 5 25 0 41.167 26.969
92 2020 5 25 0 40.582 26.705
93 2020 5 25 0 40.944 27.017
94 2020 5 25 0 40.917 27.006
95 2020 5 25 0 41.574 25.659
96 2020 5 25 0 41.617 25.456
97 2020 5 25 0 41.075 25.885
98 2020 5 25 0 41.719 26.134
99 2020 5 25 0 41.876 26.868
100 2020 5 25 0 41.411 26.47
102 2020 5 25 0 41.849 28.759
103 2020 5 25 0 42.571 28.991
104 2020 5 25 0 42.391 28.795
105 2020 5 25 0 41.669 28.927
106 2020 5 25 0 42.849 29.03
107 2020 5 25 0 35.787 20.717
109 2020 5 25 0 35.057 20.918
110 2020 5 25 0 35.421 20.599
111 2020 5 25 0 41.538 27.542
112 2020 5 25 0 34.752 20.876
113 2020 5 25 0 42.388 29.043
114 2020 5 25 0 42.559 28.867
115 2020 5 25 0 42.379 29.051
116 2020 5 25 0 42.468 29.078
117 2020 5 25 0 42.434 28.941
118 2020 5 25 0.11804 42.599 28.928
119 2020 5 25 0 42.676 28.803
120 2020 5 25 0 39.949 25.681
121 2020 5 25 0 40.241 26.195
122 2020 5 25 0 39.439 25.93
123 2020 5 25 0 39.068 26.452
124 2020 5 25 0 39.225 26.353
125 2020 5 25 0 39.639 26.501
126 2020 5 25 0 38.56 26.741
127 2020 5 25 0 39.341 25.136
128 2020 5 25 0 40.536 25.29
129 2020 5 25 0 32.38 20.597
130 2020 5 25 0 32.47 20.759
131 2020 5 25 0 32.255 20.626
132 2020 5 25 0 38.13 26.31
133 2020 5 25 0 32.786 20.44
134 2020 5 25 0 36.949 26.394
135 2020 5 25 0 35.771 26.948
136 2020 5 25 0 38.69 25.999
137 2020 5 25 0 35.852 26.74
138 2020 5 25 0 37.52 26.268
139 2020 5 25 0 36.818 26.697
140 2020 5 25 0 36.868 26.779
141 2020 5 25 0 32.249 20.493
142 2020 5 25 0 39.954 25.959
143 2020 5 25 0 42.42 26.931
144 2020 5 25 0 42.02 26.229
145 2020 5 25 0 41.589 25.72
146 2020 5 25 0 41.364 26.098
147 2020 5 25 0 42.378 27.387
148 2020 5 25 0 42.71 27.552
149 2020 5 25 0 41.788 25.767
150 2020 5 25 0 41.535 25.735
151 2020 5 25 0 41.44 27.401
152 2020 5 25 0 41.073 27.868
153 2020 5 25 0 41.405 27.352
154 2020 5 25 0 41.511 27.628
155 2020 5 25 0 40.966 27.859
156 2020 5 25 0 41.124 28.023
157 2020 5 25 0 41.451 27.832
158 2020 5 25 0 41.4 27.335
159 2020 5 25 0 41.493 27.627
160 2020 5 25 0 41.195 28.438
161 2020 5 25 0 39.449 26.318
162 2020 5 25 0 39.886 26.356
164 2020 5 25 0 39.036 26.302
165 2020 5 25 0 39.526 26.294
166 2020 5 25 0 39.972 26.516
167 2020 5 25 0 39.052 26.284
168 2020 5 25 0 39.606 26.161
169 2020 5 25 0 39.042 26.276
170 2020 5 25 0 39.514 26.301
171 2020 5 25 0 34.54 21.016
172 2020 5 25 0 39.858 28.397
173 2020 5 25 0 34.508 21.319
174 2020 5 25 0 42.252 28.265
175 2020 5 25 0 42.605 28.774
176 2020 5 25 0 42.487 28.634
177 2020 5 25 0 42.193 28.094
178 2020 5 25 0 42.061 27.809
179 2020 5 25 0 42.258 28.49
180 2020 5 25 0 42.536 28.616
181 2020 5 25 0 42.428 28.815
182 2020 5 25 0 34.867 20.58
183 2020 5 25 0 34.438 21.155
184 2020 5 25 0 34.139 21.277
185 2020 5 25 0 34.496 20.579
186 2020 5 25 0 34.499 20.366
187 2020 5 25 0 34.458 20.561
188 2020 5 25 0.17379 41.933 29.202
189 2020 5 25 0 40.472 28.46
190 2020 5 25 0.4499 40.804 28.693
191 2020 5 25 0 40.647 28.033
192 2020 5 25 0 40.407 28.196
195 2020 5 25 0 31.7 20.395
196 2020 5 25 0 31.762 20.362
197 2020 5 25 0 31.63 20.275
198 2020 5 25 0 31.825 20.295
199 2020 5 25 0.18172 38.035 26.478
200 2020 5 25 0 37.135 26.904
201 2020 5 25 0.20537 37.33 26.785
202 2020 5 25 0 37.528 26.68
203 2020 5 25 0.22198 38.602 26.364
204 2020 5 25 0 42.844 27.977
205 2020 5 25 0 42.203 26.485
206 2020 5 25 0 42.839 27.646
207 2020 5 25 0 42.949 27.689
208 2020 5 25 0 42.854 27.197
209 2020 5 25 0 42.824 27.26
210 2020 5 25 0 42.364 29.016
211 2020 5 25 0 42.597 29.068
212 2020 5 25 0 42.494 29.079
213 2020 5 25 0 42.751 28.995
214 2020 5 25 0 42.832 29.052
215 2020 5 25 0 42.732 29.054
216 2020 5 25 0 37.139 26.145
217 2020 5 25 0 38.799 25.985
218 2020 5 25 0 36.352 26.157
219 2020 5 25 0 36.802 26.267
220 2020 5 25 0 35.67 19.096
221 2020 5 25 0 37.456 26.311
222 2020 5 25 0 36.72 26.186
223 2020 5 25 0 38.536 26.124
224 2020 5 25 0 37.36 26.26
225 2020 5 25 0 38.541 26.232
226 2020 5 25 0 37.605 26.273
227 2020 5 25 0 37.1 26.396
228 2020 5 25 0 35.093 19.19
229 2020 5 25 0 35.142 19.161
230 2020 5 25 0 35.003 19.256
231 2020 5 25 0 35.167 19.193
232 2020 5 25 0 34.925 19.331
233 2020 5 25 0 42.813 28.453
234 2020 5 25 0 42.909 27.903
235 2020 5 25 0 42.944 27.811
236 2020 5 25 0 42.81 28.429
237 2020 5 25 0 42.786 28.355
238 2020 5 25 0 42.883 28.085
239 2020 5 25 0 41.085 26.389
240 2020 5 25 0 38.563 26.226
241 2020 5 25 0 41.214 26.381
242 2020 5 25 0 38.584 26.239
243 2020 5 25 0 39.21 26.223
244 2020 5 25 0 39.931 26.144
245 2020 5 25 0 40.615 26.125
246 2020 5 25 0 40.633 26.23
247 2020 5 25 0 40.223 26.103
248 2020 5 25 0 40.764 26.176
249 2020 5 25 0 40.417 26.079
250 2020 5 25 0 40.561 26.312
251 2020 5 25 0 40.25 25.977
252 2020 5 25 0 40.241 26.257
0 2020 5 25 0 37.191 27.157
