1 2020 3 13 0 29.978 15.342
2 2020 3 13 0 29.959 14.981
3 2020 3 13 0 29.837 15.348
4 2020 3 13 0 30.469 15.369
5 2020 3 13 0 29.722 14.679
6 2020 3 13 0 29.65 15.034
7 2020 3 13 0 29.844 15.182
8 2020 3 13 0 30.643 15.439
9 2020 3 13 0 30.172 15.095
10 2020 3 13 0 30.323 14.932
11 2020 3 13 0 29.167 15.246
12 2020 3 13 0 29.131 15.416
13 2020 3 13 0 29.275 15.436
14 2020 3 13 0 29.609 15.45
15 2020 3 13 0 29.398 15.289
16 2020 3 13 0 29.515 15.284
17 2020 3 13 0 29.704 15.331
18 2020 3 13 0 29.09 15.311
19 2020 3 13 0 26.793 12.349
20 2020 3 13 0 30.081 14.468
21 2020 3 13 0 26.836 12.393
22 2020 3 13 0 26.853 12.478
23 2020 3 13 0 27.555 12.658
24 2020 3 13 0 29.076 13.771
25 2020 3 13 0 27.035 12.576
26 2020 3 13 0 29.003 13.615
27 2020 3 13 0 28.281 13.26
28 2020 3 13 0 27.61 12.453
29 2020 3 13 0 30.631 14.916
30 2020 3 13 0 28.934 14.028
31 2020 3 13 0 27.982 12.424
32 2020 3 13 0 30.174 14.939
33 2020 3 13 0 29.235 16.109
34 2020 3 13 0 29.214 15.969
35 2020 3 13 0 29.342 16.277
36 2020 3 13 0 29.368 15.921
37 2020 3 13 0 29.453 15.77
38 2020 3 13 0 29.032 16.294
39 2020 3 13 0 28.896 16.539
40 2020 3 13 0 29.375 15.761
41 2020 3 13 0 29.141 16.55
42 2020 3 13 0 28.852 14.896
43 2020 3 13 0 28.926 15.403
44 2020 3 13 0 28.86 15.319
45 2020 3 13 0 29.126 14.903
46 2020 3 13 0 28.822 15.124
47 2020 3 13 0 29.075 15.275
48 2020 3 13 0 29.172 15.161
49 2020 3 13 0 28.997 14.859
51 2020 3 13 0 29.801 15.285
52 2020 3 13 0 29.391 15.281
53 2020 3 13 0 30.084 15.288
54 2020 3 13 0 29.799 15.177
55 2020 3 13 0 28.615 17.754
56 2020 3 13 0 29.28 17.457
57 2020 3 13 0 28.291 17.734
58 2020 3 13 0 29.408 17.205
59 2020 3 13 0 28.783 17.425
60 2020 3 13 0 28.294 17.772
61 2020 3 13 0 29.263 17.698
62 2020 3 13 0 29.338 16.272
63 2020 3 13 0 29.373 17.343
64 2020 3 13 0 29.224 17.516
65 2020 3 13 0 29.599 16.709
66 2020 3 13 0 28.758 18.044
67 2020 3 13 0 29.134 17.675
68 2020 3 13 0 29.504 16.381
69 2020 3 13 0 29.214 17.727
70 2020 3 13 0 29.307 15.845
71 2020 3 13 0 28.845 17.93
72 2020 3 13 0 28.998 17.718
73 2020 3 13 0.12021 29.798 16.546
74 2020 3 13 0 28.969 17.75
75 2020 3 13 0 29.142 17.512
76 2020 3 13 0 28.86 17.902
77 2020 3 13 0 28.832 17.952
78 2020 3 13 0 28.805 17.946
79 2020 3 13 0 28.866 17.897
80 2020 3 13 0 30.546 15.707
81 2020 3 13 0 29.762 15.33
82 2020 3 13 0 29.044 15.386
83 2020 3 13 0 29.13 15.344
84 2020 3 13 0 29.201 15.393
85 2020 3 13 0 29.191 15.345
86 2020 3 13 0 29.648 15.314
87 2020 3 13 0 29.498 15.351
88 2020 3 13 0 29.303 15.296
89 2020 3 13 0 29.077 15.364
90 2020 3 13 0 29.513 15.299
91 2020 3 13 0 30.089 15.125
92 2020 3 13 0 30.435 15.409
93 2020 3 13 0 30.399 15.449
94 2020 3 13 0 30.275 15.273
95 2020 3 13 0 28.342 12.997
96 2020 3 13 0 27.523 12.604
97 2020 3 13 0 29.072 13.556
98 2020 3 13 0 28.518 13.601
99 2020 3 13 0 29.253 14.572
100 2020 3 13 0 29.406 14.206
102 2020 3 13 0 28.803 16.591
103 2020 3 13 0 28.698 16.072
104 2020 3 13 0 28.73 16.144
105 2020 3 13 0 28.888 16.816
106 2020 3 13 0 28.645 15.828
107 2020 3 13 0 29.344 16.521
109 2020 3 13 0 29.121 16.955
110 2020 3 13 0 29.226 16.501
111 2020 3 13 0 29.172 16.767
112 2020 3 13 0 29.031 16.998
113 2020 3 13 0 28.868 15.436
114 2020 3 13 0 28.969 15.399
115 2020 3 13 0 28.794 15.504
116 2020 3 13 0 28.754 15.557
117 2020 3 13 0 28.888 15.433
118 2020 3 13 0 29.098 15.309
119 2020 3 13 0 29.052 15.355
120 2020 3 13 0 29.142 13.827
121 2020 3 13 0 29.793 14.632
122 2020 3 13 0 29.731 14.505
123 2020 3 13 0 30.41 14.757
124 2020 3 13 0 30.444 14.981
125 2020 3 13 0 30.696 15.406
126 2020 3 13 0 30.884 15.012
127 2020 3 13 0 28.48 13.086
128 2020 3 13 0 28.573 12.899
129 2020 3 13 0 28.451 17.992
130 2020 3 13 0 28.421 18.142
131 2020 3 13 0 28.363 18.017
132 2020 3 13 0 30.724 16.319
133 2020 3 13 0 28.996 17.657
134 2020 3 13 0 29.998 16.306
135 2020 3 13 0 28.811 17.349
136 2020 3 13 0 30.962 15.408
137 2020 3 13 0 29.382 16.819
138 2020 3 13 0 30.508 16.372
139 2020 3 13 0 29.703 16.928
140 2020 3 13 0 29.648 17.156
141 2020 3 13 0 28.617 17.719
142 2020 3 13 0 30.989 14.388
143 2020 3 13 0 28.722 14.44
144 2020 3 13 0 27.824 13.596
145 2020 3 13 0 26.668 12.633
146 2020 3 13 0 26.404 12.104
147 2020 3 13 0 29.405 15.068
148 2020 3 13 0 29.191 15.048
149 2020 3 13 0 27.149 13.028
150 2020 3 13 0 26.911 12.922
151 2020 3 13 0 29.371 15.928
152 2020 3 13 0 29.253 16.794
153 2020 3 13 0 29.355 15.807
154 2020 3 13 0 29.403 16.436
155 2020 3 13 0 29.212 16.948
156 2020 3 13 0 29.142 16.83
157 2020 3 13 0 29.272 16.574
158 2020 3 13 0 29.349 15.742
159 2020 3 13 0 29.409 16.465
160 2020 3 13 0 28.905 16.949
161 2020 3 13 0 30.801 15.36
162 2020 3 13 0 30.085 14.602
164 2020 3 13 0 30.909 15.747
165 2020 3 13 0 30.437 14.968
166 2020 3 13 0 29.96 14.74
167 2020 3 13 0 30.61 15.482
168 2020 3 13 0 30.567 14.75
169 2020 3 13 0 30.77 15.631
170 2020 3 13 0 30.456 15.022
171 2020 3 13 0 29.039 17.135
172 2020 3 13 0 28.985 17.431
173 2020 3 13 0 28.965 17.519
174 2020 3 13 0 28.985 15.561
175 2020 3 13 0 28.769 15.741
176 2020 3 13 0 28.981 15.389
177 2020 3 13 0 28.992 15.942
178 2020 3 13 0 29.129 15.699
179 2020 3 13 0 28.978 15.36
180 2020 3 13 0 28.794 15.921
181 2020 3 13 0 28.824 15.561
182 2020 3 13 0 29.06 16.654
183 2020 3 13 0 28.959 17.286
184 2020 3 13 0 29.05 16.925
185 2020 3 13 0 28.963 16.711
186 2020 3 13 0 28.947 16.324
187 2020 3 13 0 28.98 16.559
188 2020 3 13 0 28.956 16.781
189 2020 3 13 0 28.91 17.347
190 2020 3 13 0 28.918 17.212
191 2020 3 13 0 29.149 17.089
192 2020 3 13 0 29.013 17.401
195 2020 3 13 0 28.199 17.797
196 2020 3 13 0 28.277 17.814
197 2020 3 13 0 28.371 17.858
198 2020 3 13 0 28.48 17.885
199 2020 3 13 0 30.269 16.18
200 2020 3 13 0 29.861 16.357
201 2020 3 13 0 29.898 16.536
202 2020 3 13 0 30.095 16.759
203 2020 3 13 0 30.751 16.112
204 2020 3 13 0 29.123 15.151
205 2020 3 13 0 27.992 13.767
206 2020 3 13 0 29.139 14.956
207 2020 3 13 0 29.124 14.777
208 2020 3 13 0 28.899 14.343
209 2020 3 13 0 28.999 14.561
210 2020 3 13 0 28.729 15.474
211 2020 3 13 0 28.718 15.627
212 2020 3 13 0 28.744 15.565
213 2020 3 13 0 28.607 15.623
214 2020 3 13 0 28.653 15.826
215 2020 3 13 0 28.682 15.708
216 2020 3 13 0 29.609 14.866
217 2020 3 13 0 30.675 14.812
218 2020 3 13 0 29.106 14.964
219 2020 3 13 0 29.173 14.759
220 2020 3 13 0 29.501 14.569
221 2020 3 13 0 29.401 14.624
222 2020 3 13 0 29.652 15.341
223 2020 3 13 0 30.158 14.633
224 2020 3 13 0 29.629 14.982
225 2020 3 13 0 29.691 14.571
226 2020 3 13 0 29.553 14.823
227 2020 3 13 0 29.209 14.822
228 2020 3 13 0 29.387 15.144
229 2020 3 13 0 29.652 15.635
230 2020 3 13 0 29.624 15.777
231 2020 3 13 0 29.199 14.654
232 2020 3 13 0 29.733 16.164
233 2020 3 13 0 29.077 15.336
234 2020 3 13 0 29.141 14.793
235 2020 3 13 0 29.126 14.776
236 2020 3 13 0 29.087 15.164
237 2020 3 13 0 29.15 15.005
238 2020 3 13 0 29.096 15.024
239 2020 3 13 0 29.618 14.793
240 2020 3 13 0 29.772 14.897
241 2020 3 13 0 29.704 14.764
242 2020 3 13 0 29.689 14.841
243 2020 3 13 0 29.642 14.725
244 2020 3 13 0 29.835 14.725
245 2020 3 13 0 29.889 14.568
246 2020 3 13 0 29.712 14.7
247 2020 3 13 0 30.114 14.39
248 2020 3 13 0 29.894 14.398
249 2020 3 13 0 30.487 14.159
250 2020 3 13 0 29.82 14.483
251 2020 3 13 0 30.658 14.018
252 2020 3 13 0 30.156 14.415
0 2020 3 13 0.25773 29.911 16.379
