1 2020 1 31 0 27.096 10.618
2 2020 1 31 0 27.025 10.548
3 2020 1 31 0 26.948 10.762
4 2020 1 31 0 27.37 10.366
5 2020 1 31 0 27 10.288
6 2020 1 31 0 27.035 10.549
7 2020 1 31 0 26.956 10.798
8 2020 1 31 0 27.443 10.31
9 2020 1 31 0 27.168 10.444
10 2020 1 31 0 27.163 10.325
11 2020 1 31 0 26.452 11.384
12 2020 1 31 0 26.615 11.402
13 2020 1 31 0 26.695 11.326
14 2020 1 31 0 26.929 11.142
15 2020 1 31 0 26.605 11.271
16 2020 1 31 0 26.65 11.208
17 2020 1 31 0 26.807 11.113
18 2020 1 31 0 26.514 11.454
19 2020 1 31 0 23.849 7.8303
20 2020 1 31 0 26.892 9.4012
21 2020 1 31 0 23.987 8.0913
22 2020 1 31 0 23.956 7.9428
23 2020 1 31 0 24.683 8.1054
24 2020 1 31 0 26.026 8.8679
25 2020 1 31 0 24.28 8.2141
26 2020 1 31 0 25.908 8.5765
27 2020 1 31 0 25.394 8.6271
28 2020 1 31 0 24.645 8.0428
29 2020 1 31 0 27.345 9.7458
30 2020 1 31 0 26 9.3189
31 2020 1 31 0 25.024 8.2293
32 2020 1 31 0 27.047 9.8856
33 2020 1 31 0 27.515 11.586
34 2020 1 31 0 27.225 11.387
35 2020 1 31 0 27.842 11.744
36 2020 1 31 0 27.896 11.679
37 2020 1 31 0 27.215 11.219
38 2020 1 31 0 27.696 11.834
39 2020 1 31 0 27.976 12.069
40 2020 1 31 0 27.589 11.427
41 2020 1 31 0 28.029 11.977
42 2020 1 31 0 27.033 11.586
43 2020 1 31 0 27.135 11.797
44 2020 1 31 0 27.109 11.742
45 2020 1 31 0 26.981 11.625
46 2020 1 31 0 27.069 11.666
47 2020 1 31 0 27.322 11.91
48 2020 1 31 0 27.295 11.887
49 2020 1 31 0 27.102 11.661
51 2020 1 31 0 26.919 10.717
52 2020 1 31 0 26.498 11.029
53 2020 1 31 0 27.191 10.515
54 2020 1 31 0 26.924 10.634
55 2020 1 31 0 25.903 13.05
56 2020 1 31 0 26.411 12.807
57 2020 1 31 0 26.01 13.58
58 2020 1 31 0 26.389 12.354
59 2020 1 31 0 26.338 13.217
60 2020 1 31 0 25.761 13.238
61 2020 1 31 0 27.35 13.491
62 2020 1 31 0 27.377 12.461
63 2020 1 31 0 27.519 13.229
64 2020 1 31 0 27.452 13.506
65 2020 1 31 0 28.032 12.909
66 2020 1 31 0 26.825 13.996
67 2020 1 31 0 27.326 13.634
68 2020 1 31 0 27.943 12.766
69 2020 1 31 0 27.375 13.598
70 2020 1 31 0 27.646 12.408
71 2020 1 31 0 25.825 12.541
72 2020 1 31 0 25.936 12.375
73 2020 1 31 0.13109 26.538 11.425
74 2020 1 31 0.24923 25.912 12.378
75 2020 1 31 0 26.043 12.216
76 2020 1 31 0 25.836 12.511
77 2020 1 31 0 25.816 12.566
78 2020 1 31 0 25.805 12.599
79 2020 1 31 0 25.838 12.499
80 2020 1 31 0 27.074 10.453
81 2020 1 31 0 26.868 10.931
82 2020 1 31 0 26.717 11.636
83 2020 1 31 0 26.386 11.379
84 2020 1 31 0 26.402 11.319
85 2020 1 31 0 26.37 11.323
86 2020 1 31 0 26.754 11.093
87 2020 1 31 0 26.62 11.074
88 2020 1 31 0 26.47 11.265
89 2020 1 31 0 26.557 11.507
90 2020 1 31 0 26.652 11.153
91 2020 1 31 0 27.14 10.227
92 2020 1 31 0 27.33 10.166
93 2020 1 31 0 27.383 10.408
94 2020 1 31 0 27.283 10.418
95 2020 1 31 0 25.432 8.8271
96 2020 1 31 0 24.675 8.5605
97 2020 1 31 0 26.096 9.0352
98 2020 1 31 0 25.649 9.3922
99 2020 1 31 0 26.385 10.217
100 2020 1 31 0 26.485 9.6517
102 2020 1 31 0 28.004 12.201
103 2020 1 31 0 27.564 11.985
104 2020 1 31 0 27.611 11.961
105 2020 1 31 0 28.125 12.377
106 2020 1 31 0 27.355 11.864
107 2020 1 31 0 28.123 11.99
109 2020 1 31 0 28.301 12.473
110 2020 1 31 0 28.293 12.181
111 2020 1 31 0 28.166 12.304
112 2020 1 31 0 28.445 12.645
113 2020 1 31 0 27.038 11.742
114 2020 1 31 0 27.015 11.799
115 2020 1 31 0 27.011 11.7
116 2020 1 31 0 27.081 11.729
117 2020 1 31 0 26.97 11.73
118 2020 1 31 0 27.251 11.917
119 2020 1 31 0 27.08 11.876
120 2020 1 31 0 26.093 8.9105
121 2020 1 31 0 26.715 9.5395
122 2020 1 31 0 26.591 9.255
123 2020 1 31 0 27.176 9.5244
124 2020 1 31 0 27.238 9.6542
125 2020 1 31 0 27.487 9.9993
126 2020 1 31 0 27.465 9.6881
127 2020 1 31 0 25.44 8.2365
128 2020 1 31 0 25.566 8.4058
129 2020 1 31 0 26.319 13.744
130 2020 1 31 0 26.383 14.117
131 2020 1 31 0 26.218 13.845
132 2020 1 31 0 27.443 11.371
133 2020 1 31 0 26.992 13.545
134 2020 1 31 0 27.334 12.023
135 2020 1 31 0 26.643 13.358
136 2020 1 31 0 27.81 10.868
137 2020 1 31 0 27.201 12.767
138 2020 1 31 0 27.495 11.727
139 2020 1 31 0 26.922 12.457
140 2020 1 31 0 26.718 12.499
141 2020 1 31 0 26.498 13.649
142 2020 1 31 0 27.821 10.199
143 2020 1 31 0 25.888 10.495
144 2020 1 31 0 25.041 9.6445
145 2020 1 31 0 23.933 8.5717
146 2020 1 31 0 23.571 7.6082
147 2020 1 31 0 26.533 10.883
148 2020 1 31 0 26.326 11.06
149 2020 1 31 0 24.41 9.0985
150 2020 1 31 0 24.2 9.0182
151 2020 1 31 0 27.97 11.707
152 2020 1 31 0 28.096 12.14
153 2020 1 31 0 27.957 11.679
154 2020 1 31 0 28.031 11.856
155 2020 1 31 0 28.129 12.301
156 2020 1 31 0 28.148 12.185
157 2020 1 31 0 28.091 11.971
158 2020 1 31 0 27.936 11.665
159 2020 1 31 0 28.04 11.864
160 2020 1 31 0 28.253 12.333
161 2020 1 31 0 27.468 10.353
162 2020 1 31 0 27.088 10.251
164 2020 1 31 0 27.427 10.616
165 2020 1 31 0 27.181 10.358
166 2020 1 31 0 27.03 10.359
167 2020 1 31 0 27.218 10.643
168 2020 1 31 0 27.292 10.283
169 2020 1 31 0 27.31 10.658
170 2020 1 31 0 27.199 10.376
171 2020 1 31 0 28.223 12.549
172 2020 1 31 0 28.198 12.744
173 2020 1 31 0 28.186 12.809
174 2020 1 31 0 26.856 11.527
175 2020 1 31 0 27.173 11.725
176 2020 1 31 0 26.788 11.642
177 2020 1 31 0 27.178 11.555
178 2020 1 31 0 26.886 11.399
179 2020 1 31 0 26.725 11.551
180 2020 1 31 0 27.316 11.748
181 2020 1 31 0 27.006 11.673
182 2020 1 31 0 28.535 12.514
183 2020 1 31 0 28.375 12.881
184 2020 1 31 0 28.383 13.085
185 2020 1 31 0 28.678 12.755
186 2020 1 31 0 28.513 12.783
187 2020 1 31 0 28.642 12.826
188 2020 1 31 0 28.064 12.578
189 2020 1 31 0 28.206 12.661
190 2020 1 31 0 28.163 12.624
191 2020 1 31 0 28.126 12.398
192 2020 1 31 0 28.166 12.676
195 2020 1 31 0 25.887 13.453
196 2020 1 31 0 25.859 13.101
197 2020 1 31 0 25.787 13.043
198 2020 1 31 0 25.82 12.887
199 2020 1 31 0 26.956 11.257
200 2020 1 31 0 26.63 11.485
201 2020 1 31 0 26.684 11.681
202 2020 1 31 0 26.878 11.832
203 2020 1 31 0 27.294 11.009
204 2020 1 31 0 26.45 11.34
205 2020 1 31 0 25.21 10.009
206 2020 1 31 0 26.362 11.172
207 2020 1 31 0 26.461 11.267
208 2020 1 31 0 26.089 10.868
209 2020 1 31 0 26.171 10.929
210 2020 1 31 0 27.063 11.695
211 2020 1 31 0 27.159 11.765
212 2020 1 31 0 27.103 11.736
213 2020 1 31 0 27.245 11.742
214 2020 1 31 0 27.368 11.87
215 2020 1 31 0 27.234 11.805
216 2020 1 31 0 27.523 11.369
217 2020 1 31 0 27.864 10.766
218 2020 1 31 0 27.289 11.744
219 2020 1 31 0 27.562 11.839
220 2020 1 31 0 28.021 11.956
221 2020 1 31 0 27.865 11.954
222 2020 1 31 0 27.402 11.616
223 2020 1 31 0 27.859 10.942
224 2020 1 31 0 27.738 11.484
225 2020 1 31 0 28.053 11.839
226 2020 1 31 0 27.838 11.746
227 2020 1 31 0 27.888 12.207
228 2020 1 31 0 28.126 12.332
229 2020 1 31 0 28.34 12.399
230 2020 1 31 0 28.254 12.465
231 2020 1 31 0 27.933 12.202
232 2020 1 31 0 28.313 12.587
233 2020 1 31 0 26.723 11.657
234 2020 1 31 0 26.652 11.401
235 2020 1 31 0 26.567 11.353
236 2020 1 31 0 26.886 11.712
237 2020 1 31 0 26.953 11.651
238 2020 1 31 0 26.648 11.497
239 2020 1 31 0 27.305 10.335
240 2020 1 31 0 27.841 11.167
241 2020 1 31 0 27.757 10.633
242 2020 1 31 0 27.927 11.411
243 2020 1 31 0 27.996 11.305
244 2020 1 31 0 27.865 10.751
245 2020 1 31 0 27.669 10.363
246 2020 1 31 0 27.947 10.748
247 2020 1 31 0 27.648 10.301
248 2020 1 31 0 27.267 10.001
249 2020 1 31 0 27.503 9.9934
250 2020 1 31 0 27.094 10.048
251 2020 1 31 0 27.872 10.12
252 2020 1 31 0 27.238 10.115
0 2020 1 31 0.55695 26.656 11.107
