1 2020 3 15 0 32.146 16.505
2 2020 3 15 0 32.148 16.782
3 2020 3 15 0 32.155 16.574
4 2020 3 15 0 32.22 16.51
5 2020 3 15 0 32.136 16.663
6 2020 3 15 0 32.655 16.819
7 2020 3 15 0 32.536 16.867
8 2020 3 15 0 32.272 16.531
9 2020 3 15 0 32.074 16.587
10 2020 3 15 0 31.882 16.614
11 2020 3 15 0 31.923 17.3
12 2020 3 15 0 32.13 17.471
13 2020 3 15 0 32.39 17.463
14 2020 3 15 0 32.964 17.321
15 2020 3 15 0 32.348 17.284
16 2020 3 15 0 32.467 17.153
17 2020 3 15 0 32.834 17.053
18 2020 3 15 0 31.817 16.992
19 2020 3 15 0 29.508 14.204
20 2020 3 15 0 31.62 15.508
21 2020 3 15 0 29.67 14.327
22 2020 3 15 0 29.345 14.263
23 2020 3 15 0 29.598 14.425
24 2020 3 15 0 30.737 15.089
25 2020 3 15 0 29.115 14.3
26 2020 3 15 0 30.746 15.04
27 2020 3 15 0 30.019 14.767
28 2020 3 15 0 29.946 14.399
29 2020 3 15 0 32.127 15.809
30 2020 3 15 0 30.559 15.207
31 2020 3 15 0 30.304 14.507
32 2020 3 15 0 31.629 15.765
33 2020 3 15 0 33.298 17.894
34 2020 3 15 0 33.028 17.715
35 2020 3 15 0 33.742 18.175
36 2020 3 15 0 33.655 17.938
37 2020 3 15 0 33.262 17.74
38 2020 3 15 0 33.044 17.795
39 2020 3 15 0 32.862 17.71
40 2020 3 15 0 33.387 17.75
41 2020 3 15 0 33.412 18.037
42 2020 3 15 0 31.315 15.76
43 2020 3 15 0 31.796 16.319
44 2020 3 15 0 31.674 16.2
45 2020 3 15 0 31.85 16.385
46 2020 3 15 0 31.469 15.969
47 2020 3 15 0 31.852 16.185
48 2020 3 15 0 31.94 16.271
49 2020 3 15 0 31.475 15.862
51 2020 3 15 0 32.092 16.568
52 2020 3 15 0 31.91 16.642
53 2020 3 15 0 32.188 16.51
54 2020 3 15 0 32.122 16.603
55 2020 3 15 0 31.345 17.995
56 2020 3 15 0 31.469 17.938
57 2020 3 15 0 32.168 18.277
58 2020 3 15 0 31.584 17.693
59 2020 3 15 0 31.675 18.051
60 2020 3 15 0 31.626 18.07
61 2020 3 15 0 34.223 18.306
62 2020 3 15 0 34.321 17.946
63 2020 3 15 0 34.49 18.157
64 2020 3 15 0 34.584 18.176
65 2020 3 15 0 35.014 17.496
66 2020 3 15 0 33.969 18.642
67 2020 3 15 0 34.488 18.312
68 2020 3 15 0 34.839 17.517
69 2020 3 15 0 34.524 18.339
70 2020 3 15 0 34.541 17.661
71 2020 3 15 0 31.953 17.783
72 2020 3 15 0 31.947 17.688
73 2020 3 15 0 31.933 17.151
74 2020 3 15 0.18742 31.967 17.687
75 2020 3 15 0 31.94 17.599
76 2020 3 15 0 31.96 17.761
77 2020 3 15 0 31.945 17.801
78 2020 3 15 0 31.891 17.812
79 2020 3 15 0 31.965 17.757
80 2020 3 15 0 32.388 16.628
81 2020 3 15 0 32.406 16.804
82 2020 3 15 0 31.691 16.486
83 2020 3 15 0 31.735 16.56
84 2020 3 15 0 31.769 16.618
85 2020 3 15 0 31.825 16.87
86 2020 3 15 0 32.535 16.987
87 2020 3 15 0 32.044 16.757
88 2020 3 15 0 32.004 17.065
89 2020 3 15 0 31.75 16.708
90 2020 3 15 0 32.305 17.037
91 2020 3 15 0 32.101 16.282
92 2020 3 15 0 32.248 16.317
93 2020 3 15 0 32.298 16.479
94 2020 3 15 0 32.165 16.503
95 2020 3 15 0 30.722 14.981
96 2020 3 15 0 30.192 14.681
97 2020 3 15 0 31.143 15.258
98 2020 3 15 0 31.019 15.468
99 2020 3 15 0 31.706 16.236
100 2020 3 15 0 31.555 15.751
102 2020 3 15 0 32.587 17.559
103 2020 3 15 0 32.352 17.354
104 2020 3 15 0 32.457 17.432
105 2020 3 15 0 32.617 17.635
106 2020 3 15 0 32.249 17.255
107 2020 3 15 0 34.108 18.35
109 2020 3 15 0 33.916 18.296
110 2020 3 15 0 34.128 18.111
111 2020 3 15 0 33.978 18.306
112 2020 3 15 0 33.896 18.145
113 2020 3 15 0 31.744 16.354
114 2020 3 15 0 31.707 16.318
115 2020 3 15 0 31.797 16.522
116 2020 3 15 0 31.871 16.626
117 2020 3 15 0 31.712 16.385
118 2020 3 15 0 31.851 16.251
119 2020 3 15 0 31.711 16.253
120 2020 3 15 0 31.048 15.298
121 2020 3 15 0 31.65 15.812
122 2020 3 15 0 31.476 15.662
123 2020 3 15 0 32.009 15.849
124 2020 3 15 0 32.104 16.081
125 2020 3 15 0 32.382 16.389
126 2020 3 15 0 32.505 16.06
127 2020 3 15 0 30.387 14.779
128 2020 3 15 0 30.614 14.781
129 2020 3 15 0.10617 33.021 18.331
130 2020 3 15 0 33.393 18.702
131 2020 3 15 0 32.92 18.422
132 2020 3 15 0 33.348 17.301
133 2020 3 15 0 33.493 18.303
134 2020 3 15 0 33.839 17.469
135 2020 3 15 0 32.306 18.106
136 2020 3 15 0 34.721 16.916
137 2020 3 15 0 33.641 17.917
138 2020 3 15 0 34.031 17.262
139 2020 3 15 0 32.493 17.712
140 2020 3 15 0 31.875 17.834
141 2020 3 15 0 32.831 18.347
142 2020 3 15 0 34.608 16.641
143 2020 3 15 0 31.55 16.466
144 2020 3 15 0 30.72 15.598
145 2020 3 15 0 29.662 14.552
146 2020 3 15 0 29.231 13.887
147 2020 3 15 0 32.025 16.805
148 2020 3 15 0 31.928 16.838
149 2020 3 15 0 30.143 15.036
150 2020 3 15 0 29.648 14.688
151 2020 3 15 0 34.088 18.045
152 2020 3 15 0 33.867 18.419
153 2020 3 15 0 34.086 17.952
154 2020 3 15 0 34.067 18.392
155 2020 3 15 0 33.913 18.485
156 2020 3 15 0 33.577 18.234
157 2020 3 15 0 33.761 18.251
158 2020 3 15 0 33.785 17.836
159 2020 3 15 0 34.107 18.423
160 2020 3 15 0 32.952 17.851
161 2020 3 15 0 32.694 16.754
162 2020 3 15 0 32.56 16.726
164 2020 3 15 0 32.639 17.128
165 2020 3 15 0 32.056 16.81
166 2020 3 15 0 31.991 16.848
167 2020 3 15 0 32.64 17.079
168 2020 3 15 0 33.222 16.748
169 2020 3 15 0 32.702 17.132
170 2020 3 15 0 32.556 16.872
171 2020 3 15 0 33.499 17.943
172 2020 3 15 0 33.536 18.32
173 2020 3 15 0 33.563 18.436
174 2020 3 15 0 32.151 17.25
175 2020 3 15 0 32.212 17.174
176 2020 3 15 0 31.725 16.56
177 2020 3 15 0 32.638 17.538
178 2020 3 15 0 32.493 17.519
179 2020 3 15 0 31.825 16.886
180 2020 3 15 0 32.445 17.402
181 2020 3 15 0 31.967 16.871
182 2020 3 15 0 34.073 17.891
183 2020 3 15 0 33.79 18.253
184 2020 3 15 0 34.074 17.783
185 2020 3 15 0 34.081 17.709
186 2020 3 15 0 34.434 17.479
187 2020 3 15 0 34.24 17.569
188 2020 3 15 0 32.597 17.662
189 2020 3 15 0 33.231 18.247
190 2020 3 15 0 33.029 18.074
191 2020 3 15 0 33.786 18.498
192 2020 3 15 0 33.619 18.53
195 2020 3 15 0 32.183 18.166
196 2020 3 15 0 32.153 17.94
197 2020 3 15 0 31.926 17.965
198 2020 3 15 0 32.047 17.89
199 2020 3 15 0 31.903 17.479
200 2020 3 15 0 31.61 17.399
201 2020 3 15 0 31.663 17.563
202 2020 3 15 0 31.973 17.622
203 2020 3 15 0 32.539 17.352
204 2020 3 15 0 31.796 16.638
205 2020 3 15 0 30.78 15.804
206 2020 3 15 0 31.893 16.808
207 2020 3 15 0 31.886 16.781
208 2020 3 15 0 31.693 16.682
209 2020 3 15 0 31.819 16.8
210 2020 3 15 0 31.797 16.474
211 2020 3 15 0 31.982 16.809
212 2020 3 15 0 31.892 16.653
213 2020 3 15 0 32.122 16.94
214 2020 3 15 0 32.241 17.222
215 2020 3 15 0 32.098 17.013
216 2020 3 15 0 34.651 17.533
217 2020 3 15 0 35.043 16.956
218 2020 3 15 0 34.24 17.719
219 2020 3 15 0 34.338 17.439
220 2020 3 15 0 34.526 16.535
221 2020 3 15 0 34.492 16.952
222 2020 3 15 0 34.389 17.551
223 2020 3 15 0 35.101 17.23
224 2020 3 15 0 35.024 17.646
225 2020 3 15 0 34.666 16.493
226 2020 3 15 0 34.827 17.213
227 2020 3 15 0 34.34 17.114
228 2020 3 15 0 34.604 16.886
229 2020 3 15 0 35.064 16.856
230 2020 3 15 0 35.022 17.012
231 2020 3 15 0 34.231 16.854
232 2020 3 15 0 35.201 17.066
233 2020 3 15 0 31.665 16.385
234 2020 3 15 0 31.93 16.706
235 2020 3 15 0 31.894 16.732
236 2020 3 15 0 31.74 16.397
237 2020 3 15 0 31.918 16.496
238 2020 3 15 0 31.776 16.567
239 2020 3 15 0 33.132 16.38
240 2020 3 15 0 34.995 17.29
241 2020 3 15 0 33.956 16.639
242 2020 3 15 0 34.848 17.027
243 2020 3 15 0 34.475 16.646
244 2020 3 15 0 34.765 16.829
245 2020 3 15 0 34.229 16.459
246 2020 3 15 0 34.348 16.589
247 2020 3 15 0 34.256 16.495
248 2020 3 15 0 33.184 16.048
249 2020 3 15 0 33.788 16.403
250 2020 3 15 0 32.578 16.218
251 2020 3 15 0 34.813 16.555
252 2020 3 15 0 32.982 16.504
0 2020 3 15 0.40403 32.111 16.963
