1 2020 5 1 0 41.612 27.027
2 2020 5 1 0 40.65 26.599
3 2020 5 1 0 41.592 27.162
4 2020 5 1 0 40.964 26.167
5 2020 5 1 0 40.045 26.405
6 2020 5 1 0 40.264 26.831
7 2020 5 1 0 41.114 27.107
8 2020 5 1 0 40.698 25.837
9 2020 5 1 0 40.908 26.459
10 2020 5 1 0 40.236 25.865
11 2020 5 1 0 41.068 27.676
12 2020 5 1 0 40.543 27.735
13 2020 5 1 0 40.627 27.656
14 2020 5 1 0 40.88 27.5
15 2020 5 1 0 41.121 27.583
16 2020 5 1 0 41.285 27.546
17 2020 5 1 0 41.33 27.497
18 2020 5 1 0 41.122 27.854
19 2020 5 1 0 40.456 26.65
20 2020 5 1 0 39.889 25.683
21 2020 5 1 0 40.31 26.191
22 2020 5 1 0 40.19 26.438
23 2020 5 1 0 39.698 25.456
24 2020 5 1 0 39.742 25.419
25 2020 5 1 0 39.853 26.029
26 2020 5 1 0 39.434 24.856
27 2020 5 1 0 39.742 25.522
28 2020 5 1 0 40.474 26.068
29 2020 5 1 0 39.945 26.011
30 2020 5 1 0 40.432 26.331
31 2020 5 1 0 40.789 25.991
32 2020 5 1 0 40.73 26.68
33 2020 5 1 0 38.966 28.034
34 2020 5 1 0 39.33 27.85
35 2020 5 1 0 38.623 28.157
36 2020 5 1 0 38.452 27.959
37 2020 5 1 0 39.977 27.586
38 2020 5 1 0 38.964 28.345
39 2020 5 1 0 38.72 28.574
40 2020 5 1 0 39.035 27.717
41 2020 5 1 0 38.513 28.43
42 2020 5 1 0 40.726 27.747
43 2020 5 1 0 40.844 28.55
44 2020 5 1 0 40.679 28.373
45 2020 5 1 0 41.466 27.976
46 2020 5 1 0 40.611 28.049
47 2020 5 1 0 41.083 28.506
48 2020 5 1 0 41.342 28.407
49 2020 5 1 0 41.09 27.861
51 2020 5 1 0 41.665 27.101
52 2020 5 1 0 41.712 27.374
53 2020 5 1 0 41.559 26.881
54 2020 5 1 0 41.709 27.01
55 2020 5 1 0 35.153 25.856
56 2020 5 1 0 36.38 25.853
57 2020 5 1 0 34.56 25.908
58 2020 5 1 0 36.579 25.812
59 2020 5 1 0 35.368 25.879
60 2020 5 1 0 34.508 25.883
61 2020 5 1 0 33.288 20.379
62 2020 5 1 0 35.348 25.407
63 2020 5 1 0 34.804 25.607
64 2020 5 1 0 33.684 20.256
65 2020 5 1 0 34.462 19.683
66 2020 5 1 0 32.942 20.678
67 2020 5 1 0 33.525 20.37
68 2020 5 1 0 34.471 19.63
69 2020 5 1 0 33.508 20.386
70 2020 5 1 0 34.34 19.494
71 2020 5 1 0 32.044 20.16
72 2020 5 1 0.66856 35.691 25.891
73 2020 5 1 0.33544 37.214 25.755
74 2020 5 1 0.29121 35.595 25.893
75 2020 5 1 0.47339 35.946 25.876
76 2020 5 1 0 35.395 25.911
77 2020 5 1 0 32.019 20.175
78 2020 5 1 0 31.944 20.159
79 2020 5 1 0 35.402 25.909
80 2020 5 1 0 38.031 25.478
81 2020 5 1 0 41.48 27.318
82 2020 5 1 0 41.334 28.176
83 2020 5 1 0 41.646 27.785
84 2020 5 1 0 41.552 27.706
85 2020 5 1 0 41.406 27.662
86 2020 5 1 0 41.392 27.463
87 2020 5 1 0 41.497 27.437
88 2020 5 1 0 41.304 27.577
89 2020 5 1 0 41.285 27.965
90 2020 5 1 0 41.339 27.495
91 2020 5 1 0 41.408 26.595
92 2020 5 1 0 41.075 26.037
93 2020 5 1 0 41.306 26.457
94 2020 5 1 0 41.195 26.513
95 2020 5 1 0 41.005 26.129
96 2020 5 1 0 40.638 25.927
97 2020 5 1 0 41.01 26.086
98 2020 5 1 0 41.129 26.348
99 2020 5 1 0 41.523 26.779
100 2020 5 1 0 41.337 26.509
102 2020 5 1 0 38.912 28.701
103 2020 5 1 0 39.716 28.601
104 2020 5 1 0 39.474 28.569
105 2020 5 1 0 38.862 28.768
106 2020 5 1 0 40.021 28.55
107 2020 5 1 0 35.787 20.717
109 2020 5 1 0 35.057 20.918
110 2020 5 1 0 35.421 20.599
111 2020 5 1 0 38.408 28.161
112 2020 5 1 0 34.752 20.876
113 2020 5 1 0 40.771 28.534
114 2020 5 1 0 41.114 28.485
115 2020 5 1 0 40.557 28.517
116 2020 5 1 0 40.452 28.533
117 2020 5 1 0 40.87 28.488
118 2020 5 1 0 41.248 28.542
119 2020 5 1 0 41.347 28.498
120 2020 5 1 0 40.283 25.363
121 2020 5 1 0 40.666 25.687
122 2020 5 1 0 40.062 25.18
123 2020 5 1 0 39.741 25.444
124 2020 5 1 0 39.981 25.425
125 2020 5 1 0 40.399 25.604
126 2020 5 1 0 39.281 25.457
127 2020 5 1 0 39.677 24.852
128 2020 5 1 0 40.492 25.544
129 2020 5 1 0 32.38 20.597
130 2020 5 1 0 32.47 20.759
131 2020 5 1 0 32.255 20.626
132 2020 5 1 0 38.407 25.175
133 2020 5 1 0 32.786 20.44
134 2020 5 1 0.11283 36.729 25.181
135 2020 5 1 0 35.375 25.728
136 2020 5 1 0 38.776 24.859
137 2020 5 1 0 35.474 25.517
138 2020 5 1 0 37.469 25.008
139 2020 5 1 0 36.746 25.548
140 2020 5 1 0 36.976 25.712
141 2020 5 1 0 32.249 20.493
142 2020 5 1 0 40.152 25.058
143 2020 5 1 0 41.586 26.921
144 2020 5 1 0 40.956 26.338
145 2020 5 1 0 40.19 25.88
146 2020 5 1 0 39.96 26.214
147 2020 5 1 0 41.844 27.167
148 2020 5 1 0 41.86 27.353
149 2020 5 1 0 40.51 25.948
150 2020 5 1 0 40.365 25.891
151 2020 5 1 0 38.331 27.969
152 2020 5 1 0 37.944 28.359
153 2020 5 1 0 38.299 27.904
154 2020 5 1 0 38.39 28.237
155 2020 5 1 0 37.831 28.345
156 2020 5 1 0 38.007 28.462
157 2020 5 1 0 38.342 28.367
158 2020 5 1 0 38.311 27.877
159 2020 5 1 0 38.363 28.239
160 2020 5 1 0 38.136 28.685
161 2020 5 1 0 39.97 25.429
162 2020 5 1 0 39.92 25.895
164 2020 5 1 0 39.666 25.347
165 2020 5 1 0 39.821 25.611
166 2020 5 1 0 39.989 26.154
167 2020 5 1 0 39.519 25.421
168 2020 5 1 0 39.876 25.412
169 2020 5 1 0 39.57 25.367
170 2020 5 1 0 39.82 25.618
171 2020 5 1 0 34.54 21.016
172 2020 5 1 0 36.745 28.554
173 2020 5 1 0 34.508 21.319
174 2020 5 1 0 40.317 28.04
175 2020 5 1 0 40.086 28.393
176 2020 5 1 0 41.072 28.251
177 2020 5 1 0 39.505 28.097
178 2020 5 1 0 39.959 27.832
179 2020 5 1 0 40.815 28.113
180 2020 5 1 0 39.724 28.371
181 2020 5 1 0 40.422 28.375
182 2020 5 1 0 34.867 20.58
183 2020 5 1 0 34.438 21.155
184 2020 5 1 0.33076 34.139 21.277
185 2020 5 1 0 34.496 20.579
186 2020 5 1 0 34.499 20.366
187 2020 5 1 0 34.458 20.561
188 2020 5 1 0 39.365 28.949
189 2020 5 1 0 37.4 28.629
190 2020 5 1 0 37.865 28.676
191 2020 5 1 0 37.514 28.426
192 2020 5 1 0 37.277 28.508
195 2020 5 1 0 31.7 20.395
196 2020 5 1 0 31.762 20.362
197 2020 5 1 0 31.63 20.275
198 2020 5 1 0 31.825 20.295
199 2020 5 1 0 38.614 25.459
200 2020 5 1 0 37.712 25.632
201 2020 5 1 0 37.843 25.624
202 2020 5 1 0 37.927 25.604
203 2020 5 1 0 39.176 25.358
204 2020 5 1 0 41.726 27.782
205 2020 5 1 0 41.13 26.683
206 2020 5 1 0 41.836 27.592
207 2020 5 1 0 41.811 27.884
208 2020 5 1 0 41.726 27.531
209 2020 5 1 0 41.817 27.473
210 2020 5 1 0 40.432 28.466
211 2020 5 1 0 40.336 28.534
212 2020 5 1 0 40.428 28.528
213 2020 5 1 0 40.114 28.463
214 2020 5 1 0 40.041 28.547
215 2020 5 1 0 40.212 28.541
216 2020 5 1 0.11343 36.785 25.212
217 2020 5 1 0 38.771 24.957
218 2020 5 1 0.24587 35.853 25.213
219 2020 5 1 0.12186 35.796 25.391
220 2020 5 1 0 35.67 19.096
221 2020 5 1 0 35.976 25.471
222 2020 5 1 0.14506 36.349 25.14
223 2020 5 1 0 38.362 25.25
224 2020 5 1 0.14034 37.069 25.364
225 2020 5 1 0 36.748 25.532
226 2020 5 1 0 36.618 25.434
227 2020 5 1 0 35.373 25.522
228 2020 5 1 0 35.093 19.19
229 2020 5 1 0 35.142 19.161
230 2020 5 1 0 35.003 19.256
231 2020 5 1 0 35.167 19.193
232 2020 5 1 0 34.925 19.331
233 2020 5 1 0 41.556 28.19
234 2020 5 1 0 41.715 27.854
235 2020 5 1 0 41.759 27.907
236 2020 5 1 0 41.565 28.299
237 2020 5 1 0 41.548 28.126
238 2020 5 1 0 41.687 28.097
239 2020 5 1 0 39.588 26.439
240 2020 5 1 0 37.845 25.516
241 2020 5 1 0 39.097 26.38
242 2020 5 1 0 37.366 25.568
243 2020 5 1 0 37.364 25.732
244 2020 5 1 0 38.535 25.688
245 2020 5 1 0 39.252 25.812
246 2020 5 1 0 38.455 26.036
247 2020 5 1 0 39.504 25.628
248 2020 5 1 0 39.919 25.959
249 2020 5 1 0 40.321 25.509
250 2020 5 1 0 39.993 26.115
251 2020 5 1 0 40.134 25.262
252 2020 5 1 0 40.088 25.827
0 2020 5 1 0 37.853 25.712
