1 2020 3 4 0 31.774 19.002
2 2020 3 4 0.43318 31.834 18.659
3 2020 3 4 0 31.79 19.056
4 2020 3 4 0 31.756 18.671
5 2020 3 4 0 31.481 17.931
6 2020 3 4 0 31.597 18.062
7 2020 3 4 0.10201 32.089 18.937
8 2020 3 4 0 31.72 18.55
9 2020 3 4 0.11828 31.791 18.715
10 2020 3 4 0 31.683 18.435
11 2020 3 4 0 31.565 19.14
12 2020 3 4 0 31.418 18.978
13 2020 3 4 0 31.57 18.998
14 2020 3 4 0 31.995 19.007
15 2020 3 4 0 31.842 19.158
16 2020 3 4 0 32.022 19.198
17 2020 3 4 0 32.295 19.188
18 2020 3 4 0 31.63 19.102
19 2020 3 4 0 29.76 16.076
20 2020 3 4 0 30.839 18.01
21 2020 3 4 0 29.867 16.158
22 2020 3 4 0 29.611 16.246
23 2020 3 4 0 29.526 16.425
24 2020 3 4 0 30.266 17.374
25 2020 3 4 0 29.523 16.545
26 2020 3 4 0 30.023 16.996
27 2020 3 4 0 29.912 17.07
28 2020 3 4 0 29.823 16.299
29 2020 3 4 0 31.256 18.436
30 2020 3 4 0 30.746 17.94
31 2020 3 4 0 30.029 16.41
32 2020 3 4 0 31.488 18.747
33 2020 3 4 0 31.02 18.753
34 2020 3 4 0 31.156 18.608
35 2020 3 4 0 30.929 18.919
36 2020 3 4 0 30.85 18.889
37 2020 3 4 0 31.473 18.702
38 2020 3 4 0 30.892 18.754
39 2020 3 4 0 30.692 18.739
40 2020 3 4 0 31.065 18.713
41 2020 3 4 0 30.755 18.865
42 2020 3 4 0 32.263 18.357
43 2020 3 4 0 32.141 18.759
44 2020 3 4 0 32.1 18.595
45 2020 3 4 0 32.282 18.885
46 2020 3 4 0 32.132 18.431
47 2020 3 4 0 32.391 18.805
48 2020 3 4 0 32.449 18.917
49 2020 3 4 0 32.405 18.564
51 2020 3 4 0 31.768 19.023
52 2020 3 4 0 31.662 19.126
53 2020 3 4 0 31.818 18.937
54 2020 3 4 0 31.821 18.963
55 2020 3 4 0 29.044 20.079
56 2020 3 4 0 29.53 19.57
57 2020 3 4 0 28.741 20.274
58 2020 3 4 0 29.708 19.6
59 2020 3 4 0 29.053 19.723
60 2020 3 4 0 28.783 20.332
61 2020 3 4 0 29.769 19.725
62 2020 3 4 0 30.324 18.959
63 2020 3 4 0 29.968 19.531
64 2020 3 4 0 29.679 19.769
65 2020 3 4 0 29.903 19.338
66 2020 3 4 0 29.276 20.175
67 2020 3 4 0 29.615 19.865
68 2020 3 4 0 30.023 19.244
69 2020 3 4 0 29.728 19.822
70 2020 3 4 0 30.243 18.983
71 2020 3 4 0 29.34 20.462
72 2020 3 4 0 29.458 20.317
73 2020 3 4 0.12147 30.069 19.525
74 2020 3 4 0 29.438 20.345
75 2020 3 4 0 29.565 20.185
76 2020 3 4 0 29.354 20.444
77 2020 3 4 0 29.329 20.475
78 2020 3 4 0 29.305 20.46
79 2020 3 4 0 29.358 20.442
80 2020 3 4 0 30.735 18.634
81 2020 3 4 0 31.99 19.125
82 2020 3 4 0 31.898 19.168
83 2020 3 4 0 31.67 19.235
84 2020 3 4 0 31.588 19.217
85 2020 3 4 0 31.544 19.201
86 2020 3 4 0 32.093 19.182
87 2020 3 4 0 31.7 19.152
88 2020 3 4 0 31.641 19.182
89 2020 3 4 0 31.718 19.146
90 2020 3 4 0 31.893 19.173
91 2020 3 4 0 31.634 18.649
92 2020 3 4 0 31.593 18.524
93 2020 3 4 0 31.792 18.801
94 2020 3 4 0 31.785 18.786
95 2020 3 4 0 30.432 16.979
96 2020 3 4 0 30.076 16.56
97 2020 3 4 0 30.684 17.348
98 2020 3 4 0 30.794 17.528
99 2020 3 4 0 31.459 18.446
100 2020 3 4 0 31.165 17.997
102 2020 3 4 0 30.778 18.742
103 2020 3 4 0 31.043 18.683
104 2020 3 4 0 30.916 18.671
105 2020 3 4 0 30.922 18.872
106 2020 3 4 0 31.111 18.642
107 2020 3 4 0 30.634 19.059
109 2020 3 4 0 29.996 19.212
110 2020 3 4 0 30.273 19.069
111 2020 3 4 0 30.192 19.156
112 2020 3 4 0 29.71 19.234
113 2020 3 4 0 32.04 18.754
114 2020 3 4 0 32.126 19.001
115 2020 3 4 0 31.838 18.677
116 2020 3 4 0 31.72 18.647
117 2020 3 4 0 32.013 18.853
118 2020 3 4 0 32.364 18.977
119 2020 3 4 0 32.257 19.138
120 2020 3 4 0 30.443 17.236
121 2020 3 4 0 31.016 17.883
122 2020 3 4 0 30.707 17.629
123 2020 3 4 0 30.978 18.104
124 2020 3 4 0 31.114 18.188
125 2020 3 4 0 31.454 18.455
126 2020 3 4 0 31.213 18.173
127 2020 3 4 0 29.788 16.549
128 2020 3 4 0 30.109 16.678
129 2020 3 4 0 28.996 20.493
130 2020 3 4 0 28.939 20.414
131 2020 3 4 0 28.899 20.502
132 2020 3 4 0 31.338 18.196
133 2020 3 4 0 29.429 19.807
134 2020 3 4 0 30.697 18.47
135 2020 3 4 0 29.094 19.659
136 2020 3 4 0 31.891 17.663
137 2020 3 4 0 30.004 19.129
138 2020 3 4 0 31.145 18.199
139 2020 3 4 0 30.08 18.962
140 2020 3 4 0 29.967 19.177
141 2020 3 4 0 29.039 20.045
142 2020 3 4 0 32.109 17.476
143 2020 3 4 0 31.48 18.514
144 2020 3 4 0 30.744 17.564
145 2020 3 4 0 29.943 16.425
146 2020 3 4 0 29.723 15.715
147 2020 3 4 0 31.833 19.033
148 2020 3 4 0 31.786 19.091
149 2020 3 4 0 30.244 16.929
150 2020 3 4 0 30.141 16.807
151 2020 3 4 0 30.797 18.9
152 2020 3 4 0 30.529 19.102
153 2020 3 4 0 30.768 18.867
154 2020 3 4 0 30.854 19.026
155 2020 3 4 0 30.303 19.196
156 2020 3 4 0 30.5 19.008
157 2020 3 4 0 30.753 18.97
158 2020 3 4 0 30.771 18.86
159 2020 3 4 0 30.845 19.035
160 2020 3 4 0 30.452 18.844
161 2020 3 4 0 31.721 18.197
162 2020 3 4 0 31.594 18.105
164 2020 3 4 0 31.681 18.116
165 2020 3 4 0 31.673 18.204
166 2020 3 4 0 31.589 18.302
167 2020 3 4 0 31.568 18.211
168 2020 3 4 0 31.773 18.032
169 2020 3 4 0 31.646 18.134
170 2020 3 4 0 31.678 18.182
171 2020 3 4 0 29.492 18.731
172 2020 3 4 0 29.563 19.12
173 2020 3 4 0 29.554 19.232
174 2020 3 4 0 31.428 18.81
175 2020 3 4 0 31.279 18.661
176 2020 3 4 0 31.893 19.015
177 2020 3 4 0 31.109 18.631
178 2020 3 4 0 31.302 18.762
179 2020 3 4 0 31.735 18.91
180 2020 3 4 0 31.073 18.635
181 2020 3 4 0 31.592 18.718
182 2020 3 4 0 29.753 19.133
183 2020 3 4 0 29.519 19.326
184 2020 3 4 0 29.429 19.18
185 2020 3 4 0 29.41 19.156
186 2020 3 4 0 29.369 19.054
187 2020 3 4 0 29.367 19.102
188 2020 3 4 0.1131 31.215 18.997
189 2020 3 4 0 30.027 19.168
190 2020 3 4 0.53245 30.374 19.131
191 2020 3 4 0 30.207 19.219
192 2020 3 4 0 29.873 19.315
195 2020 3 4 0 28.693 20.486
196 2020 3 4 0 28.751 20.602
197 2020 3 4 0 28.859 20.52
198 2020 3 4 0.1412 28.959 20.567
199 2020 3 4 0 30.947 18.508
200 2020 3 4 0 30.324 19.035
201 2020 3 4 0 30.409 18.988
202 2020 3 4 0 30.532 18.88
203 2020 3 4 0 31.43 18.235
204 2020 3 4 0 31.831 19.185
205 2020 3 4 0 30.985 17.9
206 2020 3 4 0 31.848 19.113
207 2020 3 4 0 31.957 19.119
208 2020 3 4 0 31.708 18.811
209 2020 3 4 0 31.774 18.906
210 2020 3 4 0 31.774 18.573
211 2020 3 4 0 31.542 18.64
212 2020 3 4 0 31.69 18.638
213 2020 3 4 0 31.278 18.541
214 2020 3 4 0 31.158 18.639
215 2020 3 4 0 31.347 18.643
216 2020 3 4 0 31.148 18.275
217 2020 3 4 0 31.856 17.668
218 2020 3 4 0 30.541 18.493
219 2020 3 4 0 30.559 18.644
220 2020 3 4 0 30.516 18.65
221 2020 3 4 0 30.621 18.745
222 2020 3 4 0 30.902 18.291
223 2020 3 4 0 31.711 18.053
224 2020 3 4 0 31.382 18.571
225 2020 3 4 0 30.757 18.584
226 2020 3 4 0 31.033 18.682
227 2020 3 4 0 30.234 18.92
228 2020 3 4 0 30.073 19.002
229 2020 3 4 0 29.956 19.016
230 2020 3 4 0 29.981 19.054
231 2020 3 4 0 30.253 18.914
232 2020 3 4 0 29.922 19.123
233 2020 3 4 0 31.99 19.267
234 2020 3 4 0 32.08 19.062
235 2020 3 4 0 32.03 19.102
236 2020 3 4 0 32.189 19.199
237 2020 3 4 0 32.247 19.034
238 2020 3 4 0 32.039 19.193
239 2020 3 4 0 31.195 17.276
240 2020 3 4 0 31.436 18.23
241 2020 3 4 0 31.114 17.609
242 2020 3 4 0 31.126 18.328
243 2020 3 4 0 30.776 18.015
244 2020 3 4 0 31.307 17.696
245 2020 3 4 0 31.356 17.275
246 2020 3 4 0 30.918 17.538
247 2020 3 4 0 31.6 17.302
248 2020 3 4 0 31.418 16.9
249 2020 3 4 0 31.854 17.375
250 2020 3 4 0 31.414 17.243
251 2020 3 4 0 32.02 17.29
252 2020 3 4 0 31.645 17.651
0 2020 3 4 0 30.322 19.324
