1 2020 3 20 0 33.83 20.595
2 2020 3 20 0 33.09 19.283
3 2020 3 20 0 33.964 20.601
4 2020 3 20 0 33.102 19.763
5 2020 3 20 0 32.622 18.306
6 2020 3 20 0 32.874 18.361
7 2020 3 20 0 33.561 19.608
8 2020 3 20 0 32.876 19.462
9 2020 3 20 0 33.159 19.707
10 2020 3 20 0 32.609 19.026
11 2020 3 20 0 34.526 20.677
12 2020 3 20 0 34.247 20.143
13 2020 3 20 0 34.099 19.909
14 2020 3 20 0 33.721 19.431
15 2020 3 20 0 34.266 20.238
16 2020 3 20 0 34.214 20.191
17 2020 3 20 0 33.96 19.795
18 2020 3 20 0 34.586 20.878
19 2020 3 20 0 32.312 19.351
20 2020 3 20 0 31.945 19.004
21 2020 3 20 0 32.407 19.394
22 2020 3 20 0 31.919 19.369
23 2020 3 20 0 31.384 19.082
24 2020 3 20 0 31.637 19.064
25 2020 3 20 0 31.594 19.4
26 2020 3 20 0 31.367 18.74
27 2020 3 20 0 31.465 19.232
28 2020 3 20 0 32.23 19.217
29 2020 3 20 0 32.237 19.023
30 2020 3 20 0 32.45 19.864
31 2020 3 20 0 32.592 19.269
32 2020 3 20 0 32.947 19.912
33 2020 3 20 0 32.731 18.851
34 2020 3 20 0 33.204 18.633
35 2020 3 20 0 32.192 18.935
36 2020 3 20 0 31.946 18.577
37 2020 3 20 0 33.252 18.706
38 2020 3 20 0 32.575 19.613
39 2020 3 20 0 32.156 20.036
40 2020 3 20 0 32.486 18.4
41 2020 3 20 0 31.975 19.507
42 2020 3 20 0 34.572 20.632
43 2020 3 20 0 34.59 21.043
44 2020 3 20 0 34.516 20.83
45 2020 3 20 0 34.793 21.689
46 2020 3 20 0 34.5 20.677
47 2020 3 20 0 34.706 21.309
48 2020 3 20 0 34.795 21.622
49 2020 3 20 0 34.72 21.07
51 2020 3 20 0 34.058 20.856
52 2020 3 20 0 34.505 21.224
53 2020 3 20 0 33.701 20.515
54 2020 3 20 0 34.091 20.995
55 2020 3 20 0 29.268 19.83
56 2020 3 20 0 30.063 19.852
57 2020 3 20 0 29.44 19.552
58 2020 3 20 0 30.17 19.616
59 2020 3 20 0 29.703 19.598
60 2020 3 20 0 29.121 19.63
61 2020 3 20 0 30.892 19.505
62 2020 3 20 0 31.281 18.716
63 2020 3 20 0 31.093 19.292
64 2020 3 20 0 30.967 19.496
65 2020 3 20 0 31.279 19.02
66 2020 3 20 0 30.499 19.874
67 2020 3 20 0 30.891 19.602
68 2020 3 20 0 31.243 18.834
69 2020 3 20 0 30.961 19.572
70 2020 3 20 0 31.227 18.551
71 2020 3 20 0 29.689 19.912
72 2020 3 20 0 29.819 19.781
73 2020 3 20 0 30.543 19.064
74 2020 3 20 0 29.792 19.795
75 2020 3 20 0 29.951 19.656
76 2020 3 20 0 29.7 19.891
77 2020 3 20 0 29.678 19.928
78 2020 3 20 0 29.625 19.922
79 2020 3 20 0 29.702 19.887
80 2020 3 20 0 31.239 18.437
81 2020 3 20 0 34.004 20.303
82 2020 3 20 0 34.769 21.455
83 2020 3 20 0 34.759 21.441
84 2020 3 20 0 34.61 21.138
85 2020 3 20 0 34.577 20.945
86 2020 3 20 0 34.096 20.154
87 2020 3 20 0 34.28 20.705
88 2020 3 20 0 34.446 20.684
89 2020 3 20 0 34.668 21.15
90 2020 3 20 0 34.231 20.374
91 2020 3 20 0 33.427 20.228
92 2020 3 20 0 33.089 19.874
93 2020 3 20 0 33.371 20.126
94 2020 3 20 0 33.321 20.037
95 2020 3 20 0 32.966 19.678
96 2020 3 20 0 32.697 19.588
97 2020 3 20 0 32.861 19.572
98 2020 3 20 0 33.313 20.178
99 2020 3 20 0 33.91 20.837
100 2020 3 20 0 33.315 20.055
102 2020 3 20 0 32.406 20.551
103 2020 3 20 0 33.223 20.912
104 2020 3 20 0 32.942 20.607
105 2020 3 20 0 32.586 20.802
106 2020 3 20 0 33.493 20.97
107 2020 3 20 0 31.645 19.077
109 2020 3 20 0 31.049 19.507
110 2020 3 20 0 31.227 19.104
111 2020 3 20 0 31.284 19.32
112 2020 3 20 0 30.716 19.58
113 2020 3 20 0 34.554 20.956
114 2020 3 20 0 34.75 21.451
115 2020 3 20 0 34.35 20.749
116 2020 3 20 0 34.203 20.781
117 2020 3 20 0 34.607 21.088
118 2020 3 20 0 34.799 21.598
119 2020 3 20 0 34.89 21.814
120 2020 3 20 0 32.177 19.24
121 2020 3 20 0 32.621 19.556
122 2020 3 20 0 32.05 19.128
123 2020 3 20 0 31.941 18.715
124 2020 3 20 0 32.164 18.851
125 2020 3 20 0 32.578 19.156
126 2020 3 20 0 31.934 18.391
127 2020 3 20 0 31.517 18.825
128 2020 3 20 0 32.286 19.131
129 2020 3 20 0 29.876 19.655
130 2020 3 20 0 30.059 19.944
131 2020 3 20 0 29.794 19.709
132 2020 3 20 0 32.375 18.715
133 2020 3 20 0 30.463 19.553
134 2020 3 20 0 31.795 18.518
135 2020 3 20 0 29.947 19.443
136 2020 3 20 0 33.102 17.869
137 2020 3 20 0 31.005 18.995
138 2020 3 20 0 32.353 18.434
139 2020 3 20 0 30.969 19.204
140 2020 3 20 0 30.668 19.6
141 2020 3 20 0 29.956 19.611
142 2020 3 20 0 33.127 17.561
143 2020 3 20 0 34.42 21.553
144 2020 3 20 0 33.515 20.676
145 2020 3 20 0 32.522 19.715
146 2020 3 20 0 32.17 19.09
147 2020 3 20 0 34.649 21.627
148 2020 3 20 0 34.871 21.822
149 2020 3 20 0 32.918 20.131
150 2020 3 20 0 32.794 20.073
151 2020 3 20 0 31.819 18.563
152 2020 3 20 0 31.627 19.379
153 2020 3 20 0 31.793 18.459
154 2020 3 20 0 31.881 19.018
155 2020 3 20 0 31.424 19.463
156 2020 3 20 0 31.606 19.569
157 2020 3 20 0 31.806 19.292
158 2020 3 20 0 31.799 18.42
159 2020 3 20 0 31.87 19.022
160 2020 3 20 0 31.658 20.1
161 2020 3 20 0 32.66 18.753
162 2020 3 20 0 32.458 18.402
164 2020 3 20 0 32.548 18.784
165 2020 3 20 0 32.433 18.619
166 2020 3 20 0 32.558 18.649
167 2020 3 20 0 32.325 18.766
168 2020 3 20 0 32.509 18.346
169 2020 3 20 0 32.448 18.769
170 2020 3 20 0 32.465 18.624
171 2020 3 20 0 30.913 19.721
172 2020 3 20 0 30.926 19.969
173 2020 3 20 0 30.899 20.01
174 2020 3 20 0 34.068 20.197
175 2020 3 20 0 33.734 20.549
176 2020 3 20 0 34.659 21.17
177 2020 3 20 0 33.409 19.405
178 2020 3 20 0 33.806 19.427
179 2020 3 20 0 34.492 20.72
180 2020 3 20 0 33.375 20.261
181 2020 3 20 0 34.136 20.647
182 2020 3 20 0 30.646 19.296
183 2020 3 20 0 30.658 19.886
184 2020 3 20 0 30.64 19.948
185 2020 3 20 0 30.29 19.414
186 2020 3 20 0 30.394 19.155
187 2020 3 20 0 30.318 19.356
188 2020 3 20 0 33.171 21.213
189 2020 3 20 0 31.336 20.214
190 2020 3 20 0 31.884 20.55
191 2020 3 20 0 31.374 19.62
192 2020 3 20 0 31.114 19.922
195 2020 3 20 0 29.319 19.522
196 2020 3 20 0 29.302 19.586
197 2020 3 20 0 29.293 19.695
198 2020 3 20 0 29.427 19.746
199 2020 3 20 0 31.694 19.085
200 2020 3 20 0 30.899 19.115
201 2020 3 20 0 31.049 19.267
202 2020 3 20 0 31.23 19.385
203 2020 3 20 0 32.276 18.939
204 2020 3 20 0 34.862 21.785
205 2020 3 20 0 33.815 21.083
206 2020 3 20 0 34.9 21.947
207 2020 3 20 0 34.88 22.104
208 2020 3 20 0 34.606 21.918
209 2020 3 20 0 34.758 21.994
210 2020 3 20 0 34.254 20.715
211 2020 3 20 0 34.003 20.845
212 2020 3 20 0 34.169 20.798
213 2020 3 20 0 33.693 20.838
214 2020 3 20 0 33.54 20.991
215 2020 3 20 0 33.786 20.909
216 2020 3 20 0 32.018 17.965
217 2020 3 20 0 32.977 17.608
218 2020 3 20 0 31.295 18.1
219 2020 3 20 0 31.325 18.022
220 2020 3 20 0 31.452 17.819
221 2020 3 20 0 31.478 17.919
222 2020 3 20 0 31.836 18.116
223 2020 3 20 0 32.693 17.764
224 2020 3 20 0 32.281 18.141
225 2020 3 20 0 31.77 17.798
226 2020 3 20 0 31.949 18.04
227 2020 3 20 0 31.07 18.066
228 2020 3 20 0 31.129 18.247
229 2020 3 20 0 31.319 18.5
230 2020 3 20 0 31.309 18.557
231 2020 3 20 0 31.044 17.964
232 2020 3 20 0 31.38 18.752
233 2020 3 20 0 34.896 21.828
234 2020 3 20 0 34.846 22.024
235 2020 3 20 0 34.867 22.093
236 2020 3 20 0 34.939 22.048
237 2020 3 20 0 34.842 21.881
238 2020 3 20 0 34.917 22.065
239 2020 3 20 0 32.351 17.469
240 2020 3 20 0 32.397 17.924
241 2020 3 20 0 32.179 17.475
242 2020 3 20 0 32.109 17.894
243 2020 3 20 0 31.802 17.691
244 2020 3 20 0 32.308 17.585
245 2020 3 20 0 32.409 17.367
246 2020 3 20 0 31.952 17.452
247 2020 3 20 0 32.664 17.352
248 2020 3 20 0 32.553 17.242
249 2020 3 20 0 32.83 17.532
250 2020 3 20 0 32.532 17.641
251 2020 3 20 0 33.072 17.218
252 2020 3 20 0 32.619 17.92
0 2020 3 20 0.12167 30.88 19.087
