1 2020 5 26 0 42.1 26.994
2 2020 5 26 0 40.771 26.748
3 2020 5 26 0 42.277 27.025
4 2020 5 26 0 40.783 26.713
5 2020 5 26 0 40.393 26.41
6 2020 5 26 0 41.139 26.357
7 2020 5 26 0 41.579 26.849
8 2020 5 26 0 40.342 26.612
9 2020 5 26 0 40.893 26.794
10 2020 5 26 0 39.852 26.62
11 2020 5 26 0 43.014 27.312
12 2020 5 26 0 42.748 27.216
13 2020 5 26 0 42.562 27.077
14 2020 5 26 0 42.087 26.831
15 2020 5 26 0 42.653 27.125
16 2020 5 26 0 42.537 27.088
17 2020 5 26 0 42.181 26.947
18 2020 5 26 0 43.046 27.454
19 2020 5 26 0 41.711 26.192
20 2020 5 26 0 39.731 26.573
21 2020 5 26 0 41.468 25.98
22 2020 5 26 0 41.383 26.192
23 2020 5 26 0 40.366 25.741
24 2020 5 26 0 39.87 26.15
25 2020 5 26 0 40.999 26.113
26 2020 5 26 0 39.344 25.789
27 2020 5 26 0 40.238 26.022
28 2020 5 26 0 41.258 25.745
29 2020 5 26 0 39.732 26.984
30 2020 5 26 0 40.985 26.625
31 2020 5 26 0 41.43 25.524
32 2020 5 26 0 40.934 27.134
33 2020 5 26 0 41.593 26.873
34 2020 5 26 0 41.827 26.79
35 2020 5 26 0 41.242 26.845
36 2020 5 26 0 41.286 26.694
37 2020 5 26 0 41.875 26.638
38 2020 5 26 0 41.809 27.273
39 2020 5 26 0 41.822 27.466
40 2020 5 26 0 41.59 26.601
41 2020 5 26 0 41.386 27.135
42 2020 5 26 0 42.314 27.901
43 2020 5 26 0 42.744 28.117
44 2020 5 26 0 42.619 28.027
45 2020 5 26 0 42.686 27.714
46 2020 5 26 0 42.419 27.897
47 2020 5 26 0 42.558 28.108
48 2020 5 26 0 42.571 27.997
49 2020 5 26 0 42.411 27.914
51 2020 5 26 0 42.32 27.03
52 2020 5 26 0 42.889 27.135
53 2020 5 26 0 41.854 26.948
54 2020 5 26 0 42.253 26.999
55 2020 5 26 0 35.262 27.333
56 2020 5 26 0 36.39 27.226
57 2020 5 26 0 34.947 27.429
58 2020 5 26 0 36.427 27.305
59 2020 5 26 0 35.683 27.333
60 2020 5 26 0 34.789 27.419
61 2020 5 26 0 33.288 20.379
62 2020 5 26 0 35.24 26.894
63 2020 5 26 0 34.831 27.18
64 2020 5 26 0 33.684 20.256
65 2020 5 26 0 34.462 19.683
66 2020 5 26 0 32.942 20.678
67 2020 5 26 0 33.525 20.37
68 2020 5 26 0 34.471 19.63
69 2020 5 26 0 33.508 20.386
70 2020 5 26 0 34.34 19.494
71 2020 5 26 0 32.044 20.16
72 2020 5 26 0 35.377 27.523
73 2020 5 26 0 36.761 27.479
74 2020 5 26 0 35.283 27.524
75 2020 5 26 0 35.609 27.524
76 2020 5 26 0 35.097 27.531
77 2020 5 26 0 32.019 20.175
78 2020 5 26 0 31.944 20.159
79 2020 5 26 0 35.107 27.529
80 2020 5 26 0 37.502 27.276
81 2020 5 26 0 42.286 27.017
82 2020 5 26 0 42.935 27.627
83 2020 5 26 0 43.155 27.317
84 2020 5 26 0 43.117 27.277
85 2020 5 26 0 43.124 27.259
86 2020 5 26 0 42.38 27.034
87 2020 5 26 0 42.722 27.127
88 2020 5 26 0 42.928 27.202
89 2020 5 26 0 43.041 27.496
90 2020 5 26 0 42.593 27.106
91 2020 5 26 0 41.572 26.733
92 2020 5 26 0 40.933 26.578
93 2020 5 26 0 41.303 26.802
94 2020 5 26 0 41.211 26.827
95 2020 5 26 0 41.614 25.77
96 2020 5 26 0 41.478 25.666
97 2020 5 26 0 41.318 25.918
98 2020 5 26 0 41.816 26.155
99 2020 5 26 0 42.169 26.707
100 2020 5 26 0 41.705 26.352
102 2020 5 26 0.1038 42.033 27.81
103 2020 5 26 0.14859 42.664 28.088
104 2020 5 26 0 42.498 27.874
105 2020 5 26 0 41.834 28.024
106 2020 5 26 0 42.933 28.133
107 2020 5 26 0 35.787 20.717
109 2020 5 26 0 35.057 20.918
110 2020 5 26 0 35.421 20.599
111 2020 5 26 0 41.041 26.768
112 2020 5 26 0 34.752 20.876
113 2020 5 26 0 42.808 28.091
114 2020 5 26 0 42.768 27.933
115 2020 5 26 0 42.881 28.107
116 2020 5 26 0 42.892 28.136
117 2020 5 26 0 42.829 28.002
118 2020 5 26 0 42.622 28.02
119 2020 5 26 0 42.694 27.881
120 2020 5 26 0 40.321 25.828
121 2020 5 26 0 40.609 26.205
122 2020 5 26 0 39.853 26.065
123 2020 5 26 0 39.408 26.542
124 2020 5 26 0 39.655 26.473
125 2020 5 26 0 40.06 26.56
126 2020 5 26 0 38.821 26.877
127 2020 5 26 0 39.752 25.444
128 2020 5 26 0 40.77 25.498
129 2020 5 26 0 32.38 20.597
130 2020 5 26 0 32.47 20.759
131 2020 5 26 0 32.255 20.626
132 2020 5 26 0 38.275 26.626
133 2020 5 26 0 32.786 20.44
134 2020 5 26 0 36.749 26.726
135 2020 5 26 0 35.685 27.246
136 2020 5 26 0 38.483 26.315
137 2020 5 26 0 35.565 27.05
138 2020 5 26 0 37.449 26.592
139 2020 5 26 0 36.88 27.001
140 2020 5 26 0 37.003 27.068
141 2020 5 26 0 32.249 20.493
142 2020 5 26 0 39.622 26.239
143 2020 5 26 0 42.611 26.832
144 2020 5 26 0 41.986 26.31
145 2020 5 26 0 41.369 25.913
146 2020 5 26 0 41.329 26.044
147 2020 5 26 0 42.761 27.09
148 2020 5 26 0 43.05 27.153
149 2020 5 26 0 41.576 25.976
150 2020 5 26 0 41.498 25.946
151 2020 5 26 0 41.235 26.678
152 2020 5 26 0 40.734 27.063
153 2020 5 26 0 41.297 26.645
154 2020 5 26 0 40.982 26.841
155 2020 5 26 0 40.615 27.07
156 2020 5 26 0 40.948 27.165
157 2020 5 26 0 41.1 26.993
158 2020 5 26 0 41.333 26.639
159 2020 5 26 0 40.943 26.838
160 2020 5 26 0 41.367 27.484
161 2020 5 26 0 39.566 26.541
162 2020 5 26 0 39.683 26.492
164 2020 5 26 0 39.349 26.611
165 2020 5 26 0 39.389 26.561
166 2020 5 26 0 39.874 26.599
167 2020 5 26 0 39.136 26.607
168 2020 5 26 0 39.342 26.468
169 2020 5 26 0 39.225 26.601
170 2020 5 26 0 39.427 26.561
171 2020 5 26 0 34.54 21.016
172 2020 5 26 0 39.958 27.631
173 2020 5 26 0 34.508 21.319
174 2020 5 26 0 42.707 27.496
175 2020 5 26 0 42.798 27.893
176 2020 5 26 0 42.907 27.759
177 2020 5 26 0 42.211 27.234
178 2020 5 26 0 42.341 27.064
179 2020 5 26 0 42.938 27.717
180 2020 5 26 0 42.581 27.728
181 2020 5 26 0 42.866 27.939
182 2020 5 26 0 34.867 20.58
183 2020 5 26 0 34.438 21.155
184 2020 5 26 0 34.139 21.277
185 2020 5 26 0 34.496 20.579
186 2020 5 26 0 34.499 20.366
187 2020 5 26 0 34.458 20.561
188 2020 5 26 0 42.029 28.353
189 2020 5 26 0 40.627 27.607
190 2020 5 26 0 40.938 27.858
191 2020 5 26 0 40.469 27.235
192 2020 5 26 0 40.392 27.381
195 2020 5 26 0 31.7 20.395
196 2020 5 26 0 31.762 20.362
197 2020 5 26 0 31.63 20.275
198 2020 5 26 0 31.825 20.295
199 2020 5 26 0 38.449 26.799
200 2020 5 26 0 37.455 27.17
201 2020 5 26 0 37.657 27.065
202 2020 5 26 0 37.787 26.968
203 2020 5 26 0 38.949 26.682
204 2020 5 26 0 43.047 27.325
205 2020 5 26 0 42.24 26.52
206 2020 5 26 0 43.05 27.221
207 2020 5 26 0 42.969 27.289
208 2020 5 26 0 42.852 27.014
209 2020 5 26 0 42.93 27.068
210 2020 5 26 0 42.793 28.061
211 2020 5 26 0 42.913 28.14
212 2020 5 26 0 42.89 28.139
213 2020 5 26 0 42.859 28.069
214 2020 5 26 0 42.912 28.156
215 2020 5 26 0 42.942 28.142
216 2020 5 26 0 36.383 26.5
217 2020 5 26 0 38.345 26.284
218 2020 5 26 0 35.585 26.58
219 2020 5 26 0 36.074 26.615
220 2020 5 26 0 35.67 19.096
221 2020 5 26 0 36.855 26.594
222 2020 5 26 0 36.123 26.571
223 2020 5 26 0 37.854 26.362
224 2020 5 26 0 36.494 26.537
225 2020 5 26 0 38.051 26.404
226 2020 5 26 0 36.871 26.535
227 2020 5 26 0 36.577 26.691
228 2020 5 26 0 35.093 19.19
229 2020 5 26 0 35.142 19.161
230 2020 5 26 0 35.003 19.256
231 2020 5 26 0 35.167 19.193
232 2020 5 26 0 34.925 19.331
233 2020 5 26 0 42.902 27.571
234 2020 5 26 0 42.877 27.445
235 2020 5 26 0 42.913 27.376
236 2020 5 26 0 42.764 27.667
237 2020 5 26 0 42.741 27.704
238 2020 5 26 0 42.887 27.465
239 2020 5 26 0 41.209 25.9
240 2020 5 26 0 37.988 26.307
241 2020 5 26 0 41.463 25.938
242 2020 5 26 0 38.081 26.316
243 2020 5 26 0 38.979 26.157
244 2020 5 26 0 39.773 25.996
245 2020 5 26 0 40.596 25.856
246 2020 5 26 0 40.801 25.893
247 2020 5 26 0 39.968 25.994
248 2020 5 26 0 40.696 25.856
249 2020 5 26 0 40.12 26.158
250 2020 5 26 0 40.515 26.067
251 2020 5 26 0 39.818 26.099
252 2020 5 26 0 40.05 26.279
0 2020 5 26 0 37.314 27.304
