1 2020 2 11 0 31.381 14.32
2 2020 2 11 0 31.608 14.786
3 2020 2 11 0 31.418 14.482
4 2020 2 11 0 31.56 14.076
5 2020 2 11 0 31.781 14.983
6 2020 2 11 0 31.836 15.644
7 2020 2 11 0 31.772 14.999
8 2020 2 11 0 31.655 13.962
9 2020 2 11 0 31.42 14.437
10 2020 2 11 0 31.404 14.423
11 2020 2 11 0 31.478 15.978
12 2020 2 11 0 31.551 16.399
13 2020 2 11 0 31.648 16.369
14 2020 2 11 0 31.873 16.133
15 2020 2 11 0 31.668 15.877
16 2020 2 11 0 31.727 15.592
17 2020 2 11 0 31.891 15.417
18 2020 2 11 0 31.412 15.661
19 2020 2 11 0 28.45 9.346
20 2020 2 11 0 31.061 11.735
21 2020 2 11 0 28.648 9.6471
22 2020 2 11 0 28.416 9.4746
23 2020 2 11 0 28.796 10.07
24 2020 2 11 0 30.112 11.166
25 2020 2 11 0 28.501 9.7309
26 2020 2 11 0 29.993 11.114
27 2020 2 11 0 29.424 10.692
28 2020 2 11 0 28.85 10.045
29 2020 2 11 0 31.518 12.146
30 2020 2 11 0 30.116 11.392
31 2020 2 11 0 29.108 10.438
32 2020 2 11 0 31.229 12.288
33 2020 2 11 0 31.892 17.728
34 2020 2 11 0 31.798 17.325
35 2020 2 11 0 32.035 18.319
36 2020 2 11 0 31.945 18.3
37 2020 2 11 0 31.852 17.326
38 2020 2 11 0 31.846 17.493
39 2020 2 11 0 31.813 17.475
40 2020 2 11 0 31.845 17.854
41 2020 2 11 0 31.97 18.089
42 2020 2 11 0 31.223 14.697
43 2020 2 11 0 31.483 15.265
44 2020 2 11 0 31.422 15.226
45 2020 2 11 0 31.377 14.283
46 2020 2 11 0 31.317 15.002
47 2020 2 11 0 31.596 14.867
48 2020 2 11 0 31.608 14.56
49 2020 2 11 0 31.294 14.461
51 2020 2 11 0 31.328 14.231
52 2020 2 11 0 31.258 14.324
53 2020 2 11 0 31.381 14.206
54 2020 2 11 0 31.275 14.002
55 2020 2 11 0 30.343 15.506
56 2020 2 11 0 30.255 15.501
57 2020 2 11 0 30.73 16.779
58 2020 2 11 0 30.415 14.993
59 2020 2 11 0 30.388 16.427
60 2020 2 11 0 30.507 15.936
61 2020 2 11 0 32.077 17.244
62 2020 2 11 0 32.417 17.245
63 2020 2 11 0 32.326 17.256
64 2020 2 11 0 32.282 17.547
65 2020 2 11 0 32.655 17.43
66 2020 2 11 0 31.786 17.728
67 2020 2 11 0 32.197 17.586
68 2020 2 11 0 32.664 17.458
69 2020 2 11 0 32.244 17.47
70 2020 2 11 0 32.645 17.508
71 2020 2 11 0 30.683 14.913
72 2020 2 11 0 30.695 14.8
73 2020 2 11 0 30.738 14.156
74 2020 2 11 0 30.715 14.789
75 2020 2 11 0 30.692 14.698
76 2020 2 11 0 30.698 14.883
77 2020 2 11 0 30.671 14.938
78 2020 2 11 0 30.651 14.955
79 2020 2 11 0 30.702 14.874
80 2020 2 11 0 31.066 13.205
81 2020 2 11 0 31.611 14.925
82 2020 2 11 0 31.34 15.117
83 2020 2 11 0 31.265 14.634
84 2020 2 11 0 31.316 14.854
85 2020 2 11 0 31.371 15.235
86 2020 2 11 0 31.728 15.277
87 2020 2 11 0 31.434 14.921
88 2020 2 11 0 31.477 15.493
89 2020 2 11 0 31.361 15.284
90 2020 2 11 0 31.618 15.392
91 2020 2 11 0 31.27 13.765
92 2020 2 11 0 31.513 13.567
93 2020 2 11 0 31.554 14.045
94 2020 2 11 0 31.442 14.209
95 2020 2 11 0 29.578 11.27
96 2020 2 11 0 29.045 10.525
97 2020 2 11 0 30.093 11.937
98 2020 2 11 0 29.967 11.94
99 2020 2 11 0 30.77 13.188
100 2020 2 11 0 30.575 12.807
102 2020 2 11 0 31.81 17.118
103 2020 2 11 0 31.689 16.434
104 2020 2 11 0 31.681 16.676
105 2020 2 11 0 31.969 17.178
106 2020 2 11 0 31.6 16.174
107 2020 2 11 0 32.158 18.869
109 2020 2 11 0 32.134 19.18
110 2020 2 11 0 32.124 19.007
111 2020 2 11 0 32.16 18.959
112 2020 2 11 0 32.097 19.333
113 2020 2 11 0 31.415 15.398
114 2020 2 11 0 31.397 15.162
115 2020 2 11 0 31.413 15.639
116 2020 2 11 0 31.443 15.719
117 2020 2 11 0 31.381 15.389
118 2020 2 11 0 31.559 14.848
119 2020 2 11 0 31.421 14.932
120 2020 2 11 0 30.148 11.808
121 2020 2 11 0 30.836 12.69
122 2020 2 11 0 30.739 12.246
123 2020 2 11 0 31.407 12.279
124 2020 2 11 0 31.497 12.775
125 2020 2 11 0 31.758 13.395
126 2020 2 11 0 31.586 12.392
127 2020 2 11 0 29.455 10.838
128 2020 2 11 0 29.522 11.014
129 2020 2 11 0 31.277 17.162
130 2020 2 11 0 31.392 17.683
131 2020 2 11 0 31.184 17.231
132 2020 2 11 0 31.554 14.884
133 2020 2 11 0 31.567 17.233
134 2020 2 11 0 31.895 16.188
135 2020 2 11 0 30.781 17.004
136 2020 2 11 0 32.576 15.158
137 2020 2 11 0 31.781 16.911
138 2020 2 11 0 31.946 15.574
139 2020 2 11 0 30.914 15.887
140 2020 2 11 0 30.518 15.491
141 2020 2 11 0 31.116 17.158
142 2020 2 11 0 32.737 14.873
143 2020 2 11 0 30.61 12.956
144 2020 2 11 0 29.739 11.711
145 2020 2 11 0 28.723 10.058
146 2020 2 11 0 28.369 8.8242
147 2020 2 11 0 31.169 13.851
148 2020 2 11 0 31.136 13.919
149 2020 2 11 0 29.131 10.854
150 2020 2 11 0 28.974 10.639
151 2020 2 11 0 32.083 18.425
152 2020 2 11 0 32.147 18.784
153 2020 2 11 0 32.065 18.346
154 2020 2 11 0 32.15 18.715
155 2020 2 11 0 32.18 19
156 2020 2 11 0 32.059 18.501
157 2020 2 11 0 32.074 18.494
158 2020 2 11 0 31.959 18.267
159 2020 2 11 0 32.167 18.762
160 2020 2 11 0 31.911 17.88
161 2020 2 11 0 31.69 14.164
162 2020 2 11 0 31.877 15.004
164 2020 2 11 0 31.367 14.241
165 2020 2 11 0 31.419 14.536
166 2020 2 11 0 31.642 14.872
167 2020 2 11 0 31.438 14.66
168 2020 2 11 0 31.983 14.897
169 2020 2 11 0 31.403 14.487
170 2020 2 11 0 31.642 14.73
171 2020 2 11 0 32.044 18.808
172 2020 2 11 0 32.139 19.024
173 2020 2 11 0 32.163 19.13
174 2020 2 11 0 31.549 16.28
175 2020 2 11 0 31.572 16.188
176 2020 2 11 0 31.372 15.382
177 2020 2 11 0 31.704 16.852
178 2020 2 11 0 31.656 16.708
179 2020 2 11 0 31.433 15.821
180 2020 2 11 0 31.653 16.524
181 2020 2 11 0 31.481 15.912
182 2020 2 11 0 32.074 19.287
183 2020 2 11 0 32.153 19.431
184 2020 2 11 0 32.273 19.834
185 2020 2 11 0 32.067 19.529
186 2020 2 11 0 32.211 19.56
187 2020 2 11 0 32.144 19.691
188 2020 2 11 0 32.213 17.052
189 2020 2 11 0 32.076 18.53
190 2020 2 11 0 32.091 18.062
191 2020 2 11 0 32.172 18.958
192 2020 2 11 0 32.173 19.056
195 2020 2 11 0 30.777 16.62
196 2020 2 11 0 30.774 16.285
197 2020 2 11 0 30.652 15.892
198 2020 2 11 0 30.709 15.747
199 2020 2 11 0 30.817 14.65
200 2020 2 11 0 30.569 14.547
201 2020 2 11 0 30.569 14.794
202 2020 2 11 0 30.671 14.833
203 2020 2 11 0 31.15 14.42
204 2020 2 11 0 31.207 14.335
205 2020 2 11 0 29.99 12.103
206 2020 2 11 0 31.137 13.974
207 2020 2 11 0 31.137 13.982
208 2020 2 11 0 30.839 13.344
209 2020 2 11 0 30.936 13.469
210 2020 2 11 0 31.416 15.618
211 2020 2 11 0 31.489 15.841
212 2020 2 11 0 31.452 15.736
213 2020 2 11 0 31.533 15.944
214 2020 2 11 0 31.611 16.145
215 2020 2 11 0 31.536 15.98
216 2020 2 11 0 32.872 17.155
217 2020 2 11 0 32.94 15.673
218 2020 2 11 0 32.648 17.573
219 2020 2 11 0 32.734 17.705
220 2020 2 11 0 32.449 17.729
221 2020 2 11 0 32.642 17.727
222 2020 2 11 0 32.568 16.893
223 2020 2 11 0 33.141 16.578
224 2020 2 11 0 33.142 17.518
225 2020 2 11 0 32.44 17.607
226 2020 2 11 0 32.839 17.702
227 2020 2 11 0 32.729 17.759
228 2020 2 11 0 32.704 17.776
229 2020 2 11 0 32.824 17.609
230 2020 2 11 0 32.815 17.559
231 2020 2 11 0 32.566 17.886
232 2020 2 11 0 32.813 17.476
233 2020 2 11 0 31.293 14.791
234 2020 2 11 0 31.247 14.062
235 2020 2 11 0 31.187 14.044
236 2020 2 11 0 31.317 14.602
237 2020 2 11 0 31.412 14.348
238 2020 2 11 0 31.215 14.362
239 2020 2 11 0 31.935 15.918
240 2020 2 11 0 32.998 17.228
241 2020 2 11 0 32.136 16.753
242 2020 2 11 0 32.766 17.433
243 2020 2 11 0 32.444 17.229
244 2020 2 11 0 32.681 16.864
245 2020 2 11 0 32.45 16.152
246 2020 2 11 0 32.314 16.88
247 2020 2 11 0 32.641 15.722
248 2020 2 11 0 32.158 15.028
249 2020 2 11 0 32.469 14.883
250 2020 2 11 0 31.939 14.848
251 2020 2 11 0 32.999 15.279
252 2020 2 11 0 32.102 14.923
0 2020 2 11 0 30.984 13.809
