1 2020 3 7 0 30.436 13.855
2 2020 3 7 0 30.29 13.938
3 2020 3 7 0 30.303 14.032
4 2020 3 7 0 30.653 14.004
5 2020 3 7 0 29.951 13.379
6 2020 3 7 0 29.935 13.452
7 2020 3 7 0 30.283 14.001
8 2020 3 7 0 30.693 14.139
9 2020 3 7 0 30.478 13.886
10 2020 3 7 0 30.443 14.099
11 2020 3 7 0 29.702 14.774
12 2020 3 7 0 29.671 14.772
13 2020 3 7 0 29.789 14.63
14 2020 3 7 0 30.116 14.302
15 2020 3 7 0 29.899 14.56
16 2020 3 7 0 30.012 14.461
17 2020 3 7 0 30.201 14.281
18 2020 3 7 0 29.738 14.892
19 2020 3 7 0 27.885 12.557
20 2020 3 7 0 29.9 13.268
21 2020 3 7 0 27.947 12.697
22 2020 3 7 0 27.86 12.555
23 2020 3 7 0 28.239 12.449
24 2020 3 7 0 29.243 12.971
25 2020 3 7 0 27.958 12.453
26 2020 3 7 0 29.108 12.87
27 2020 3 7 0 28.756 12.715
28 2020 3 7 0 28.405 12.428
29 2020 3 7 0 30.273 13.49
30 2020 3 7 0 29.411 13.264
31 2020 3 7 0 28.725 12.391
32 2020 3 7 0 30.256 13.757
33 2020 3 7 0 29.792 14.796
34 2020 3 7 0 29.76 14.613
35 2020 3 7 0 29.883 14.882
36 2020 3 7 0.13824 29.795 14.57
37 2020 3 7 0 29.989 14.361
38 2020 3 7 0 29.824 15.26
39 2020 3 7 0 29.867 15.481
40 2020 3 7 0 29.83 14.362
41 2020 3 7 0 29.912 15.206
42 2020 3 7 0 29.886 15.322
43 2020 3 7 0 30.106 15.212
44 2020 3 7 0 30.038 15.149
45 2020 3 7 0 30.102 15.564
46 2020 3 7 0 29.946 15.194
47 2020 3 7 0 30.249 15.428
48 2020 3 7 0 30.292 15.569
49 2020 3 7 0 30.001 15.495
51 2020 3 7 0 30.295 14.163
52 2020 3 7 0 29.917 14.71
53 2020 3 7 0 30.531 13.806
54 2020 3 7 0 30.327 14.251
55 2020 3 7 0 27.891 15.802
56 2020 3 7 0 28.769 15.553
57 2020 3 7 0.416 27.645 15.897
58 2020 3 7 0 28.784 15.382
59 2020 3 7 0 28.298 15.585
60 2020 3 7 0 27.536 15.852
61 2020 3 7 0 28.732 15.736
62 2020 3 7 0 29.02 15.022
63 2020 3 7 0 28.875 15.518
64 2020 3 7 0.10096 28.636 15.666
65 2020 3 7 0 29.031 14.937
66 2020 3 7 0.93505 28.133 16.218
67 2020 3 7 0.30538 28.539 15.816
68 2020 3 7 0 28.995 14.936
69 2020 3 7 0 28.637 15.814
70 2020 3 7 0 28.942 14.878
71 2020 3 7 0 27.96 15.826
72 2020 3 7 0 28.126 15.695
73 2020 3 7 0 29.01 14.918
74 2020 3 7 0 28.085 15.705
75 2020 3 7 0 28.286 15.565
76 2020 3 7 0 27.972 15.803
77 2020 3 7 0 27.95 15.844
78 2020 3 7 0 27.923 15.851
79 2020 3 7 0 27.975 15.799
80 2020 3 7 0 29.744 14.091
81 2020 3 7 0 30.241 14.156
82 2020 3 7 0 29.879 15.319
83 2020 3 7 0 29.737 15.099
84 2020 3 7 0 29.744 14.832
85 2020 3 7 0 29.7 14.772
86 2020 3 7 0 30.139 14.316
87 2020 3 7 0 29.977 14.417
88 2020 3 7 0 29.793 14.64
89 2020 3 7 0 29.781 15.049
90 2020 3 7 0 30.004 14.437
91 2020 3 7 0 30.476 13.622
92 2020 3 7 0 30.605 13.907
93 2020 3 7 0 30.678 13.874
94 2020 3 7 0 30.593 13.829
95 2020 3 7 0 29.062 12.812
96 2020 3 7 0 28.435 12.809
97 2020 3 7 0 29.578 12.824
98 2020 3 7 0 29.252 13.395
99 2020 3 7 0 29.881 14.095
100 2020 3 7 0 29.937 13.225
102 2020 3 7 0 29.912 15.842
103 2020 3 7 0 29.826 16.058
104 2020 3 7 0 29.799 15.831
105 2020 3 7 0 30.018 16.16
106 2020 3 7 0 29.765 16.03
107 2020 3 7 2.0299 29.844 15.194
109 2020 3 7 0.32024 29.605 15.94
110 2020 3 7 0.78591 29.644 15.422
111 2020 3 7 0.64026 29.657 15.629
112 2020 3 7 0.12089 29.467 16.182
113 2020 3 7 0 30.029 15.146
114 2020 3 7 0 30.044 15.45
115 2020 3 7 0 29.944 15.102
116 2020 3 7 0 29.918 15.27
117 2020 3 7 0 29.992 15.213
118 2020 3 7 0 30.232 15.562
119 2020 3 7 0 30.111 15.693
120 2020 3 7 0 29.46 13.028
121 2020 3 7 0 30.033 13.473
122 2020 3 7 0 29.808 13.412
123 2020 3 7 0 30.086 13.365
124 2020 3 7 0 30.213 13.542
125 2020 3 7 0 30.541 13.848
126 2020 3 7 0 30.285 13.421
127 2020 3 7 0 28.827 12.637
128 2020 3 7 0 29.068 12.511
129 2020 3 7 0.30627 27.788 16.096
130 2020 3 7 1.8779 27.754 16.357
131 2020 3 7 0.54522 27.694 16.159
132 2020 3 7 0 30.427 14.326
133 2020 3 7 0 28.474 15.769
134 2020 3 7 0 29.723 14.48
135 2020 3 7 0 28.372 15.547
136 2020 3 7 0 30.8 13.687
137 2020 3 7 0 29.014 15.131
138 2020 3 7 0 30.231 14.229
139 2020 3 7 0 29.344 14.99
140 2020 3 7 0 29.237 15.257
141 2020 3 7 0.30477 28.045 15.887
142 2020 3 7 0 30.958 13.421
143 2020 3 7 0 29.485 14.957
144 2020 3 7 0 28.734 14.06
145 2020 3 7 0 27.787 13.122
146 2020 3 7 0 27.592 12.483
147 2020 3 7 0 30.019 15.011
148 2020 3 7 0 29.828 15.305
149 2020 3 7 0 28.184 13.518
150 2020 3 7 0 27.803 13.498
151 2020 3 7 1.1246 29.789 14.566
152 2020 3 7 0.69543 29.853 15.436
153 2020 3 7 1.1013 29.747 14.469
154 2020 3 7 0.99004 29.938 14.996
155 2020 3 7 0.71132 29.761 15.7
156 2020 3 7 0.18179 29.865 15.454
157 2020 3 7 0.13867 29.932 15.137
158 2020 3 7 0.8432 29.728 14.428
159 2020 3 7 1.9393 29.941 15.019
160 2020 3 7 0 29.894 15.654
161 2020 3 7 0 30.674 14.041
162 2020 3 7 0 30.232 13.816
164 2020 3 7 0 30.683 14.226
165 2020 3 7 0 30.447 14.133
166 2020 3 7 0 30.185 13.884
167 2020 3 7 0 30.475 14.32
168 2020 3 7 0 30.553 14.017
169 2020 3 7 0 30.589 14.292
170 2020 3 7 0 30.46 14.113
171 2020 3 7 0 29.458 16.302
172 2020 3 7 0 29.506 16.501
173 2020 3 7 0 29.509 16.566
174 2020 3 7 0 29.739 15.002
175 2020 3 7 0 29.77 15.566
176 2020 3 7 0 29.898 15.188
177 2020 3 7 0 29.698 15.065
178 2020 3 7 0 29.7 14.739
179 2020 3 7 0 29.829 14.921
180 2020 3 7 0 29.735 15.613
181 2020 3 7 0 29.848 15.228
182 2020 3 7 0.18387 29.404 15.905
183 2020 3 7 0 29.424 16.635
184 2020 3 7 0 29.308 17.277
185 2020 3 7 0 29.241 16.268
186 2020 3 7 0 29.053 16.137
187 2020 3 7 0 29.186 16.365
188 2020 3 7 0 30.15 16.557
189 2020 3 7 0 29.714 16.257
190 2020 3 7 0 29.827 16.402
191 2020 3 7 0 29.743 15.843
192 2020 3 7 0 29.634 16.268
195 2020 3 7 0.11508 27.481 15.911
196 2020 3 7 0 27.489 15.86
197 2020 3 7 0 27.565 15.878
198 2020 3 7 0 27.649 15.866
199 2020 3 7 0 29.996 14.633
200 2020 3 7 0 29.359 14.842
201 2020 3 7 0 29.48 14.948
202 2020 3 7 0 29.689 14.966
203 2020 3 7 0 30.475 14.438
204 2020 3 7 0 29.823 15.386
205 2020 3 7 0 28.789 14.514
206 2020 3 7 0 29.83 15.465
207 2020 3 7 0 29.889 15.635
208 2020 3 7 0 29.615 15.365
209 2020 3 7 0 29.714 15.443
210 2020 3 7 0 29.923 15.185
211 2020 3 7 0 29.872 15.507
212 2020 3 7 0 29.912 15.328
213 2020 3 7 0 29.784 15.779
214 2020 3 7 0 29.789 16.042
215 2020 3 7 0 29.818 15.747
216 2020 3 7 0 29.526 14.291
217 2020 3 7 0 30.59 13.629
218 2020 3 7 0 28.948 14.578
219 2020 3 7 0 28.951 14.58
220 2020 3 7 0 29.015 14.344
221 2020 3 7 0 29.048 14.542
222 2020 3 7 0 29.486 14.366
223 2020 3 7 0 30.12 13.929
224 2020 3 7 0 29.577 14.473
225 2020 3 7 0 29.223 14.283
226 2020 3 7 0 29.325 14.513
227 2020 3 7 0 28.822 14.654
228 2020 3 7 0 28.915 14.546
229 2020 3 7 0 29.109 14.373
230 2020 3 7 0 29.092 14.485
231 2020 3 7 0 28.78 14.636
232 2020 3 7 0 29.162 14.509
233 2020 3 7 0 29.914 15.556
234 2020 3 7 0 29.993 15.643
235 2020 3 7 0 29.944 15.67
236 2020 3 7 0 30.043 15.778
237 2020 3 7 0 30.13 15.638
238 2020 3 7 0 29.938 15.694
239 2020 3 7 0 29.599 12.76
240 2020 3 7 0 29.649 13.963
241 2020 3 7 0 29.59 12.98
242 2020 3 7 0 29.412 14.018
243 2020 3 7 0 29.181 13.585
244 2020 3 7 0 29.59 13.251
245 2020 3 7 0 29.686 12.806
246 2020 3 7 0 29.349 12.932
247 2020 3 7 0 30.022 12.981
248 2020 3 7 0 29.822 12.518
249 2020 3 7 0 30.518 13.17
250 2020 3 7 0 29.867 12.824
251 2020 3 7 0 30.655 13.107
252 2020 3 7 0 30.247 13.349
0 2020 3 7 0 29.188 14.666
