1 2020 5 19 0 41.152 27.207
2 2020 5 19 0 40.48 26.377
3 2020 5 19 0 41.217 27.252
4 2020 5 19 0 40.893 26.427
5 2020 5 19 0 39.471 26.107
6 2020 5 19 0 39.77 26.446
7 2020 5 19 0 40.883 26.702
8 2020 5 19 0 40.815 26.114
9 2020 5 19 0 40.759 26.554
10 2020 5 19 0 40.454 25.999
11 2020 5 19 0 41.165 27.286
12 2020 5 19 0 40.766 27.225
13 2020 5 19 0 40.787 27.096
14 2020 5 19 0 40.861 26.862
15 2020 5 19 0 41.175 27.066
16 2020 5 19 0 41.286 27.031
17 2020 5 19 0 41.28 26.892
18 2020 5 19 0 41.199 27.597
19 2020 5 19 0 40.476 26.689
20 2020 5 19 0 40.316 25.851
21 2020 5 19 0 40.285 26.495
22 2020 5 19 0 40.181 26.431
23 2020 5 19 0 39.533 25.525
24 2020 5 19 0 39.872 25.58
25 2020 5 19 0 39.708 26.042
26 2020 5 19 0 39.563 25.015
27 2020 5 19 0 39.644 25.645
28 2020 5 19 0 40.245 26.12
29 2020 5 19 0 40.459 26.172
30 2020 5 19 0 40.416 26.522
31 2020 5 19 0 40.39 26.121
32 2020 5 19 0 41.009 26.921
33 2020 5 19 0 39.187 27.372
34 2020 5 19 0 39.654 27.15
35 2020 5 19 0 38.681 27.504
36 2020 5 19 0 38.459 27.249
37 2020 5 19 0 40.077 26.883
38 2020 5 19 0 39.181 27.843
39 2020 5 19 0 38.845 28.166
40 2020 5 19 0 39.112 26.982
41 2020 5 19 0 38.546 27.901
42 2020 5 19 0 41.119 28.247
43 2020 5 19 0 41.106 28.436
44 2020 5 19 0 40.959 28.305
45 2020 5 19 0 41.647 28.456
46 2020 5 19 0 40.919 28.201
47 2020 5 19 0 41.33 28.623
48 2020 5 19 0 41.542 28.681
49 2020 5 19 0 41.432 28.43
51 2020 5 19 0 41.299 27.293
52 2020 5 19 0 41.512 27.546
53 2020 5 19 0 41.116 27.082
54 2020 5 19 0 41.37 27.234
55 2020 5 19 0 36.058 25.921
56 2020 5 19 0 36.82 25.961
57 2020 5 19 0 35.311 25.867
58 2020 5 19 0 37.156 25.905
59 2020 5 19 0 35.704 25.933
60 2020 5 19 0 35.494 25.863
61 2020 5 19 0 33.288 20.379
62 2020 5 19 0 35.815 25.734
63 2020 5 19 0 35.091 25.94
64 2020 5 19 0 33.684 20.256
65 2020 5 19 0 34.462 19.683
66 2020 5 19 0 32.942 20.678
67 2020 5 19 0 33.525 20.37
68 2020 5 19 0 34.471 19.63
69 2020 5 19 0 33.508 20.386
70 2020 5 19 0 34.34 19.494
71 2020 5 19 0 32.044 20.16
72 2020 5 19 0 36.751 26.022
73 2020 5 19 0 37.806 25.822
74 2020 5 19 0 36.695 26.028
75 2020 5 19 0 36.919 25.996
76 2020 5 19 0 36.54 26.059
77 2020 5 19 0 32.019 20.175
78 2020 5 19 0 31.944 20.159
79 2020 5 19 0 36.556 26.053
80 2020 5 19 0 38.506 25.556
81 2020 5 19 0 41.258 27.103
82 2020 5 19 0 41.335 28.151
83 2020 5 19 0 41.535 27.91
84 2020 5 19 0 41.413 27.76
85 2020 5 19 0 41.34 27.563
86 2020 5 19 0 41.302 27.035
87 2020 5 19 0 41.3 27.378
88 2020 5 19 0 41.273 27.318
89 2020 5 19 0 41.295 27.862
90 2020 5 19 0 41.273 27.138
91 2020 5 19 0 40.993 26.822
92 2020 5 19 0 40.93 26.349
93 2020 5 19 0 41.032 26.719
94 2020 5 19 0 40.934 26.726
95 2020 5 19 0 40.589 26.357
96 2020 5 19 0 40.378 26.3
97 2020 5 19 0 40.552 26.231
98 2020 5 19 0 40.815 26.644
99 2020 5 19 0 41.241 27.043
100 2020 5 19 0 40.858 26.69
102 2020 5 19 0 39.073 28.449
103 2020 5 19 0 40.123 28.42
104 2020 5 19 0 39.829 28.289
105 2020 5 19 0 38.975 28.643
106 2020 5 19 0 40.523 28.35
107 2020 5 19 0 35.787 20.717
109 2020 5 19 0 35.057 20.918
110 2020 5 19 0 35.421 20.599
111 2020 5 19 0 38.382 27.508
112 2020 5 19 0 34.752 20.876
113 2020 5 19 0 41.027 28.348
114 2020 5 19 0 41.239 28.433
115 2020 5 19 0 40.874 28.244
116 2020 5 19 0 40.815 28.281
117 2020 5 19 0 41.072 28.311
118 2020 5 19 0 41.408 28.642
119 2020 5 19 0 41.405 28.569
120 2020 5 19 0 40.081 25.568
121 2020 5 19 0 40.496 25.947
122 2020 5 19 0 40.129 25.412
123 2020 5 19 0 40.265 25.49
124 2020 5 19 0 40.397 25.456
125 2020 5 19 0 40.687 25.707
126 2020 5 19 0 39.85 25.508
127 2020 5 19 0 39.531 25.014
128 2020 5 19 0 40.112 25.668
129 2020 5 19 0 32.38 20.597
130 2020 5 19 0 32.47 20.759
131 2020 5 19 0 32.255 20.626
132 2020 5 19 0 38.492 25.423
133 2020 5 19 0 32.786 20.44
134 2020 5 19 0 36.838 25.496
135 2020 5 19 0 35.423 25.889
136 2020 5 19 0 38.738 25.197
137 2020 5 19 0 35.689 25.79
138 2020 5 19 0 37.481 25.368
139 2020 5 19 0 36.838 25.723
140 2020 5 19 0 37.23 25.841
141 2020 5 19 0 32.249 20.493
142 2020 5 19 0 40.004 25.223
143 2020 5 19 0 41.579 27.259
144 2020 5 19 0 40.908 26.773
145 2020 5 19 0 40.206 26.326
146 2020 5 19 0 40.082 26.346
147 2020 5 19 0 41.726 27.409
148 2020 5 19 0 41.831 27.586
149 2020 5 19 0 40.461 26.486
150 2020 5 19 0 40.36 25.945
151 2020 5 19 0 38.319 27.266
152 2020 5 19 0 37.909 27.805
153 2020 5 19 0 38.292 27.186
154 2020 5 19 0 38.359 27.604
155 2020 5 19 0 37.794 27.792
156 2020 5 19 0 37.975 27.947
157 2020 5 19 0 38.312 27.789
158 2020 5 19 0 38.306 27.147
159 2020 5 19 0 38.332 27.611
160 2020 5 19 0 38.125 28.309
161 2020 5 19 0 40.22 25.58
162 2020 5 19 0 39.882 25.798
164 2020 5 19 0 39.869 25.449
165 2020 5 19 0 40.08 25.662
166 2020 5 19 0 39.839 25.917
167 2020 5 19 0 39.832 25.543
168 2020 5 19 0 40.172 25.54
169 2020 5 19 0 39.832 25.492
170 2020 5 19 0 40.035 25.65
171 2020 5 19 0 34.54 21.016
172 2020 5 19 0 36.715 28.189
173 2020 5 19 0 34.508 21.319
174 2020 5 19 0 40.632 27.598
175 2020 5 19 0 40.533 28.082
176 2020 5 19 0 41.181 28.098
177 2020 5 19 0 39.928 27.548
178 2020 5 19 0 40.282 27.238
179 2020 5 19 0 41.021 27.773
180 2020 5 19 0 40.184 28.011
181 2020 5 19 0 40.769 28.062
182 2020 5 19 0 34.867 20.58
183 2020 5 19 0 34.438 21.155
184 2020 5 19 0 34.139 21.277
185 2020 5 19 0 34.496 20.579
186 2020 5 19 0 34.499 20.366
187 2020 5 19 0 34.458 20.561
188 2020 5 19 0 39.439 28.792
189 2020 5 19 0 37.384 28.276
190 2020 5 19 0 37.906 28.45
191 2020 5 19 0 37.476 27.926
192 2020 5 19 0 37.237 28.056
195 2020 5 19 0 31.7 20.395
196 2020 5 19 0 31.762 20.362
197 2020 5 19 0 31.63 20.275
198 2020 5 19 0 31.825 20.295
199 2020 5 19 0 38.906 25.538
200 2020 5 19 0 38.134 25.696
201 2020 5 19 0 38.205 25.703
202 2020 5 19 0 38.22 25.717
203 2020 5 19 0 39.369 25.482
204 2020 5 19 0 41.681 27.968
205 2020 5 19 0 41.159 26.874
206 2020 5 19 0 41.842 27.839
207 2020 5 19 0 41.855 28.169
208 2020 5 19 0 41.801 27.861
209 2020 5 19 0 41.877 27.776
210 2020 5 19 0 40.76 28.226
211 2020 5 19 0 40.746 28.304
212 2020 5 19 0 40.804 28.291
213 2020 5 19 0 40.568 28.283
214 2020 5 19 0 40.538 28.375
215 2020 5 19 0 40.669 28.321
216 2020 5 19 0 37.266 25.48
217 2020 5 19 0 38.726 25.225
218 2020 5 19 0 36.573 25.517
219 2020 5 19 0 36.483 25.621
220 2020 5 19 0 35.67 19.096
221 2020 5 19 0 36.581 25.636
222 2020 5 19 0 36.84 25.471
223 2020 5 19 0 38.411 25.446
224 2020 5 19 0 37.434 25.581
225 2020 5 19 0 37.138 25.644
226 2020 5 19 0 37.097 25.599
227 2020 5 19 0 36.054 25.716
228 2020 5 19 0 35.093 19.19
229 2020 5 19 0 35.142 19.161
230 2020 5 19 0 35.003 19.256
231 2020 5 19 0 35.167 19.193
232 2020 5 19 0 34.925 19.331
233 2020 5 19 0 41.495 28.299
234 2020 5 19 0 41.812 28.339
235 2020 5 19 0 41.827 28.297
236 2020 5 19 0 41.586 28.494
237 2020 5 19 0 41.672 28.507
238 2020 5 19 0 41.692 28.308
239 2020 5 19 0.1246 38.832 26.417
240 2020 5 19 0.13976 37.832 25.786
241 2020 5 19 0.11573 38.514 26.425
242 2020 5 19 0.3726 37.458 25.815
243 2020 5 19 0.36909 37.249 26.039
244 2020 5 19 0.17664 38.111 26.061
245 2020 5 19 0.3413 38.565 26.13
246 2020 5 19 0 37.88 26.367
247 2020 5 19 0.6662 38.951 25.824
248 2020 5 19 0.1308 39.066 26.075
249 2020 5 19 0 39.982 25.571
250 2020 5 19 0 39.247 26.068
251 2020 5 19 0.12367 39.725 25.381
252 2020 5 19 0 39.757 25.784
0 2020 5 19 0 38.339 25.794
