1 2020 2 14 0 32.106 17.579
2 2020 2 14 0 31.931 17.557
3 2020 2 14 0 32.024 17.653
4 2020 2 14 0 32.163 17.176
5 2020 2 14 0 31.826 17.25
6 2020 2 14 0 32.057 17.471
7 2020 2 14 0 32.038 17.839
8 2020 2 14 0 32.156 16.973
9 2020 2 14 0 32.059 17.446
10 2020 2 14 0 31.929 17.201
11 2020 2 14 0 31.86 18.005
12 2020 2 14 0 31.952 18.048
13 2020 2 14 0 32.019 18.072
14 2020 2 14 0 32.15 18.074
15 2020 2 14 0 31.983 18.082
16 2020 2 14 0 32.005 18.086
17 2020 2 14 0 32.09 18.119
18 2020 2 14 0 31.808 17.926
19 2020 2 14 0 28.937 14.109
20 2020 2 14 0 31.485 15.898
21 2020 2 14 0 29.051 14.507
22 2020 2 14 0 29.052 14.124
23 2020 2 14 0 29.745 14.442
24 2020 2 14 0 30.829 15.302
25 2020 2 14 0 29.36 14.101
26 2020 2 14 0 30.767 15.266
27 2020 2 14 0 30.333 14.859
28 2020 2 14 0 29.689 14.452
29 2020 2 14 0 31.803 16.041
30 2020 2 14 0 30.797 15.197
31 2020 2 14 0 30.035 14.73
32 2020 2 14 0 31.63 15.867
33 2020 2 14 0 32.278 18.325
34 2020 2 14 0 32.219 18.108
35 2020 2 14 0 32.392 18.56
36 2020 2 14 0 32.518 18.532
37 2020 2 14 0 32.292 18.036
38 2020 2 14 0 32.144 18.336
39 2020 2 14 0 32.137 18.389
40 2020 2 14 0 32.45 18.242
41 2020 2 14 0 32.304 18.553
42 2020 2 14 0 31.907 17.58
43 2020 2 14 0 31.974 17.838
44 2020 2 14 0 31.934 17.713
45 2020 2 14 0 31.879 17.845
46 2020 2 14 0 31.905 17.609
47 2020 2 14 0 32.081 17.975
48 2020 2 14 0 32.071 18.034
49 2020 2 14 0 31.957 17.75
51 2020 2 14 0 32.022 17.582
52 2020 2 14 0 31.751 17.629
53 2020 2 14 0 32.175 17.534
54 2020 2 14 0 32.066 17.532
55 2020 2 14 0 30.489 17.74
56 2020 2 14 0 30.868 17.622
57 2020 2 14 0 30.896 18.598
58 2020 2 14 0 30.821 17.368
59 2020 2 14 0 30.959 18.174
60 2020 2 14 0 30.522 18.078
61 2020 2 14 0 32.42 18.734
62 2020 2 14 0 32.506 18.511
63 2020 2 14 0 32.652 18.697
64 2020 2 14 0 32.689 18.934
65 2020 2 14 0 33.413 18.732
66 2020 2 14 0 31.96 19.156
67 2020 2 14 0 32.538 18.988
68 2020 2 14 0 33.271 18.8
69 2020 2 14 0 32.552 18.906
70 2020 2 14 0 32.896 18.793
71 2020 2 14 0 30.648 17.395
72 2020 2 14 0 30.689 17.329
73 2020 2 14 1.4939 30.923 16.952
74 2020 2 14 0.16647 30.692 17.32
75 2020 2 14 0 30.725 17.275
76 2020 2 14 0 30.657 17.376
77 2020 2 14 0 30.638 17.411
78 2020 2 14 0 30.61 17.422
79 2020 2 14 0.2352 30.66 17.37
80 2020 2 14 1.0964 31.335 16.15
81 2020 2 14 0 32.052 17.866
82 2020 2 14 0 31.853 18.005
83 2020 2 14 0 31.632 17.799
84 2020 2 14 0 31.636 17.781
85 2020 2 14 0 31.678 17.839
86 2020 2 14 0 32.035 18.02
87 2020 2 14 0 31.836 17.781
88 2020 2 14 0 31.817 17.926
89 2020 2 14 0 31.774 17.916
90 2020 2 14 0 31.96 17.979
91 2020 2 14 0 32.05 17.156
92 2020 2 14 0 32.109 16.861
93 2020 2 14 0 32.226 17.28
94 2020 2 14 0 32.16 17.383
95 2020 2 14 0 30.453 15.438
96 2020 2 14 0 29.702 15.085
97 2020 2 14 0 31.056 15.76
98 2020 2 14 0 30.735 16.062
99 2020 2 14 0 31.554 17.002
100 2020 2 14 0 31.469 16.489
102 2020 2 14 0 32.04 18.36
103 2020 2 14 0 31.778 18.093
104 2020 2 14 0 31.856 18.134
105 2020 2 14 0 32.078 18.537
106 2020 2 14 0 31.676 17.961
107 2020 2 14 0 32.511 18.931
109 2020 2 14 0 32.536 19.545
110 2020 2 14 0 32.649 19.189
111 2020 2 14 0 32.496 19.321
112 2020 2 14 0 32.626 19.777
113 2020 2 14 0 31.929 17.792
114 2020 2 14 0 31.983 18.013
115 2020 2 14 0 31.855 17.725
116 2020 2 14 0 31.819 17.747
117 2020 2 14 0 31.927 17.858
118 2020 2 14 0 32.081 18.085
119 2020 2 14 0 32.049 18.17
120 2020 2 14 0 31.019 15.638
121 2020 2 14 0 31.568 16.253
122 2020 2 14 0 31.403 15.932
123 2020 2 14 0 31.777 16.135
124 2020 2 14 0 31.916 16.304
125 2020 2 14 0 32.176 16.619
126 2020 2 14 0 31.868 15.941
127 2020 2 14 0 30.427 14.957
128 2020 2 14 0 30.55 15.061
129 2020 2 14 0 31.337 18.863
130 2020 2 14 0 31.474 19.195
131 2020 2 14 0 31.235 18.927
132 2020 2 14 0.10608 32.06 16.623
133 2020 2 14 0 31.961 18.731
134 2020 2 14 0 32.263 17.465
135 2020 2 14 0 31.389 18.498
136 2020 2 14 0 32.739 16.664
137 2020 2 14 0 32.156 18.264
138 2020 2 14 0 32.381 16.903
139 2020 2 14 0 31.55 17.519
140 2020 2 14 0.17202 31.193 17.446
141 2020 2 14 0 31.424 18.754
142 2020 2 14 0 32.656 16.826
143 2020 2 14 0 31.264 17.082
144 2020 2 14 0 30.238 16.206
145 2020 2 14 0 28.968 15.053
146 2020 2 14 0 28.629 13.981
147 2020 2 14 0 31.907 17.567
148 2020 2 14 0 31.756 17.603
149 2020 2 14 0 29.494 15.636
150 2020 2 14 0 29.193 15.455
151 2020 2 14 0 32.556 18.566
152 2020 2 14 0 32.398 19.027
153 2020 2 14 0 32.579 18.53
154 2020 2 14 0 32.455 18.735
155 2020 2 14 0 32.417 19.303
156 2020 2 14 0 32.354 18.9
157 2020 2 14 0 32.396 18.703
158 2020 2 14 0 32.579 18.514
159 2020 2 14 0 32.46 18.758
160 2020 2 14 0 32.245 18.694
161 2020 2 14 0 32.101 16.681
162 2020 2 14 0 31.831 17.196
164 2020 2 14 0 31.846 16.454
165 2020 2 14 0 31.823 16.969
166 2020 2 14 0 31.747 17.297
167 2020 2 14 0 31.717 16.747
168 2020 2 14 0 31.995 16.956
169 2020 2 14 0 31.756 16.577
170 2020 2 14 0 31.819 16.927
171 2020 2 14 0 32.327 19.574
172 2020 2 14 0 32.301 19.82
173 2020 2 14 0 32.298 19.921
174 2020 2 14 0 31.913 17.965
175 2020 2 14 0 31.785 17.927
176 2020 2 14 0 31.884 17.932
177 2020 2 14 0 32.018 18.077
178 2020 2 14 0 32.048 18.048
179 2020 2 14 0 31.88 17.871
180 2020 2 14 0 31.836 18.029
181 2020 2 14 0 31.832 17.832
182 2020 2 14 0 32.787 19.631
183 2020 2 14 0 32.529 20.058
184 2020 2 14 0 32.766 20.28
185 2020 2 14 0 32.918 19.935
186 2020 2 14 0 33.167 19.921
187 2020 2 14 0 33.069 19.988
188 2020 2 14 0 32.026 18.523
189 2020 2 14 0 32.248 19.406
190 2020 2 14 0 32.171 19.195
191 2020 2 14 0 32.369 19.376
192 2020 2 14 0 32.322 19.701
195 2020 2 14 0 30.823 18.509
196 2020 2 14 0 30.805 18.214
197 2020 2 14 0 30.655 18.001
198 2020 2 14 0 30.718 17.886
199 2020 2 14 0 31.264 16.809
200 2020 2 14 4.0525 30.906 16.998
201 2020 2 14 1.4309 30.99 17.075
202 2020 2 14 0.33891 31.248 16.999
203 2020 2 14 0 31.653 16.512
204 2020 2 14 0 31.719 17.799
205 2020 2 14 0 30.37 16.489
206 2020 2 14 0 31.707 17.673
207 2020 2 14 0 31.664 17.747
208 2020 2 14 0 31.257 17.345
209 2020 2 14 0 31.471 17.444
210 2020 2 14 0 31.825 17.683
211 2020 2 14 0 31.772 17.805
212 2020 2 14 0 31.811 17.755
213 2020 2 14 0 31.683 17.82
214 2020 2 14 0 31.688 17.956
215 2020 2 14 0 31.72 17.871
216 2020 2 14 0 32.702 18.274
217 2020 2 14 0 32.887 17.183
218 2020 2 14 0 32.492 18.665
219 2020 2 14 0 32.803 18.917
220 2020 2 14 0 33.334 18.989
221 2020 2 14 0 33.149 19.033
222 2020 2 14 0 32.534 18.012
223 2020 2 14 0 32.982 17.959
224 2020 2 14 0 32.975 18.595
225 2020 2 14 0 33.386 18.839
226 2020 2 14 0 33.127 18.829
227 2020 2 14 0 33.177 19.198
228 2020 2 14 0 33.509 19.099
229 2020 2 14 0 33.841 18.825
230 2020 2 14 0 33.718 18.816
231 2020 2 14 0 33.208 19.285
232 2020 2 14 0 33.806 18.694
233 2020 2 14 0 31.863 18.073
234 2020 2 14 0 31.725 17.797
235 2020 2 14 0 31.693 17.794
236 2020 2 14 0 31.941 18.106
237 2020 2 14 0 31.9 17.947
238 2020 2 14 0 31.8 17.949
239 2020 2 14 0 32.406 17.178
240 2020 2 14 0 33.078 18.246
241 2020 2 14 0 32.865 17.531
242 2020 2 14 0 33.215 18.459
243 2020 2 14 0 33.298 18.31
244 2020 2 14 0 33.098 17.764
245 2020 2 14 0 32.846 17.313
246 2020 2 14 0 33.161 17.707
247 2020 2 14 0 32.747 17.284
248 2020 2 14 0 32.342 16.879
249 2020 2 14 0 32.383 16.966
250 2020 2 14 0 32.045 16.942
251 2020 2 14 0 32.846 17.165
252 2020 2 14 0 32.075 17.063
0 2020 2 14 0.24634 31.161 16.648
