1 2020 4 26 0 39.771 25.927
2 2020 4 26 0 39.009 25.365
3 2020 4 26 0 39.806 25.877
4 2020 4 26 0 39.258 25.571
5 2020 4 26 0 38.41 24.876
6 2020 4 26 0 38.737 24.833
7 2020 4 26 0 39.498 25.498
8 2020 4 26 0 39.072 25.42
9 2020 4 26 0 39.224 25.571
10 2020 4 26 0 38.701 25.236
11 2020 4 26 0 39.569 25.642
12 2020 4 26 0 38.962 25.464
13 2020 4 26 0 39.061 25.399
14 2020 4 26 0 39.337 25.318
15 2020 4 26 0 39.642 25.545
16 2020 4 26 0 39.806 25.582
17 2020 4 26 0 39.839 25.519
18 2020 4 26 0 39.499 25.792
19 2020 4 26 0.16573 38.435 23.841
20 2020 4 26 0.11193 38.236 25.22
21 2020 4 26 0.27858 38.267 23.721
22 2020 4 26 0.56668 38.191 23.911
23 2020 4 26 0.22576 37.593 23.831
24 2020 4 26 0.3913 37.868 24.594
25 2020 4 26 0.99195 37.846 23.942
26 2020 4 26 0 37.503 24.251
27 2020 4 26 0.40884 37.751 24.296
28 2020 4 26 0 38.248 23.888
29 2020 4 26 0 38.448 25.607
30 2020 4 26 0.68462 38.567 25.018
31 2020 4 26 0 38.422 23.926
32 2020 4 26 0.4672 39.078 25.731
33 2020 4 26 0 37.146 25.19
34 2020 4 26 0 37.474 25.027
35 2020 4 26 0 36.856 25.293
36 2020 4 26 0 36.729 25.147
37 2020 4 26 0 38.274 24.988
38 2020 4 26 0 37.15 25.51
39 2020 4 26 0 36.897 25.684
40 2020 4 26 0 37.298 24.966
41 2020 4 26 0 36.715 25.511
42 2020 4 26 0 38.905 25.579
43 2020 4 26 0 38.933 26.201
44 2020 4 26 0 38.802 26.045
45 2020 4 26 0 39.422 25.792
46 2020 4 26 0 38.765 25.791
47 2020 4 26 0 39.143 26.204
48 2020 4 26 0 39.341 26.146
49 2020 4 26 0 39.195 25.689
51 2020 4 26 0 39.843 25.841
52 2020 4 26 0 39.952 25.754
53 2020 4 26 0 39.714 25.879
54 2020 4 26 0 39.871 25.747
55 2020 4 26 0 34.24 25.515
56 2020 4 26 0 35.13 25.554
57 2020 4 26 0 33.734 25.49
58 2020 4 26 0 35.363 25.625
59 2020 4 26 0 34.189 25.449
60 2020 4 26 0 33.776 25.503
61 2020 4 26 0 33.288 20.379
62 2020 4 26 0 35.048 24.918
63 2020 4 26 0 34.486 25.204
64 2020 4 26 0 33.684 20.256
65 2020 4 26 0 34.462 19.683
66 2020 4 26 0 32.942 20.678
67 2020 4 26 0 33.525 20.37
68 2020 4 26 0 34.471 19.63
69 2020 4 26 0 33.508 20.386
70 2020 4 26 0 34.34 19.494
71 2020 4 26 0 32.044 20.16
72 2020 4 26 0 34.879 25.735
73 2020 4 26 0 35.892 25.784
74 2020 4 26 0 34.822 25.726
75 2020 4 26 0 35.041 25.754
76 2020 4 26 0 34.689 25.719
77 2020 4 26 0 32.019 20.175
78 2020 4 26 0 31.944 20.159
79 2020 4 26 0 34.695 25.718
80 2020 4 26 0 36.697 25.512
81 2020 4 26 0 39.834 25.737
82 2020 4 26 0 39.447 26.045
83 2020 4 26 0 39.846 25.861
84 2020 4 26 0 39.818 25.873
85 2020 4 26 0 39.775 25.776
86 2020 4 26 0 39.853 25.632
87 2020 4 26 0 39.821 25.795
88 2020 4 26 0 39.747 25.689
89 2020 4 26 0 39.538 25.911
90 2020 4 26 0 39.793 25.655
91 2020 4 26 0 39.506 25.676
92 2020 4 26 0 39.266 25.49
93 2020 4 26 0 39.51 25.752
94 2020 4 26 0 39.429 25.725
95 2020 4 26 0 38.726 24.3
96 2020 4 26 0 38.404 23.924
97 2020 4 26 0 38.789 24.647
98 2020 4 26 0 39.021 24.642
99 2020 4 26 0 39.599 25.294
100 2020 4 26 0 39.248 25.156
102 2020 4 26 0 37.141 25.87
103 2020 4 26 0 37.987 25.997
104 2020 4 26 0 37.697 25.883
105 2020 4 26 0 37.192 25.956
106 2020 4 26 0 38.281 26.025
107 2020 4 26 0 35.787 20.717
109 2020 4 26 0 35.057 20.918
110 2020 4 26 0 35.421 20.599
111 2020 4 26 0 36.68 25.294
112 2020 4 26 0 34.752 20.876
113 2020 4 26 0 38.865 26.176
114 2020 4 26 0 39.136 26.191
115 2020 4 26 0 38.708 26.127
116 2020 4 26 0 38.62 26.116
117 2020 4 26 0 38.952 26.157
118 2020 4 26 0 39.249 26.245
119 2020 4 26 0 39.304 26.227
120 2020 4 26 0 38.204 24.449
121 2020 4 26 0 38.726 24.97
122 2020 4 26 0 38.218 24.722
123 2020 4 26 0 38.264 25.232
124 2020 4 26 0 38.506 25.204
125 2020 4 26 0 38.908 25.378
126 2020 4 26 0 37.961 25.377
127 2020 4 26 0 37.51 23.87
128 2020 4 26 0 38.178 24.071
129 2020 4 26 0 32.38 20.597
130 2020 4 26 0 32.47 20.759
131 2020 4 26 0 32.255 20.626
132 2020 4 26 0 37.488 24.834
133 2020 4 26 0 32.786 20.44
134 2020 4 26 0 36.069 24.671
135 2020 4 26 0 34.329 25.249
136 2020 4 26 0 38.033 24.392
137 2020 4 26 0 34.859 25.048
138 2020 4 26 0 36.836 24.527
139 2020 4 26 0 35.632 25.13
140 2020 4 26 0 35.731 25.385
141 2020 4 26 0 32.249 20.493
142 2020 4 26 0 38.8 24.613
143 2020 4 26 0 39.721 25.042
144 2020 4 26 0 38.986 24.454
145 2020 4 26 0.42175 38.187 23.75
146 2020 4 26 1.0561 38.021 23.426
147 2020 4 26 0 40.065 25.541
148 2020 4 26 0 40.086 25.499
149 2020 4 26 0 38.481 24.041
150 2020 4 26 0.50074 38.341 23.934
151 2020 4 26 0 36.618 25.15
152 2020 4 26 0 36.254 25.421
153 2020 4 26 0 36.591 25.1
154 2020 4 26 0 36.66 25.353
155 2020 4 26 0 36.165 25.405
156 2020 4 26 0 36.271 25.497
157 2020 4 26 0 36.581 25.445
158 2020 4 26 0 36.605 25.083
159 2020 4 26 0 36.638 25.351
160 2020 4 26 0 36.345 25.687
161 2020 4 26 0 38.653 25.106
162 2020 4 26 0 38.358 24.96
164 2020 4 26 0 38.421 25.121
165 2020 4 26 0 38.405 25.042
166 2020 4 26 0 38.352 25.078
167 2020 4 26 0 38.231 25.096
168 2020 4 26 0 38.5 24.93
169 2020 4 26 0 38.319 25.088
170 2020 4 26 0 38.406 25.041
171 2020 4 26 0 34.54 21.016
172 2020 4 26 0 35.229 25.548
173 2020 4 26 0 34.508 21.319
174 2020 4 26 0 38.613 25.633
175 2020 4 26 0 38.312 25.87
176 2020 4 26 0 39.227 26.039
177 2020 4 26 0 37.662 25.353
178 2020 4 26 0 38.216 25.273
179 2020 4 26 0 39.128 25.89
180 2020 4 26 0 37.931 25.725
181 2020 4 26 0 38.647 25.971
182 2020 4 26 0 34.867 20.58
183 2020 4 26 0 34.438 21.155
184 2020 4 26 0 34.139 21.277
185 2020 4 26 0 34.496 20.579
186 2020 4 26 0 34.499 20.366
187 2020 4 26 0 34.458 20.561
188 2020 4 26 0 37.531 26.078
189 2020 4 26 0 35.765 25.628
190 2020 4 26 0 36.276 25.773
191 2020 4 26 0 35.875 25.452
192 2020 4 26 0 35.65 25.501
195 2020 4 26 0 31.7 20.395
196 2020 4 26 0 31.762 20.362
197 2020 4 26 0 31.63 20.275
198 2020 4 26 0 31.825 20.295
199 2020 4 26 0 37.38 25.301
200 2020 4 26 0 36.386 25.58
201 2020 4 26 0 36.545 25.51
202 2020 4 26 0 36.668 25.393
203 2020 4 26 0 37.975 25.153
204 2020 4 26 0 39.828 25.732
205 2020 4 26 0 39.105 24.581
206 2020 4 26 0 39.93 25.51
207 2020 4 26 0 39.692 25.497
208 2020 4 26 0 39.554 25.102
209 2020 4 26 0 39.784 25.205
210 2020 4 26 0 38.596 26.063
211 2020 4 26 0 38.533 26.089
212 2020 4 26 0 38.603 26.108
213 2020 4 26 0 38.361 25.974
214 2020 4 26 0 38.307 26.034
215 2020 4 26 0 38.438 26.064
216 2020 4 26 0 36.335 24.634
217 2020 4 26 0 37.908 24.456
218 2020 4 26 0 35.562 24.616
219 2020 4 26 0 35.413 24.79
220 2020 4 26 0 35.67 19.096
221 2020 4 26 0 35.521 24.908
222 2020 4 26 0 35.996 24.578
223 2020 4 26 0 37.522 24.681
224 2020 4 26 0 36.586 24.793
225 2020 4 26 0 36.231 24.947
226 2020 4 26 0 36.168 24.884
227 2020 4 26 0 34.92 24.924
228 2020 4 26 0 35.093 19.19
229 2020 4 26 0 35.142 19.161
230 2020 4 26 0 35.003 19.256
231 2020 4 26 0 35.167 19.193
232 2020 4 26 0 34.925 19.331
233 2020 4 26 0 39.567 26.053
234 2020 4 26 0 39.577 25.603
235 2020 4 26 0 39.602 25.559
236 2020 4 26 0 39.459 26.011
237 2020 4 26 0 39.467 25.896
238 2020 4 26 0 39.588 25.784
239 2020 4 26 0 38.297 24.377
240 2020 4 26 0 37.197 24.702
241 2020 4 26 0 37.882 24.481
242 2020 4 26 0 36.803 24.781
243 2020 4 26 0 36.769 24.734
244 2020 4 26 0 37.726 24.53
245 2020 4 26 0 38.224 24.397
246 2020 4 26 0 37.551 24.512
247 2020 4 26 0 38.346 24.458
248 2020 4 26 0 38.614 24.314
249 2020 4 26 0 38.809 24.626
250 2020 4 26 0 38.532 24.517
251 2020 4 26 0 38.742 24.546
252 2020 4 26 0 38.556 24.743
0 2020 4 26 0 36.616 25.604
