1 2020 2 12 0 32.698 16.377
2 2020 2 12 0 32.915 16.859
3 2020 2 12 0 32.714 16.525
4 2020 2 12 0 32.832 16.073
5 2020 2 12 0 33.119 16.962
6 2020 2 12 0 33.376 17.688
7 2020 2 12 0 33.088 17.076
8 2020 2 12 0 32.876 15.922
9 2020 2 12 0 32.772 16.537
10 2020 2 12 0 32.743 16.516
11 2020 2 12 0 32.765 17.979
12 2020 2 12 0 32.928 18.453
13 2020 2 12 0 33.061 18.463
14 2020 2 12 0 33.319 18.255
15 2020 2 12 0 33.006 17.948
16 2020 2 12 0 33.049 17.666
17 2020 2 12 0 33.233 17.519
18 2020 2 12 0 32.619 17.557
19 2020 2 12 0 29.494 11.079
20 2020 2 12 0 31.965 13.584
21 2020 2 12 0 29.626 11.509
22 2020 2 12 0 29.42 11.123
23 2020 2 12 0 29.656 11.754
24 2020 2 12 0 30.961 12.89
25 2020 2 12 0 29.432 11.359
26 2020 2 12 0 30.8 12.856
27 2020 2 12 0 30.272 12.362
28 2020 2 12 0 29.814 11.91
29 2020 2 12 0 32.432 14.04
30 2020 2 12 0 31.052 13
31 2020 2 12 0 30.068 12.483
32 2020 2 12 0 32.178 13.97
33 2020 2 12 0 33.516 19.838
34 2020 2 12 0 33.424 19.496
35 2020 2 12 0 33.701 20.403
36 2020 2 12 0 33.665 20.459
37 2020 2 12 0 33.495 19.503
38 2020 2 12 0 33.355 19.378
39 2020 2 12 0 33.334 19.217
40 2020 2 12 0 33.571 20.052
41 2020 2 12 0 33.601 19.996
42 2020 2 12 0 32.497 16.466
43 2020 2 12 0 32.508 16.82
44 2020 2 12 0 32.48 16.789
45 2020 2 12 0 32.483 16.21
46 2020 2 12 0 32.471 16.65
47 2020 2 12 0 32.706 16.53
48 2020 2 12 0 32.717 16.338
49 2020 2 12 0 32.581 16.311
51 2020 2 12 0 32.577 16.297
52 2020 2 12 0 32.405 16.352
53 2020 2 12 0 32.703 16.287
54 2020 2 12 0 32.488 16.115
55 2020 2 12 0 31.682 17.268
56 2020 2 12 0 31.619 17.029
57 2020 2 12 0 31.966 18.393
58 2020 2 12 0 31.531 16.693
59 2020 2 12 0 31.874 17.845
60 2020 2 12 0 31.831 17.706
61 2020 2 12 0 32.642 18.864
62 2020 2 12 0 32.96 19.045
63 2020 2 12 0 32.813 18.953
64 2020 2 12 0 32.665 19.283
65 2020 2 12 0 33.091 19.273
66 2020 2 12 0 32.203 19.384
67 2020 2 12 0 32.565 19.305
68 2020 2 12 0 33.067 19.342
69 2020 2 12 0 32.633 19.165
70 2020 2 12 0 33.011 19.441
71 2020 2 12 0 31.75 16.805
72 2020 2 12 0 31.692 16.692
73 2020 2 12 0 31.383 16.058
74 2020 2 12 0 31.727 16.688
75 2020 2 12 0 31.616 16.589
76 2020 2 12 0 31.758 16.779
77 2020 2 12 0 31.742 16.826
78 2020 2 12 0 31.735 16.847
79 2020 2 12 0 31.761 16.771
80 2020 2 12 0.2566 31.738 15.115
81 2020 2 12 0 32.926 16.992
82 2020 2 12 0 32.455 16.917
83 2020 2 12 0 32.383 16.563
84 2020 2 12 0 32.49 16.773
85 2020 2 12 0 32.589 17.19
86 2020 2 12 0 33.046 17.354
87 2020 2 12 0 32.694 16.925
88 2020 2 12 0 32.75 17.505
89 2020 2 12 0 32.519 17.136
90 2020 2 12 0 32.924 17.445
91 2020 2 12 0 32.538 15.789
92 2020 2 12 0 32.676 15.462
93 2020 2 12 0 32.831 16.038
94 2020 2 12 0 32.77 16.266
95 2020 2 12 0 30.586 13.376
96 2020 2 12 0 29.99 12.57
97 2020 2 12 0 31.161 13.985
98 2020 2 12 0 31.005 14.039
99 2020 2 12 0 31.886 15.312
100 2020 2 12 0 31.75 14.893
102 2020 2 12 0 33.196 18.729
103 2020 2 12 0 32.807 17.959
104 2020 2 12 0 32.918 18.273
105 2020 2 12 0 33.303 18.764
106 2020 2 12 0 32.637 17.676
107 2020 2 12 0 33.902 20.975
109 2020 2 12 0 34.12 21.257
110 2020 2 12 0 33.941 21.161
111 2020 2 12 0 33.947 21.066
112 2020 2 12 0 34.182 21.431
113 2020 2 12 0 32.419 16.929
114 2020 2 12 0 32.452 16.826
115 2020 2 12 0 32.403 17.132
116 2020 2 12 0 32.431 17.197
117 2020 2 12 0 32.402 16.971
118 2020 2 12 0 32.649 16.553
119 2020 2 12 0 32.508 16.674
120 2020 2 12 0 31.097 13.65
121 2020 2 12 0 31.89 14.552
122 2020 2 12 0 31.681 14.045
123 2020 2 12 0 32.353 14.322
124 2020 2 12 0 32.5 14.862
125 2020 2 12 0 32.844 15.469
126 2020 2 12 0 32.471 14.424
127 2020 2 12 0 30.265 12.594
128 2020 2 12 0 30.447 12.986
129 2020 2 12 0 32.148 18.79
130 2020 2 12 0 31.965 19.334
131 2020 2 12 0 32.058 18.867
132 2020 2 12 0 32.97 16.54
133 2020 2 12 0 32.376 18.774
134 2020 2 12 0 33.272 17.747
135 2020 2 12 0 32.12 18.363
136 2020 2 12 0 33.81 16.974
137 2020 2 12 0 32.775 18.479
138 2020 2 12 0 33.541 17.107
139 2020 2 12 0 32.427 17.33
140 2020 2 12 0 31.932 16.998
141 2020 2 12 0 32.112 18.706
142 2020 2 12 0 33.515 16.96
143 2020 2 12 0 31.56 15.128
144 2020 2 12 0 30.677 13.795
145 2020 2 12 0 29.663 11.991
146 2020 2 12 0 29.394 10.614
147 2020 2 12 0 32.225 16.011
148 2020 2 12 0 32.14 16.057
149 2020 2 12 0 30.053 12.875
150 2020 2 12 0 29.896 12.645
151 2020 2 12 0 33.502 20.648
152 2020 2 12 0 33.933 20.801
153 2020 2 12 0 33.413 20.604
154 2020 2 12 0 33.832 20.794
155 2020 2 12 0 34.055 21.042
156 2020 2 12 0 33.815 20.434
157 2020 2 12 0 33.763 20.477
158 2020 2 12 0 33.509 20.493
159 2020 2 12 0 33.859 20.846
160 2020 2 12 0 33.576 19.625
161 2020 2 12 0 32.894 16.155
162 2020 2 12 0 33.084 16.935
164 2020 2 12 0 32.539 16.135
165 2020 2 12 0 32.717 16.571
166 2020 2 12 0 32.893 16.87
167 2020 2 12 0 32.634 16.501
168 2020 2 12 0 33.11 16.806
169 2020 2 12 0 32.59 16.325
170 2020 2 12 0 32.876 16.632
171 2020 2 12 0 34.165 20.841
172 2020 2 12 0 34.23 21.013
173 2020 2 12 0 34.269 21.113
174 2020 2 12 0 32.82 18.15
175 2020 2 12 0 32.694 17.82
176 2020 2 12 0 32.466 17.106
177 2020 2 12 0 33.142 18.832
178 2020 2 12 0 33.128 18.799
179 2020 2 12 0 32.573 17.569
180 2020 2 12 0 32.881 18.235
181 2020 2 12 0 32.556 17.515
182 2020 2 12 0 34.092 21.464
183 2020 2 12 0 34.238 21.439
184 2020 2 12 0 34.002 21.607
185 2020 2 12 0 34.169 21.681
186 2020 2 12 0 33.884 21.68
187 2020 2 12 0 34.11 21.752
188 2020 2 12 0 33.289 18.471
189 2020 2 12 0 33.935 20.368
190 2020 2 12 0 33.738 19.804
191 2020 2 12 0 34.064 20.963
192 2020 2 12 0 34.164 21.022
195 2020 2 12 0 31.995 18.284
196 2020 2 12 0 31.953 17.96
197 2020 2 12 0 31.853 17.648
198 2020 2 12 0 31.847 17.508
199 2020 2 12 0.99446 31.918 16.492
200 2020 2 12 1.1892 31.425 16.392
201 2020 2 12 0.92081 31.566 16.586
202 2020 2 12 0 31.889 16.513
203 2020 2 12 0 32.334 16.222
204 2020 2 12 0 32.258 16.342
205 2020 2 12 0 30.91 14.221
206 2020 2 12 0 32.128 16.095
207 2020 2 12 0 32.114 16.101
208 2020 2 12 0 31.776 15.549
209 2020 2 12 0 31.871 15.675
210 2020 2 12 0 32.407 17.08
211 2020 2 12 0 32.486 17.325
212 2020 2 12 0 32.442 17.214
213 2020 2 12 0 32.545 17.388
214 2020 2 12 0 32.638 17.643
215 2020 2 12 0 32.545 17.471
216 2020 2 12 0 33.325 19.218
217 2020 2 12 0 33.723 17.695
218 2020 2 12 0 33.019 19.581
219 2020 2 12 0 33.036 19.817
220 2020 2 12 0 32.904 20.021
221 2020 2 12 0 32.994 19.956
222 2020 2 12 0 33.324 18.768
223 2020 2 12 0 33.481 18.798
224 2020 2 12 0 33.375 19.701
225 2020 2 12 0 32.951 19.97
226 2020 2 12 0 33.164 19.936
227 2020 2 12 0 33.007 19.892
228 2020 2 12 0 33.08 19.853
229 2020 2 12 0 33.261 19.613
230 2020 2 12 0 33.237 19.539
231 2020 2 12 0 32.906 20.065
232 2020 2 12 0 33.273 19.4
233 2020 2 12 0 32.393 16.648
234 2020 2 12 0 32.241 16.124
235 2020 2 12 0 32.173 16.131
236 2020 2 12 0 32.379 16.488
237 2020 2 12 0 32.457 16.268
238 2020 2 12 0 32.244 16.352
239 2020 2 12 0 33.48 18.117
240 2020 2 12 0 33.358 19.577
241 2020 2 12 0 33.304 19.274
242 2020 2 12 0 33.192 19.837
243 2020 2 12 0 33.038 19.79
244 2020 2 12 0 33.252 19.416
245 2020 2 12 0 33.333 18.605
246 2020 2 12 0 33.108 19.589
247 2020 2 12 0 33.46 18.002
248 2020 2 12 0 33.514 17.129
249 2020 2 12 0 33.404 16.988
250 2020 2 12 0 33.364 16.844
251 2020 2 12 0 33.53 17.548
252 2020 2 12 0 33.256 16.934
0 2020 2 12 0 31.806 15.742
