1 2020 5 15 0 41.139 27.771
2 2020 5 15 0 40.165 27.128
3 2020 5 15 0 41.161 27.925
4 2020 5 15 0 40.536 26.732
5 2020 5 15 0 39.463 27.001
6 2020 5 15 0 39.797 27.417
7 2020 5 15 0 40.623 27.622
8 2020 5 15 0 40.317 26.335
9 2020 5 15 0 40.445 27.045
10 2020 5 15 0 39.847 26.379
11 2020 5 15 0 40.95 28.406
12 2020 5 15 0 40.658 28.357
13 2020 5 15 0 40.628 28.228
14 2020 5 15 0 40.628 27.968
15 2020 5 15 0 40.887 28.186
16 2020 5 15 0 40.962 28.125
17 2020 5 15 0 40.918 27.976
18 2020 5 15 0 41.09 28.625
19 2020 5 15 0 40.735 26.4
20 2020 5 15 0 39.944 25.801
21 2020 5 15 0 40.698 26.345
22 2020 5 15 0 40.369 26.282
23 2020 5 15 0 39.827 25.745
24 2020 5 15 0 39.796 25.722
25 2020 5 15 0 39.897 26.16
26 2020 5 15 0 39.605 25.339
27 2020 5 15 0 39.731 25.848
28 2020 5 15 0 40.676 26.034
29 2020 5 15 0 39.913 25.971
30 2020 5 15 0 40.224 26.417
31 2020 5 15 0 40.997 26.036
32 2020 5 15 0 40.475 26.573
33 2020 5 15 0 39.897 28.44
34 2020 5 15 0 39.944 28.243
35 2020 5 15 0 39.772 28.564
36 2020 5 15 0 39.427 28.278
37 2020 5 15 0 40.117 27.994
38 2020 5 15 0 40.316 28.852
39 2020 5 15 0 40.349 29.136
40 2020 5 15 0 39.586 28.038
41 2020 5 15 0 39.973 28.921
42 2020 5 15 0 40.939 28.634
43 2020 5 15 0 41.236 29.177
44 2020 5 15 0 41.091 29.066
45 2020 5 15 0 41.573 28.667
46 2020 5 15 0 40.95 28.831
47 2020 5 15 0 41.329 29.07
48 2020 5 15 0 41.493 28.947
49 2020 5 15 0 41.199 28.656
51 2020 5 15 0 41.278 27.899
52 2020 5 15 0 41.473 28.331
53 2020 5 15 0 41.077 27.572
54 2020 5 15 0 41.356 27.775
55 2020 5 15 0 35.666 25.929
56 2020 5 15 0 36.747 26.039
57 2020 5 15 0 35.072 25.835
58 2020 5 15 0 36.888 25.967
59 2020 5 15 0 35.768 25.983
60 2020 5 15 0 35.06 25.821
61 2020 5 15 0 33.288 20.379
62 2020 5 15 0 35.119 25.769
63 2020 5 15 0 34.778 25.9
64 2020 5 15 0 33.684 20.256
65 2020 5 15 0 34.462 19.683
66 2020 5 15 0 32.942 20.678
67 2020 5 15 0 33.525 20.37
68 2020 5 15 0 34.471 19.63
69 2020 5 15 0 33.508 20.386
70 2020 5 15 0 34.34 19.494
71 2020 5 15 0 32.044 20.16
72 2020 5 15 0 36.091 25.983
73 2020 5 15 0 37.378 25.856
74 2020 5 15 0 36.01 25.981
75 2020 5 15 0 36.305 25.971
76 2020 5 15 0 35.84 26
77 2020 5 15 0 32.019 20.175
78 2020 5 15 0 31.944 20.159
79 2020 5 15 0 35.846 25.997
80 2020 5 15 0 38.117 25.6
81 2020 5 15 0 41.063 27.961
82 2020 5 15 0 41.344 28.837
83 2020 5 15 0 41.499 28.706
84 2020 5 15 0 41.358 28.661
85 2020 5 15 0 41.22 28.576
86 2020 5 15 0 41.01 28.045
87 2020 5 15 0 41.182 28.27
88 2020 5 15 0 41.076 28.367
89 2020 5 15 0 41.249 28.745
90 2020 5 15 0 41.022 28.156
91 2020 5 15 0 40.98 27.196
92 2020 5 15 0 40.702 26.595
93 2020 5 15 0 40.84 27.065
94 2020 5 15 0 40.723 27.13
95 2020 5 15 0 41.121 26.402
96 2020 5 15 0 40.961 26.254
97 2020 5 15 0 40.932 26.393
98 2020 5 15 0 41.18 26.836
99 2020 5 15 0 41.358 27.465
100 2020 5 15 0 41.106 26.959
102 2020 5 15 0.17034 40.602 29.345
103 2020 5 15 0.24478 41.423 29.284
104 2020 5 15 0 41.166 29.203
105 2020 5 15 0 40.413 29.47
106 2020 5 15 0 41.734 29.231
107 2020 5 15 0 35.787 20.717
109 2020 5 15 0 35.057 20.918
110 2020 5 15 0 35.421 20.599
111 2020 5 15 0 39.64 28.552
112 2020 5 15 0 34.752 20.876
113 2020 5 15 0 41.196 29.186
114 2020 5 15 0 41.329 29.026
115 2020 5 15 0 41.197 29.224
116 2020 5 15 0 41.302 29.242
117 2020 5 15 0 41.219 29.113
118 2020 5 15 0 41.424 29.03
119 2020 5 15 0 41.439 28.943
120 2020 5 15 0 40.273 25.88
121 2020 5 15 0 40.475 26.232
122 2020 5 15 0 40 25.706
123 2020 5 15 0 39.758 25.52
124 2020 5 15 0 39.874 25.566
125 2020 5 15 0 40.138 25.838
126 2020 5 15 0 39.31 25.484
127 2020 5 15 0 39.869 25.382
128 2020 5 15 0 40.611 25.82
129 2020 5 15 0 32.38 20.597
130 2020 5 15 0 32.47 20.759
131 2020 5 15 0 32.255 20.626
132 2020 5 15 0 38.242 25.59
133 2020 5 15 0 32.786 20.44
134 2020 5 15 0 36.582 25.576
135 2020 5 15 0.12729 35.572 25.942
136 2020 5 15 0 38.343 25.327
137 2020 5 15 0 35.453 25.82
138 2020 5 15 0 37.29 25.456
139 2020 5 15 0 36.875 25.831
140 2020 5 15 0 37.2 25.964
141 2020 5 15 0 32.249 20.493
142 2020 5 15 0 39.604 25.427
143 2020 5 15 0 41.65 27.732
144 2020 5 15 0 41.217 27.057
145 2020 5 15 0 40.685 26.425
146 2020 5 15 0 40.455 26.31
147 2020 5 15 0 41.682 28.055
148 2020 5 15 0 41.777 28.284
149 2020 5 15 0 40.923 26.624
150 2020 5 15 0 40.838 26.574
151 2020 5 15 0 39.362 28.281
152 2020 5 15 0 39.34 28.809
153 2020 5 15 0 39.267 28.19
154 2020 5 15 0 39.681 28.654
155 2020 5 15 0 39.21 28.788
156 2020 5 15 0 39.497 28.942
157 2020 5 15 0 39.748 28.823
158 2020 5 15 0 39.237 28.151
159 2020 5 15 0 39.665 28.659
160 2020 5 15 0 39.803 29.253
161 2020 5 15 0 39.647 25.81
162 2020 5 15 0 39.443 26.403
164 2020 5 15 0 39.393 25.739
165 2020 5 15 0 39.458 26.081
166 2020 5 15 0 39.498 26.662
167 2020 5 15 0 39.236 25.858
168 2020 5 15 0 39.492 25.856
169 2020 5 15 0 39.294 25.797
170 2020 5 15 0 39.453 26.086
171 2020 5 15 0.90146 34.54 21.016
172 2020 5 15 0.68349 38.253 29.056
173 2020 5 15 0.26289 34.508 21.319
174 2020 5 15 0 40.84 28.661
175 2020 5 15 0 41.328 29.036
176 2020 5 15 0 41.226 28.908
177 2020 5 15 0 40.464 28.588
178 2020 5 15 0 40.368 28.343
179 2020 5 15 0 41.032 28.816
180 2020 5 15 0 41.146 28.963
181 2020 5 15 0 41.204 29.059
182 2020 5 15 0 34.867 20.58
183 2020 5 15 0.12614 34.438 21.155
184 2020 5 15 0.43648 34.139 21.277
185 2020 5 15 0 34.496 20.579
186 2020 5 15 0 34.499 20.366
187 2020 5 15 0 34.458 20.561
188 2020 5 15 0 40.654 29.544
189 2020 5 15 0 38.977 29.17
190 2020 5 15 0 39.384 29.289
191 2020 5 15 0 38.954 28.889
192 2020 5 15 0 38.782 28.991
195 2020 5 15 0 31.7 20.395
196 2020 5 15 0 31.762 20.362
197 2020 5 15 0 31.63 20.275
198 2020 5 15 0 31.825 20.295
199 2020 5 15 0 38.446 25.825
200 2020 5 15 0 37.713 25.879
201 2020 5 15 0 37.832 25.913
202 2020 5 15 0 37.995 25.896
203 2020 5 15 0 38.978 25.754
204 2020 5 15 0 41.648 28.544
205 2020 5 15 0 41.377 27.331
206 2020 5 15 0 41.794 28.344
207 2020 5 15 0 41.815 28.337
208 2020 5 15 0 41.798 27.991
209 2020 5 15 0 41.854 28.063
210 2020 5 15 0 41.208 29.178
211 2020 5 15 0 41.449 29.236
212 2020 5 15 0 41.332 29.237
213 2020 5 15 0 41.636 29.166
214 2020 5 15 0 41.718 29.239
215 2020 5 15 0 41.601 29.233
216 2020 5 15 0 36.2 25.606
217 2020 5 15 0 38.201 25.354
218 2020 5 15 0 35.385 25.644
219 2020 5 15 0 35.424 25.686
220 2020 5 15 0 35.67 19.096
221 2020 5 15 0 35.779 25.632
222 2020 5 15 0 35.935 25.576
223 2020 5 15 0 37.651 25.588
224 2020 5 15 0 36.34 25.693
225 2020 5 15 0 36.639 25.606
226 2020 5 15 0 36.182 25.64
227 2020 5 15 0 35.294 25.687
228 2020 5 15 0 35.093 19.19
229 2020 5 15 0 35.142 19.161
230 2020 5 15 0 35.003 19.256
231 2020 5 15 0 35.167 19.193
232 2020 5 15 0 34.925 19.331
233 2020 5 15 0 41.497 28.777
234 2020 5 15 0 41.769 28.453
235 2020 5 15 0 41.79 28.398
236 2020 5 15 0 41.585 28.72
237 2020 5 15 0 41.638 28.701
238 2020 5 15 0 41.677 28.547
239 2020 5 15 0 39.182 27.119
240 2020 5 15 0 37.183 25.915
241 2020 5 15 0 38.938 26.899
242 2020 5 15 0 36.923 25.871
243 2020 5 15 0 37.144 26.056
244 2020 5 15 0 38.034 26.206
245 2020 5 15 0 38.725 26.435
246 2020 5 15 0 38.263 26.546
247 2020 5 15 0 38.858 26.167
248 2020 5 15 0 39.271 26.669
249 2020 5 15 0 39.723 25.983
250 2020 5 15 0 39.362 26.8
251 2020 5 15 0 39.436 25.641
252 2020 5 15 0 39.527 26.363
0 2020 5 15 0 37.944 25.77
