1 2020 5 28 0 41.847 28.246
2 2020 5 28 0 41.113 28.21
3 2020 5 28 0 42.083 28.251
4 2020 5 28 0 40.622 28.102
5 2020 5 28 0 40.616 28.031
6 2020 5 28 0 40.906 28.051
7 2020 5 28 0 41.908 28.252
8 2020 5 28 0 40.186 28.022
9 2020 5 28 0 40.92 28.223
10 2020 5 28 0 40.027 28.162
11 2020 5 28 0 42.831 28.349
12 2020 5 28 0 42.28 28.373
13 2020 5 28 0 42.201 28.338
14 2020 5 28 0 42.035 28.284
15 2020 5 28 0 42.655 28.323
16 2020 5 28 0 42.691 28.318
17 2020 5 28 0 42.512 28.308
18 2020 5 28 0 42.786 28.415
19 2020 5 28 0 40.42 26.865
20 2020 5 28 0 39.186 27.737
21 2020 5 28 0 40.174 26.734
22 2020 5 28 0 40.149 26.873
23 2020 5 28 0 39.317 26.553
24 2020 5 28 0 39.107 27.175
25 2020 5 28 0 39.841 26.825
26 2020 5 28 0 38.599 26.823
27 2020 5 28 0 39.327 26.936
28 2020 5 28 0 40.152 26.552
29 2020 5 28 0 39.272 28.177
30 2020 5 28 0 40.129 27.618
31 2020 5 28 0 40.383 26.41
32 2020 5 28 0 40.278 28.277
33 2020 5 28 0 39.879 28.458
34 2020 5 28 0 40.55 28.381
35 2020 5 28 0 39.142 28.506
36 2020 5 28 0 38.951 28.383
37 2020 5 28 0 41.034 28.273
38 2020 5 28 0 39.812 28.598
39 2020 5 28 0 39.421 28.676
40 2020 5 28 0 39.836 28.286
41 2020 5 28 0 39.005 28.613
42 2020 5 28 0 41.656 28.324
43 2020 5 28 0 42.244 28.82
44 2020 5 28 0 42.127 28.664
45 2020 5 28 0 41.81 28.55
46 2020 5 28 0 41.866 28.434
47 2020 5 28 0 41.893 28.816
48 2020 5 28 0 41.785 28.776
49 2020 5 28 0 41.611 28.483
51 2020 5 28 0 41.958 28.224
52 2020 5 28 0 42.458 28.204
53 2020 5 28 0 41.578 28.235
54 2020 5 28 0 41.762 28.187
55 2020 5 28 0 34.941 28.273
56 2020 5 28 0 35.929 28.203
57 2020 5 28 0 34.62 28.386
58 2020 5 28 0 36.065 28.269
59 2020 5 28 0 35.234 28.324
60 2020 5 28 0 34.516 28.357
61 2020 5 28 0 33.288 20.379
62 2020 5 28 0 35.584 28.142
63 2020 5 28 0 34.868 28.19
64 2020 5 28 0 33.684 20.256
65 2020 5 28 0 34.462 19.683
66 2020 5 28 0 32.942 20.678
67 2020 5 28 0 33.525 20.37
68 2020 5 28 0 34.471 19.63
69 2020 5 28 0 33.508 20.386
70 2020 5 28 0 34.34 19.494
71 2020 5 28 0 32.044 20.16
72 2020 5 28 0 35.217 28.346
73 2020 5 28 0 36.52 28.424
74 2020 5 28 0 35.133 28.339
75 2020 5 28 0 35.435 28.365
76 2020 5 28 0 34.959 28.33
77 2020 5 28 0 32.019 20.175
78 2020 5 28 0 31.944 20.159
79 2020 5 28 0 34.969 28.329
80 2020 5 28 0 37.18 28.299
81 2020 5 28 0 42.318 28.283
82 2020 5 28 0 42.462 28.537
83 2020 5 28 0 42.729 28.302
84 2020 5 28 0 42.833 28.294
85 2020 5 28 0 42.906 28.289
86 2020 5 28 0 42.548 28.304
87 2020 5 28 0 42.577 28.267
88 2020 5 28 0 42.804 28.295
89 2020 5 28 0 42.697 28.44
90 2020 5 28 0 42.627 28.302
91 2020 5 28 0 41.23 28
92 2020 5 28 0 40.561 27.865
93 2020 5 28 0 41.049 28.13
94 2020 5 28 0 41.051 28.193
95 2020 5 28 0 40.676 26.744
96 2020 5 28 0 40.325 26.557
97 2020 5 28 0 40.615 26.987
98 2020 5 28 0 40.922 27.166
99 2020 5 28 0 41.462 27.807
100 2020 5 28 0 41.138 27.497
102 2020 5 28 0 39.709 28.795
103 2020 5 28 0 40.844 28.795
104 2020 5 28 0 40.536 28.73
105 2020 5 28 0 39.654 28.937
106 2020 5 28 0 41.304 28.761
107 2020 5 28 0 35.787 20.717
109 2020 5 28 0 35.057 20.918
110 2020 5 28 0 35.421 20.599
111 2020 5 28 0 38.676 28.502
112 2020 5 28 0 34.752 20.876
113 2020 5 28 0 42.367 28.792
114 2020 5 28 0 42.203 28.733
115 2020 5 28 0 42.382 28.778
116 2020 5 28 0 42.195 28.784
117 2020 5 28 0 42.378 28.747
118 2020 5 28 0 41.925 28.81
119 2020 5 28 0 42.005 28.73
120 2020 5 28 0 39.617 26.901
121 2020 5 28 0 40.071 27.385
122 2020 5 28 0 39.279 27.224
123 2020 5 28 0 39.028 27.789
124 2020 5 28 0 39.316 27.757
125 2020 5 28 0 39.779 27.896
126 2020 5 28 0 38.484 28.079
127 2020 5 28 0 38.874 26.405
128 2020 5 28 0 39.896 26.471
129 2020 5 28 0 32.38 20.597
130 2020 5 28 0 32.47 20.759
131 2020 5 28 0 32.255 20.626
132 2020 5 28 0 37.822 27.824
133 2020 5 28 0 32.786 20.44
134 2020 5 28 0 36.52 27.935
135 2020 5 28 0 35.31 28.278
136 2020 5 28 0 38.243 27.685
137 2020 5 28 0 35.484 28.159
138 2020 5 28 0 37.032 27.78
139 2020 5 28 0 36.391 28.085
140 2020 5 28 0 36.51 28.114
141 2020 5 28 0 32.249 20.493
142 2020 5 28 0 39.53 27.804
143 2020 5 28 0 41.578 27.801
144 2020 5 28 0 40.834 27.238
145 2020 5 28 0 40.022 26.754
146 2020 5 28 0 39.877 26.807
147 2020 5 28 0 42.009 28.147
148 2020 5 28 0 42.262 28.145
149 2020 5 28 0 40.322 26.869
150 2020 5 28 0 40.182 26.844
151 2020 5 28 0 38.746 28.382
152 2020 5 28 0 38.296 28.643
153 2020 5 28 0 38.756 28.341
154 2020 5 28 0 38.664 28.548
155 2020 5 28 0 38.184 28.653
156 2020 5 28 0 38.411 28.662
157 2020 5 28 0 38.681 28.594
158 2020 5 28 0 38.809 28.325
159 2020 5 28 0 38.615 28.554
160 2020 5 28 0 38.672 28.745
161 2020 5 28 0 39.424 27.961
162 2020 5 28 0 40.056 28.104
164 2020 5 28 0 39.063 27.942
165 2020 5 28 0 39.596 28.102
166 2020 5 28 0 40.384 28.138
167 2020 5 28 0 39.051 28.033
168 2020 5 28 0 39.485 28.056
169 2020 5 28 0 39.029 27.978
170 2020 5 28 0 39.609 28.082
171 2020 5 28 0 34.54 21.016
172 2020 5 28 0 37.369 28.877
173 2020 5 28 0 34.508 21.319
174 2020 5 28 0 41.984 28.52
175 2020 5 28 0 41.556 28.686
176 2020 5 28 0 42.489 28.607
177 2020 5 28 0 40.861 28.512
178 2020 5 28 0 41.501 28.399
179 2020 5 28 0 42.628 28.573
180 2020 5 28 0 41.01 28.654
181 2020 5 28 0 42.13 28.697
182 2020 5 28 0 34.867 20.58
183 2020 5 28 0 34.438 21.155
184 2020 5 28 0 34.139 21.277
185 2020 5 28 0 34.496 20.579
186 2020 5 28 0 34.499 20.366
187 2020 5 28 0 34.458 20.561
188 2020 5 28 0 40.264 28.984
189 2020 5 28 0 38.006 28.833
190 2020 5 28 0 38.576 28.922
191 2020 5 28 0 37.951 28.715
192 2020 5 28 0 37.786 28.766
195 2020 5 28 0 31.7 20.395
196 2020 5 28 0 31.762 20.362
197 2020 5 28 0 31.63 20.275
198 2020 5 28 0 31.825 20.295
199 2020 5 28 0 38.142 28.048
200 2020 5 28 0.16114 37.185 28.274
201 2020 5 28 0 37.341 28.191
202 2020 5 28 0 37.349 28.072
203 2020 5 28 0 38.564 27.934
204 2020 5 28 0 42.376 28.294
205 2020 5 28 0 41.075 27.444
206 2020 5 28 0 42.215 28.191
207 2020 5 28 0 42.048 28.246
208 2020 5 28 0 41.809 27.979
209 2020 5 28 0 41.91 28.032
210 2020 5 28 0 42.167 28.71
211 2020 5 28 0 41.938 28.777
212 2020 5 28 0 42.13 28.783
213 2020 5 28 0 41.48 28.696
214 2020 5 28 0 41.314 28.775
215 2020 5 28 0 41.682 28.769
216 2020 5 28 0 37.03 28.031
217 2020 5 28 0 38.375 27.766
218 2020 5 28 0 36.355 28.125
219 2020 5 28 0 36.272 28.106
220 2020 5 28 0 35.67 19.096
221 2020 5 28 0 36.315 27.988
222 2020 5 28 0 36.563 28.008
223 2020 5 28 0 38.19 27.911
224 2020 5 28 0 37.231 28.036
225 2020 5 28 0 36.826 27.781
226 2020 5 28 0 36.84 27.961
227 2020 5 28 0 35.816 28.066
228 2020 5 28 0 35.093 19.19
229 2020 5 28 0 35.142 19.161
230 2020 5 28 0 35.003 19.256
231 2020 5 28 0 35.167 19.193
232 2020 5 28 0 34.925 19.331
233 2020 5 28 0 42.293 28.511
234 2020 5 28 0 41.958 28.362
235 2020 5 28 0 41.987 28.313
236 2020 5 28 0 41.968 28.572
237 2020 5 28 0 41.893 28.569
238 2020 5 28 0 42.066 28.405
239 2020 5 28 0 39.637 27.793
240 2020 5 28 0 37.697 27.89
241 2020 5 28 0 38.852 27.748
242 2020 5 28 0 37.265 27.84
243 2020 5 28 0 37.109 27.74
244 2020 5 28 0 38.052 27.718
245 2020 5 28 0 38.787 27.676
246 2020 5 28 0 37.923 27.666
247 2020 5 28 0 39.175 27.757
248 2020 5 28 0 39.805 27.738
249 2020 5 28 0 39.996 27.877
250 2020 5 28 0 40.163 27.861
251 2020 5 28 0 39.648 27.784
252 2020 5 28 0 40.092 27.966
0 2020 5 28 0 37.039 28.31
