1 2020 4 10 0 39.789 23.547
2 2020 4 10 0 38.851 22.942
3 2020 4 10 0 39.876 23.657
4 2020 4 10 0 39.2 22.765
5 2020 4 10 0 38.292 22.585
6 2020 4 10 0 38.757 23.007
7 2020 4 10 0 39.401 23.45
8 2020 4 10 0 39.024 22.463
9 2020 4 10 0 39.034 22.917
10 2020 4 10 0 38.428 22.311
11 2020 4 10 0 39.62 23.868
12 2020 4 10 0 39.367 23.757
13 2020 4 10 0 39.386 23.745
14 2020 4 10 0 39.495 23.725
15 2020 4 10 0 39.61 23.823
16 2020 4 10 0 39.718 23.838
17 2020 4 10 0 39.764 23.813
18 2020 4 10 0 39.886 23.987
19 2020 4 10 0 38.415 21.844
20 2020 4 10 0 38.626 21.827
21 2020 4 10 0 38.273 21.601
22 2020 4 10 0 38.198 21.931
23 2020 4 10 0 37.854 21.514
24 2020 4 10 0 38.246 21.691
25 2020 4 10 0 37.918 22.006
26 2020 4 10 0 37.92 21.165
27 2020 4 10 0 38.068 21.841
28 2020 4 10 0 38.459 21.609
29 2020 4 10 0 38.735 22
30 2020 4 10 0 38.843 22.655
31 2020 4 10 0 38.71 21.542
32 2020 4 10 0 39.387 22.902
33 2020 4 10 0 38.789 23.738
34 2020 4 10 0 38.927 23.586
35 2020 4 10 0 38.636 23.877
36 2020 4 10 0 38.122 23.788
37 2020 4 10 0 39.054 23.597
38 2020 4 10 0 38.986 23.948
39 2020 4 10 0 38.912 24.137
40 2020 4 10 0 38.359 23.63
41 2020 4 10 0 38.734 24.065
42 2020 4 10 0 39.775 23.559
43 2020 4 10 0 40.213 24.199
44 2020 4 10 0 40.069 23.999
45 2020 4 10 0 40.199 24.094
46 2020 4 10 0 39.893 23.742
47 2020 4 10 0 40.26 24.312
48 2020 4 10 0 40.322 24.375
49 2020 4 10 0 39.959 23.803
51 2020 4 10 0 39.944 23.631
52 2020 4 10 0 40.282 23.901
53 2020 4 10 0 39.665 23.408
54 2020 4 10 0 39.936 23.551
55 2020 4 10 0 33.104 22.16
56 2020 4 10 0 33.865 22.228
57 2020 4 10 0 32.385 22.304
58 2020 4 10 0 34.518 22.015
59 2020 4 10 0 32.721 22.314
60 2020 4 10 0 32.587 22.211
61 2020 4 10 0 33.288 20.379
62 2020 4 10 0 33.541 22.03
63 2020 4 10 0 32.705 22.257
64 2020 4 10 0 33.684 20.256
65 2020 4 10 0 34.462 19.683
66 2020 4 10 0 32.942 20.678
67 2020 4 10 0 33.525 20.37
68 2020 4 10 0 34.471 19.63
69 2020 4 10 0 33.508 20.386
70 2020 4 10 0 34.34 19.494
71 2020 4 10 0 32.044 20.16
72 2020 4 10 0 34.368 21.991
73 2020 4 10 0 35.782 21.629
74 2020 4 10 0 34.298 21.997
75 2020 4 10 0 34.598 21.94
76 2020 4 10 0 34.108 22.044
77 2020 4 10 0 32.019 20.175
78 2020 4 10 0 31.944 20.159
79 2020 4 10 0 34.118 22.039
80 2020 4 10 0 36.569 21.126
81 2020 4 10 0 39.813 23.728
82 2020 4 10 0 40.341 24.275
83 2020 4 10 0 40.476 24.187
84 2020 4 10 0 40.318 24.114
85 2020 4 10 0 40.083 24.024
86 2020 4 10 0 39.793 23.809
87 2020 4 10 0 39.992 23.865
88 2020 4 10 0 39.836 23.903
89 2020 4 10 0 40.168 24.133
90 2020 4 10 0 39.775 23.828
91 2020 4 10 0 39.528 23.088
92 2020 4 10 0 39.386 22.695
93 2020 4 10 0 39.501 23.063
94 2020 4 10 0 39.324 23.048
95 2020 4 10 0 38.944 21.928
96 2020 4 10 0 38.523 21.625
97 2020 4 10 0 39.038 22.093
98 2020 4 10 0 39.158 22.386
99 2020 4 10 0 39.708 23.149
100 2020 4 10 0 39.367 22.688
102 2020 4 10 0 39.031 24.236
103 2020 4 10 0 39.548 24.093
104 2020 4 10 0 39.401 24.073
105 2020 4 10 0 38.905 24.335
106 2020 4 10 0 39.762 24.02
107 2020 4 10 0 35.787 20.717
109 2020 4 10 0 35.057 20.918
110 2020 4 10 0 35.421 20.599
111 2020 4 10 0 38.476 23.903
112 2020 4 10 0 34.752 20.876
113 2020 4 10 0 40.191 24.143
114 2020 4 10 0 40.346 24.32
115 2020 4 10 0 40.069 24.041
116 2020 4 10 0 40.025 24.029
117 2020 4 10 0 40.221 24.176
118 2020 4 10 0 40.38 24.43
119 2020 4 10 0 40.463 24.462
120 2020 4 10 0 38.52 21.69
121 2020 4 10 0 38.946 22.19
122 2020 4 10 0 38.502 21.703
123 2020 4 10 0 38.469 21.573
124 2020 4 10 0 38.598 21.717
125 2020 4 10 0 38.919 22.072
126 2020 4 10 0 37.986 21.268
127 2020 4 10 0 37.936 21.082
128 2020 4 10 0 38.558 21.457
129 2020 4 10 0 32.38 20.597
130 2020 4 10 0 32.47 20.759
131 2020 4 10 0 32.255 20.626
132 2020 4 10 0 36.134 21.572
133 2020 4 10 0 32.786 20.44
134 2020 4 10 0 34.454 21.671
135 2020 4 10 0 32.651 22.248
136 2020 4 10 0 36.597 21.321
137 2020 4 10 0 33.202 22.088
138 2020 4 10 0 35.168 21.453
139 2020 4 10 0 34.108 21.994
140 2020 4 10 0 34.368 22.135
141 2020 4 10 0 32.249 20.493
142 2020 4 10 0 37.769 21.541
143 2020 4 10 0 39.957 23.312
144 2020 4 10 0 39.058 22.463
145 2020 4 10 0 38.092 21.586
146 2020 4 10 0 38.043 21.351
147 2020 4 10 0 40.295 23.744
148 2020 4 10 0 40.467 23.889
149 2020 4 10 0 38.436 21.899
150 2020 4 10 0 38.265 21.789
151 2020 4 10 0 38.032 23.795
152 2020 4 10 0 38.214 24.04
153 2020 4 10 0 37.882 23.757
154 2020 4 10 0 38.552 23.955
155 2020 4 10 0 38.101 24.03
156 2020 4 10 0 38.315 24.109
157 2020 4 10 0 38.579 24.044
158 2020 4 10 0 37.827 23.746
159 2020 4 10 0 38.55 23.953
160 2020 4 10 0 38.485 24.262
161 2020 4 10 0 38.13 21.852
162 2020 4 10 0 38.054 22.196
164 2020 4 10 0 37.656 21.7
165 2020 4 10 0 37.933 21.962
166 2020 4 10 0 38.149 22.418
167 2020 4 10 0 37.554 21.81
168 2020 4 10 0 37.892 21.813
169 2020 4 10 0 37.56 21.741
170 2020 4 10 0 37.915 21.96
171 2020 4 10 0 34.54 21.016
172 2020 4 10 0 37.119 24.197
173 2020 4 10 0 34.508 21.319
174 2020 4 10 0 39.529 23.827
175 2020 4 10 0 39.701 23.936
176 2020 4 10 0 40.179 24.167
177 2020 4 10 0 39.198 23.721
178 2020 4 10 0 39.215 23.669
179 2020 4 10 0 39.845 23.961
180 2020 4 10 0 39.484 23.9
181 2020 4 10 0 39.862 23.973
182 2020 4 10 0 34.867 20.58
183 2020 4 10 0 34.438 21.155
184 2020 4 10 0 34.139 21.277
185 2020 4 10 0 34.496 20.579
186 2020 4 10 0 34.499 20.366
187 2020 4 10 0 34.458 20.561
188 2020 4 10 0 39.156 24.544
189 2020 4 10 0 37.746 24.237
190 2020 4 10 0 38.059 24.281
191 2020 4 10 0 37.83 24.091
192 2020 4 10 0 37.635 24.15
195 2020 4 10 0 31.7 20.395
196 2020 4 10 0 31.762 20.362
197 2020 4 10 0 31.63 20.275
198 2020 4 10 0 31.825 20.295
199 2020 4 10 0 36.659 21.86
200 2020 4 10 0 35.99 21.792
201 2020 4 10 0 35.911 21.922
202 2020 4 10 0 35.64 21.953
203 2020 4 10 0 37.056 21.73
204 2020 4 10 0 40.504 24.114
205 2020 4 10 0 39.336 22.755
206 2020 4 10 0 40.5 23.948
207 2020 4 10 0 40.497 23.968
208 2020 4 10 0 40.198 23.564
209 2020 4 10 0 40.341 23.669
210 2020 4 10 0 40.02 23.971
211 2020 4 10 0 39.955 24.021
212 2020 4 10 0 40.011 24.022
213 2020 4 10 0 39.846 23.951
214 2020 4 10 0 39.769 24.021
215 2020 4 10 0 39.879 24.019
216 2020 4 10 0 35.242 21.873
217 2020 4 10 0 36.619 21.513
218 2020 4 10 0 34.419 21.812
219 2020 4 10 0 34.342 22.086
220 2020 4 10 0 35.67 19.096
221 2020 4 10 0 34.322 22.231
222 2020 4 10 0 34.682 21.714
223 2020 4 10 0 36.512 21.956
224 2020 4 10 0 35.611 22.167
225 2020 4 10 0 34.835 22.343
226 2020 4 10 0 35.021 22.255
227 2020 4 10 0 33.772 22.228
228 2020 4 10 0 35.093 19.19
229 2020 4 10 0 35.142 19.161
230 2020 4 10 0 35.003 19.256
231 2020 4 10 0 35.167 19.193
232 2020 4 10 0 34.925 19.331
233 2020 4 10 0 40.519 24.372
234 2020 4 10 0 40.328 24.037
235 2020 4 10 0 40.414 24.015
236 2020 4 10 0 40.498 24.358
237 2020 4 10 0 40.338 24.237
238 2020 4 10 0 40.517 24.189
239 2020 4 10 0 38.117 22.643
240 2020 4 10 0 36.27 22.28
241 2020 4 10 0 37.513 22.751
242 2020 4 10 0 35.695 22.342
243 2020 4 10 0 35.541 22.39
244 2020 4 10 0 36.821 22.35
245 2020 4 10 0 37.502 22.313
246 2020 4 10 0 36.689 22.542
247 2020 4 10 0 37.617 22.104
248 2020 4 10 0 38.178 22.196
249 2020 4 10 0 38.181 21.887
250 2020 4 10 0 38.256 22.294
251 2020 4 10 0 37.849 21.786
252 2020 4 10 0 38.15 22.124
0 2020 4 10 0 36.447 21.581
