1 2020 4 27 0 39.697 25.685
2 2020 4 27 0 38.918 25.091
3 2020 4 27 0 39.75 25.7
4 2020 4 27 0 39.292 25.115
5 2020 4 27 0 38.327 24.72
6 2020 4 27 0 38.72 24.862
7 2020 4 27 0 39.418 25.367
8 2020 4 27 0 39.17 24.888
9 2020 4 27 0 39.124 25.201
10 2020 4 27 0 38.631 24.74
11 2020 4 27 0 39.498 25.774
12 2020 4 27 0 38.99 25.746
13 2020 4 27 0 39.086 25.633
14 2020 4 27 0 39.359 25.423
15 2020 4 27 0 39.564 25.633
16 2020 4 27 0 39.715 25.619
17 2020 4 27 0 39.77 25.525
18 2020 4 27 0 39.531 25.979
19 2020 4 27 0 38.614 23.594
20 2020 4 27 0 38.335 24.786
21 2020 4 27 0 38.401 23.429
22 2020 4 27 0 38.406 23.664
23 2020 4 27 0 37.911 23.546
24 2020 4 27 0 38.138 24.215
25 2020 4 27 0 38.115 23.756
26 2020 4 27 0 37.776 23.776
27 2020 4 27 0 38.088 24.02
28 2020 4 27 0 38.488 23.63
29 2020 4 27 0 38.521 25.174
30 2020 4 27 0 38.939 24.79
31 2020 4 27 0 38.637 23.684
32 2020 4 27 0 39.392 25.422
33 2020 4 27 0 37.482 25.779
34 2020 4 27 0 37.827 25.615
35 2020 4 27 0 37.168 25.845
36 2020 4 27 0 37.032 25.657
37 2020 4 27 0 38.509 25.33
38 2020 4 27 0 37.491 26.12
39 2020 4 27 0 37.279 26.304
40 2020 4 27 0 37.606 25.426
41 2020 4 27 0 37.075 26.099
42 2020 4 27 0 38.986 25.513
43 2020 4 27 0 39.231 26.613
44 2020 4 27 0 39.046 26.391
45 2020 4 27 0 39.653 25.982
46 2020 4 27 0 38.926 25.959
47 2020 4 27 0 39.433 26.503
48 2020 4 27 0 39.637 26.424
49 2020 4 27 0 39.324 25.62
51 2020 4 27 0 39.772 25.632
52 2020 4 27 0 39.933 25.673
53 2020 4 27 0 39.618 25.583
54 2020 4 27 0 39.766 25.497
55 2020 4 27 0 34.442 25.307
56 2020 4 27 0 35.501 25.257
57 2020 4 27 0 33.68 25.455
58 2020 4 27 0 35.662 25.248
59 2020 4 27 0.3468 34.367 25.339
60 2020 4 27 0 33.756 25.414
61 2020 4 27 0 33.288 20.379
62 2020 4 27 0 34.759 24.897
63 2020 4 27 0 34.412 25.312
64 2020 4 27 0 33.684 20.256
65 2020 4 27 0 34.462 19.683
66 2020 4 27 0 32.942 20.678
67 2020 4 27 0 33.525 20.37
68 2020 4 27 0 34.471 19.63
69 2020 4 27 0 33.508 20.386
70 2020 4 27 0 34.34 19.494
71 2020 4 27 0 32.044 20.16
72 2020 4 27 0 35.158 25.479
73 2020 4 27 0 36.104 25.275
74 2020 4 27 0 35.103 25.487
75 2020 4 27 0 35.31 25.456
76 2020 4 27 0 34.976 25.514
77 2020 4 27 0 32.019 20.175
78 2020 4 27 0 31.944 20.159
79 2020 4 27 0 34.982 25.512
80 2020 4 27 0 36.823 24.959
81 2020 4 27 0 39.761 25.643
82 2020 4 27 0 39.692 26.333
83 2020 4 27 0 39.968 25.973
84 2020 4 27 0 39.898 25.958
85 2020 4 27 0 39.787 25.862
86 2020 4 27 0 39.774 25.614
87 2020 4 27 0 39.795 25.763
88 2020 4 27 0 39.694 25.749
89 2020 4 27 0 39.667 26.123
90 2020 4 27 0 39.718 25.665
91 2020 4 27 0 39.504 25.342
92 2020 4 27 0 39.427 25.026
93 2020 4 27 0 39.529 25.356
94 2020 4 27 0 39.372 25.345
95 2020 4 27 0 38.845 24.034
96 2020 4 27 0 38.506 23.596
97 2020 4 27 0 38.945 24.367
98 2020 4 27 0 39.048 24.355
99 2020 4 27 0 39.532 25.031
100 2020 4 27 0 39.282 24.886
102 2020 4 27 0 37.515 26.506
103 2020 4 27 0 38.252 26.609
104 2020 4 27 0 37.995 26.499
105 2020 4 27 0 37.563 26.612
106 2020 4 27 0 38.508 26.621
107 2020 4 27 0 35.787 20.717
109 2020 4 27 0 35.057 20.918
110 2020 4 27 0 35.421 20.599
111 2020 4 27 0 36.973 25.819
112 2020 4 27 0 34.752 20.876
113 2020 4 27 0 39.163 26.612
114 2020 4 27 0 39.473 26.59
115 2020 4 27 0 38.973 26.593
116 2020 4 27 0 38.882 26.613
117 2020 4 27 0 39.254 26.582
118 2020 4 27 0 39.587 26.595
119 2020 4 27 0 39.678 26.604
120 2020 4 27 0 38.475 24.034
121 2020 4 27 0 38.944 24.529
122 2020 4 27 0 38.477 24.198
123 2020 4 27 0 38.239 24.67
124 2020 4 27 0 38.51 24.593
125 2020 4 27 0 38.952 24.76
126 2020 4 27 0 37.921 24.821
127 2020 4 27 0 37.864 23.447
128 2020 4 27 0 38.448 23.765
129 2020 4 27 0 32.38 20.597
130 2020 4 27 0 32.47 20.759
131 2020 4 27 0 32.255 20.626
132 2020 4 27 0 37.5 24.507
133 2020 4 27 0 32.786 20.44
134 2020 4 27 0.14911 35.926 24.611
135 2020 4 27 0.77366 34.418 25.246
136 2020 4 27 0 37.826 24.185
137 2020 4 27 0.10256 34.776 25.06
138 2020 4 27 0.10165 36.727 24.446
139 2020 4 27 0.12931 35.776 24.953
140 2020 4 27 0 36.027 25.076
141 2020 4 27 0 32.249 20.493
142 2020 4 27 0 38.646 24.204
143 2020 4 27 0 39.636 24.833
144 2020 4 27 0 38.94 24.125
145 2020 4 27 0.16906 38.211 23.33
146 2020 4 27 0.16745 38.216 23.129
147 2020 4 27 0 39.953 25.353
148 2020 4 27 0 40.025 25.405
149 2020 4 27 0 38.455 23.629
150 2020 4 27 0.38193 38.318 23.497
151 2020 4 27 0 36.92 25.66
152 2020 4 27 0 36.581 26.041
153 2020 4 27 0 36.897 25.605
154 2020 4 27 0 36.956 25.893
155 2020 4 27 0 36.486 26.038
156 2020 4 27 0 36.636 26.125
157 2020 4 27 0 36.917 26.013
158 2020 4 27 0 36.911 25.585
159 2020 4 27 0 36.932 25.894
160 2020 4 27 0 36.777 26.347
161 2020 4 27 0 38.625 24.543
162 2020 4 27 0 38.25 24.564
164 2020 4 27 0 38.427 24.485
165 2020 4 27 0 38.33 24.508
166 2020 4 27 0 38.265 24.723
167 2020 4 27 0 38.2 24.478
168 2020 4 27 0 38.39 24.391
169 2020 4 27 0 38.305 24.464
170 2020 4 27 0 38.336 24.512
171 2020 4 27 0 34.54 21.016
172 2020 4 27 0 35.596 26.37
173 2020 4 27 0 34.508 21.319
174 2020 4 27 0 38.765 26.048
175 2020 4 27 0 38.55 26.428
176 2020 4 27 0 39.453 26.371
177 2020 4 27 0 37.981 25.975
178 2020 4 27 0 38.422 25.737
179 2020 4 27 0 39.235 26.195
180 2020 4 27 0 38.209 26.342
181 2020 4 27 0 38.86 26.435
182 2020 4 27 0 34.867 20.58
183 2020 4 27 0 34.438 21.155
184 2020 4 27 0 34.139 21.277
185 2020 4 27 0 34.496 20.579
186 2020 4 27 0 34.499 20.366
187 2020 4 27 0 34.458 20.561
188 2020 4 27 0 37.842 26.742
189 2020 4 27 0 36.163 26.381
190 2020 4 27 0 36.646 26.508
191 2020 4 27 0 36.222 26.141
192 2020 4 27 0 36.024 26.236
195 2020 4 27 0 31.7 20.395
196 2020 4 27 0 31.762 20.362
197 2020 4 27 0 31.63 20.275
198 2020 4 27 0 31.825 20.295
199 2020 4 27 0 37.408 24.609
200 2020 4 27 0 36.497 24.936
201 2020 4 27 0 36.68 24.894
202 2020 4 27 0 36.896 24.905
203 2020 4 27 0 38.031 24.546
204 2020 4 27 0 39.956 25.852
205 2020 4 27 0 39.113 24.395
206 2020 4 27 0 39.981 25.558
207 2020 4 27 0 39.894 25.733
208 2020 4 27 0 39.712 25.274
209 2020 4 27 0 39.845 25.265
210 2020 4 27 0 38.857 26.537
211 2020 4 27 0 38.781 26.616
212 2020 4 27 0 38.862 26.611
213 2020 4 27 0 38.598 26.518
214 2020 4 27 0 38.534 26.628
215 2020 4 27 0 38.674 26.621
216 2020 4 27 0 35.856 24.419
217 2020 4 27 0 37.631 24.22
218 2020 4 27 0 35.005 24.431
219 2020 4 27 0 34.926 24.68
220 2020 4 27 0 35.67 19.096
221 2020 4 27 0 35.154 24.889
222 2020 4 27 0 35.563 24.44
223 2020 4 27 0 37.19 24.415
224 2020 4 27 0 36.155 24.565
225 2020 4 27 0 35.99 24.979
226 2020 4 27 0 35.797 24.771
227 2020 4 27 0 34.536 24.971
228 2020 4 27 0 35.093 19.19
229 2020 4 27 0 35.142 19.161
230 2020 4 27 0 35.003 19.256
231 2020 4 27 0 35.167 19.193
232 2020 4 27 0 34.925 19.331
233 2020 4 27 0 39.865 26.34
234 2020 4 27 0 39.821 25.884
235 2020 4 27 0 39.849 25.845
236 2020 4 27 0 39.809 26.357
237 2020 4 27 0 39.752 26.195
238 2020 4 27 0 39.867 26.075
239 2020 4 27 0 38.25 24.556
240 2020 4 27 0 36.852 24.577
241 2020 4 27 0 37.838 24.715
242 2020 4 27 0 36.496 24.747
243 2020 4 27 0 36.531 24.857
244 2020 4 27 0 37.453 24.558
245 2020 4 27 0 38.012 24.451
246 2020 4 27 0 37.394 24.737
247 2020 4 27 0 38.136 24.359
248 2020 4 27 0 38.475 24.322
249 2020 4 27 0 38.671 24.296
250 2020 4 27 0 38.422 24.441
251 2020 4 27 0 38.546 24.239
252 2020 4 27 0 38.438 24.45
0 2020 4 27 0 36.774 25.113
