1 2020 4 5 0 40.732 23.163
2 2020 4 5 0 40.098 23.069
3 2020 4 5 0 40.71 23.198
4 2020 4 5 0 40.432 23.183
5 2020 4 5 0 39.921 23.028
6 2020 4 5 0 40.161 23.261
7 2020 4 5 0 40.399 23.162
8 2020 4 5 0 40.33 23.239
9 2020 4 5 0 40.235 22.963
10 2020 4 5 0 39.8 22.859
11 2020 4 5 0 40.24 22.996
12 2020 4 5 0 40.195 23.036
13 2020 4 5 0 40.249 23.203
14 2020 4 5 0 40.414 23.493
15 2020 4 5 0 40.306 23.097
16 2020 4 5 0 40.39 23.084
17 2020 4 5 0 40.495 23.175
18 2020 4 5 0 40.432 22.944
19 2020 4 5 0 37.885 20.238
20 2020 4 5 0 39.796 22.406
21 2020 4 5 0 37.935 20.041
22 2020 4 5 0 37.866 20.629
23 2020 4 5 0 38.244 21.192
24 2020 4 5 0 39.175 22.075
25 2020 4 5 0 37.929 21.086
26 2020 4 5 0 38.981 21.888
27 2020 4 5 0 38.754 21.843
28 2020 4 5 0 38.513 20.693
29 2020 4 5 0 39.999 22.582
30 2020 4 5 0 39.469 22.467
31 2020 4 5 0 38.928 20.641
32 2020 4 5 0 40.262 23.005
33 2020 4 5 0 40.197 23.754
34 2020 4 5 0 40.299 23.634
35 2020 4 5 0 40.108 24.099
36 2020 4 5 0 39.84 24.029
37 2020 4 5 0 40.337 24.002
38 2020 4 5 0 40.215 23.375
39 2020 4 5 0 40.142 23.198
40 2020 4 5 0 39.996 23.983
41 2020 4 5 0 40.113 23.766
42 2020 4 5 0 39.967 21.839
43 2020 4 5 0 40.714 22.256
44 2020 4 5 0 40.551 22.055
45 2020 4 5 0 40.527 22.289
46 2020 4 5 0 40.264 21.894
47 2020 4 5 0 40.63 22.442
48 2020 4 5 0 40.659 22.541
49 2020 4 5 0 40.099 22.116
51 2020 4 5 0 40.7 23.137
52 2020 4 5 0 40.698 23.24
53 2020 4 5 0 40.669 23.08
54 2020 4 5 0 40.637 23.002
55 2020 4 5 0 34.09 22.727
56 2020 4 5 0 34.994 22.906
57 2020 4 5 0 34.135 22.488
58 2020 4 5 0 35.697 22.873
59 2020 4 5 0 34.508 22.589
60 2020 4 5 0 33.961 22.544
61 2020 4 5 0 33.288 20.379
62 2020 4 5 0 36.831 22.244
63 2020 4 5 0 35.934 22.097
64 2020 4 5 0 33.684 20.256
65 2020 4 5 0 34.462 19.683
66 2020 4 5 0 32.942 20.678
67 2020 4 5 0 33.525 20.37
68 2020 4 5 0 34.471 19.63
69 2020 4 5 0 33.508 20.386
70 2020 4 5 0 34.34 19.494
71 2020 4 5 0 32.044 20.16
72 2020 4 5 0 35.256 22.872
73 2020 4 5 0 37.363 22.762
74 2020 4 5 0 35.142 22.861
75 2020 4 5 0 35.609 22.864
76 2020 4 5 0 34.863 22.873
77 2020 4 5 0 32.019 20.175
78 2020 4 5 0 31.944 20.159
79 2020 4 5 0 34.875 22.87
80 2020 4 5 0 38.271 22.292
81 2020 4 5 0 40.595 23.15
82 2020 4 5 0 40.771 23.021
83 2020 4 5 0 40.776 23.321
84 2020 4 5 0 40.73 23.361
85 2020 4 5 0 40.556 23.274
86 2020 4 5 0 40.502 23.124
87 2020 4 5 0 40.623 23.256
88 2020 4 5 0 40.421 23.17
89 2020 4 5 0 40.632 23.053
90 2020 4 5 0 40.451 23.126
91 2020 4 5 0 40.568 22.966
92 2020 4 5 0 40.559 23.251
93 2020 4 5 0 40.656 23.235
94 2020 4 5 0 40.487 23.076
95 2020 4 5 0 39.293 21.031
96 2020 4 5 0 38.587 20.364
97 2020 4 5 0 39.747 21.74
98 2020 4 5 0 39.494 21.452
99 2020 4 5 0 40.189 22.402
100 2020 4 5 0 40.127 22.197
102 2020 4 5 0 40.248 22.941
103 2020 4 5 0 40.394 22.445
104 2020 4 5 0 40.302 22.602
105 2020 4 5 0 40.334 23.113
106 2020 4 5 0 40.416 22.229
107 2020 4 5 0 35.787 20.717
109 2020 4 5 0 35.057 20.918
110 2020 4 5 0 35.421 20.599
111 2020 4 5 0 40.025 24.253
112 2020 4 5 0 34.752 20.876
113 2020 4 5 0 40.726 22.206
114 2020 4 5 0 40.804 22.635
115 2020 4 5 0 40.657 22.081
116 2020 4 5 0 40.622 22.063
117 2020 4 5 0 40.746 22.361
118 2020 4 5 0 40.762 22.657
119 2020 4 5 0 40.856 22.875
120 2020 4 5 0 39.452 22.053
121 2020 4 5 0 40.004 22.666
122 2020 4 5 0 39.672 22.576
123 2020 4 5 0 39.861 22.492
124 2020 4 5 0 40.003 22.739
125 2020 4 5 0 40.322 23.115
126 2020 4 5 0 39.534 22.277
127 2020 4 5 0 38.785 21.515
128 2020 4 5 0 39.202 21.27
129 2020 4 5 0 32.38 20.597
130 2020 4 5 0 32.47 20.759
131 2020 4 5 0 32.255 20.626
132 2020 4 5 0 37.612 22.286
133 2020 4 5 0 32.786 20.44
134 2020 4 5 0 36.733 21.946
135 2020 4 5 0 35.165 22.281
136 2020 4 5 0 38.635 21.663
137 2020 4 5 0 36.026 22.157
138 2020 4 5 0 37.018 21.788
139 2020 4 5 0 35.845 22.408
140 2020 4 5 0 35.666 22.798
141 2020 4 5 0 32.249 20.493
142 2020 4 5 0 40.02 21.761
143 2020 4 5 0 39.975 22.171
144 2020 4 5 0 39.021 21.097
145 2020 4 5 0 37.822 19.89
146 2020 4 5 0 37.469 19.719
147 2020 4 5 0 40.569 22.957
148 2020 4 5 0 40.577 22.974
149 2020 4 5 0 38.328 20.33
150 2020 4 5 0 38.1 20.109
151 2020 4 5 0 39.79 23.913
152 2020 4 5 0 39.61 24.08
153 2020 4 5 0 39.711 23.794
154 2020 4 5 0 40.032 24.305
155 2020 4 5 0 39.487 24.103
156 2020 4 5 0 39.708 23.863
157 2020 4 5 0 40.023 24.075
158 2020 4 5 0 39.681 23.839
159 2020 4 5 0 40.021 24.328
160 2020 4 5 0 39.877 23.368
161 2020 4 5 0 39.584 22.756
162 2020 4 5 0 39.68 22.859
164 2020 4 5 0 38.997 22.831
165 2020 4 5 0 39.382 22.781
166 2020 4 5 0 39.692 23.081
167 2020 4 5 0 38.901 22.835
168 2020 4 5 0 39.5 22.53
169 2020 4 5 0 38.876 22.814
170 2020 4 5 0 39.359 22.844
171 2020 4 5 0 34.54 21.016
172 2020 4 5 0 38.343 23.545
173 2020 4 5 0 34.508 21.319
174 2020 4 5 0 40.344 22.748
175 2020 4 5 0 40.437 22.399
176 2020 4 5 0 40.682 22.702
177 2020 4 5 0 40.328 23.074
178 2020 4 5 0 40.284 23.203
179 2020 4 5 0 40.453 22.53
180 2020 4 5 0 40.366 22.624
181 2020 4 5 0 40.515 22.291
182 2020 4 5 0 34.867 20.58
183 2020 4 5 0 34.438 21.155
184 2020 4 5 0 34.139 21.277
185 2020 4 5 0 34.496 20.579
186 2020 4 5 0 34.499 20.366
187 2020 4 5 0 34.458 20.561
188 2020 4 5 0 40.406 23.124
189 2020 4 5 0 39.051 23.434
190 2020 4 5 0 39.415 23.335
191 2020 4 5 0 39.168 23.9
192 2020 4 5 0 38.937 23.703
195 2020 4 5 0 31.7 20.395
196 2020 4 5 0 31.762 20.362
197 2020 4 5 0 31.63 20.275
198 2020 4 5 0 31.825 20.295
199 2020 4 5 0 37.966 23.038
200 2020 4 5 0 37.471 22.961
201 2020 4 5 0 37.27 23.039
202 2020 4 5 0 36.839 22.917
203 2020 4 5 0 38.32 22.842
204 2020 4 5 0 40.723 23.031
205 2020 4 5 0 39.278 21.208
206 2020 4 5 0 40.618 22.8
207 2020 4 5 0 40.661 22.472
208 2020 4 5 0 40.307 21.915
209 2020 4 5 0 40.388 22.258
210 2020 4 5 0 40.615 21.983
211 2020 4 5 0 40.563 22.099
212 2020 4 5 0 40.611 22.06
213 2020 4 5 0 40.473 22.07
214 2020 4 5 0 40.44 22.219
215 2020 4 5 0 40.498 22.15
216 2020 4 5 0 38.632 22.475
217 2020 4 5 0 39.272 21.746
218 2020 4 5 0 37.877 22.489
219 2020 4 5 0 38.339 22.365
220 2020 4 5 0 35.67 19.096
221 2020 4 5 0 38.603 21.96
222 2020 4 5 0 37.745 22.237
223 2020 4 5 0 39.77 22.311
224 2020 4 5 0 39.254 22.773
225 2020 4 5 0 39.15 21.616
226 2020 4 5 0 39.05 22.292
227 2020 4 5 0 38.213 21.894
228 2020 4 5 0 35.093 19.19
229 2020 4 5 0 35.142 19.161
230 2020 4 5 0 35.003 19.256
231 2020 4 5 0 35.167 19.193
232 2020 4 5 0 34.925 19.331
233 2020 4 5 0 40.867 23.152
234 2020 4 5 0 40.656 22.31
235 2020 4 5 0 40.674 22.37
236 2020 4 5 0 40.829 22.825
237 2020 4 5 0 40.698 22.479
238 2020 4 5 0 40.772 22.748
239 2020 4 5 0 39.975 22.679
240 2020 4 5 0 39.599 22.583
241 2020 4 5 0 39.768 22.559
242 2020 4 5 0 39.383 22.276
243 2020 4 5 0 39.277 21.965
244 2020 4 5 0 39.721 22.275
245 2020 4 5 0 39.947 22.154
246 2020 4 5 0 39.551 22.166
247 2020 4 5 0 40.18 22.087
248 2020 4 5 0 40.195 22.124
249 2020 4 5 0 40.312 22.068
250 2020 4 5 0 40.057 22.472
251 2020 4 5 0 40.584 21.792
252 2020 4 5 0 40.004 22.503
0 2020 4 5 0 37.895 22.605
