1 2020 3 23 0 37.323 22.615
2 2020 3 23 0 37.026 22.149
3 2020 3 23 0 37.393 22.668
4 2020 3 23 0 37.004 22.369
5 2020 3 23 0 36.696 21.694
6 2020 3 23 0 37.126 21.903
7 2020 3 23 0 37.496 22.331
8 2020 3 23 0 36.866 22.289
9 2020 3 23 0 37 22.259
10 2020 3 23 0 36.616 22.027
11 2020 3 23 0 37.563 22.819
12 2020 3 23 0 37.482 22.805
13 2020 3 23 0 37.562 22.735
14 2020 3 23 0 37.731 22.54
15 2020 3 23 0 37.711 22.674
16 2020 3 23 0 37.782 22.617
17 2020 3 23 0 37.883 22.494
18 2020 3 23 0 37.487 22.922
19 2020 3 23 3.8623 34.669 20.364
20 2020 3 23 0 35.53 21.847
21 2020 3 23 4.8589 34.985 20.475
22 2020 3 23 0.13957 34.414 20.474
23 2020 3 23 0 34.518 20.674
24 2020 3 23 0 35.12 21.429
25 2020 3 23 0 34.254 20.696
26 2020 3 23 0 35.05 21.187
27 2020 3 23 0 34.776 21.164
28 2020 3 23 0.74955 35.044 20.571
29 2020 3 23 0 35.635 21.964
30 2020 3 23 0 35.415 21.857
31 2020 3 23 1.1285 35.528 20.667
32 2020 3 23 0 36.016 22.426
33 2020 3 23 0 37.085 22.842
34 2020 3 23 0 37.223 22.791
35 2020 3 23 0 37.005 22.872
36 2020 3 23 0 36.577 22.707
37 2020 3 23 0 37.445 22.667
38 2020 3 23 0 37.036 23.013
39 2020 3 23 0 36.835 23.179
40 2020 3 23 0 36.812 22.647
41 2020 3 23 0 36.901 23.077
42 2020 3 23 0 36.979 22.412
43 2020 3 23 0 37.372 22.992
44 2020 3 23 0 37.219 22.819
45 2020 3 23 0 37.457 22.949
46 2020 3 23 0 37.038 22.592
47 2020 3 23 0 37.416 23.029
48 2020 3 23 0 37.505 23.098
49 2020 3 23 0 37.174 22.619
51 2020 3 23 0 37.362 22.687
52 2020 3 23 0 37.415 22.902
53 2020 3 23 0 37.287 22.532
54 2020 3 23 0 37.372 22.629
55 2020 3 23 0 30.86 21.147
56 2020 3 23 0 32.018 21.403
57 2020 3 23 0 30.615 20.874
58 2020 3 23 0 32.388 21.456
59 2020 3 23 0 31.205 21.035
60 2020 3 23 0 30.478 20.956
61 2020 3 23 0 31.756 20.443
62 2020 3 23 0 32.992 20.378
63 2020 3 23 0 32.085 20.348
64 2020 3 23 0 31.83 20.422
65 2020 3 23 0 32.231 20.07
66 2020 3 23 0 31.37 20.787
67 2020 3 23 0 31.739 20.502
68 2020 3 23 0 32.441 20.197
69 2020 3 23 0 31.785 20.455
70 2020 3 23 0 32.954 20.396
71 2020 3 23 0 31.435 21.246
72 2020 3 23 0 31.73 21.305
73 2020 3 23 0 33.287 21.562
74 2020 3 23 0.22564 31.667 21.278
75 2020 3 23 0 32.018 21.365
76 2020 3 23 0 31.464 21.243
77 2020 3 23 0 31.412 21.249
78 2020 3 23 0 31.351 21.242
79 2020 3 23 0 31.467 21.243
80 2020 3 23 0 34.116 21.173
81 2020 3 23 0 37.61 22.601
82 2020 3 23 0 37.452 23.18
83 2020 3 23 0 37.437 23.131
84 2020 3 23 0 37.417 23.058
85 2020 3 23 0 37.467 22.969
86 2020 3 23 0 37.757 22.587
87 2020 3 23 0 37.475 22.81
88 2020 3 23 0 37.556 22.827
89 2020 3 23 0 37.453 23.055
90 2020 3 23 0 37.666 22.678
91 2020 3 23 0 37.09 22.355
92 2020 3 23 0 36.968 22.374
93 2020 3 23 0 37.174 22.488
94 2020 3 23 0 37.103 22.399
95 2020 3 23 0 36.007 21.104
96 2020 3 23 0.80734 35.552 20.796
97 2020 3 23 0 36.219 21.387
98 2020 3 23 0 36.34 21.54
99 2020 3 23 0 37.017 22.253
100 2020 3 23 0 36.698 21.851
102 2020 3 23 0 36.864 23.26
103 2020 3 23 0 37.166 23.083
104 2020 3 23 0 37.073 23.092
105 2020 3 23 0 36.891 23.339
106 2020 3 23 0 37.26 23.001
107 2020 3 23 0 36.574 22.833
109 2020 3 23 0 35.584 22.847
110 2020 3 23 0 35.738 22.621
111 2020 3 23 0 35.889 22.893
112 2020 3 23 0 34.971 22.708
113 2020 3 23 0 37.343 22.972
114 2020 3 23 0 37.427 23.166
115 2020 3 23 0 37.3 22.901
116 2020 3 23 0 37.289 22.909
117 2020 3 23 0 37.366 23.03
118 2020 3 23 0 37.488 23.181
119 2020 3 23 0 37.49 23.296
120 2020 3 23 0 35.81 21.402
121 2020 3 23 0 36.384 21.893
122 2020 3 23 0 35.902 21.692
123 2020 3 23 0 35.689 21.72
124 2020 3 23 0 36.023 21.786
125 2020 3 23 0 36.517 22.047
126 2020 3 23 0 35.311 21.391
127 2020 3 23 0 35.081 20.902
128 2020 3 23 0 35.608 20.925
129 2020 3 23 0 30.968 20.816
130 2020 3 23 0 31.011 20.954
131 2020 3 23 0 30.878 20.875
132 2020 3 23 0 34.68 20.427
133 2020 3 23 0 31.46 20.633
134 2020 3 23 0 33.51 19.923
135 2020 3 23 0 31.219 20.806
136 2020 3 23 0 35.544 19.726
137 2020 3 23 0 32.433 20.368
138 2020 3 23 0 34.052 19.656
139 2020 3 23 0 32.76 20.684
140 2020 3 23 0 32.723 21.222
141 2020 3 23 0 31.042 20.807
142 2020 3 23 0 36.655 20.503
143 2020 3 23 0 37.089 22.405
144 2020 3 23 0.14664 36.229 21.625
145 2020 3 23 0.66116 35.149 20.705
146 2020 3 23 0 34.596 20.148
147 2020 3 23 0 37.491 22.792
148 2020 3 23 0 37.519 22.909
149 2020 3 23 0.35531 35.644 21.11
150 2020 3 23 1.9463 35.33 20.997
151 2020 3 23 0 36.5 22.695
152 2020 3 23 0 36.627 23.048
153 2020 3 23 0 36.359 22.647
154 2020 3 23 0 36.973 22.9
155 2020 3 23 0 36.287 23.036
156 2020 3 23 0 36.602 23.134
157 2020 3 23 0 36.886 23.02
158 2020 3 23 0 36.307 22.63
159 2020 3 23 0 36.981 22.901
160 2020 3 23 0 36.532 23.322
161 2020 3 23 0 36.294 21.53
162 2020 3 23 0 36.507 21.71
164 2020 3 23 0 35.9 21.39
165 2020 3 23 0 36.306 21.699
166 2020 3 23 0 36.542 21.866
167 2020 3 23 0 35.877 21.549
168 2020 3 23 0 36.386 21.461
169 2020 3 23 0 35.863 21.435
170 2020 3 23 0 36.285 21.662
171 2020 3 23 0 35.471 22.728
172 2020 3 23 0 35.499 23.057
173 2020 3 23 0 35.465 23.151
174 2020 3 23 0 37.379 22.854
175 2020 3 23 0 37.287 22.939
176 2020 3 23 0 37.424 23.058
177 2020 3 23 0 37.227 22.889
178 2020 3 23 0 37.365 22.809
179 2020 3 23 0 37.43 22.868
180 2020 3 23 0 37.22 22.967
181 2020 3 23 0 37.325 22.898
182 2020 3 23 0 34.696 22.423
183 2020 3 23 0 34.837 22.893
184 2020 3 23 0 34.159 22.58
185 2020 3 23 0 33.974 22.296
186 2020 3 23 0 33.527 22.19
187 2020 3 23 0 33.757 22.272
188 2020 3 23 0 37.071 23.324
189 2020 3 23 0 35.997 23.344
190 2020 3 23 0 36.302 23.348
191 2020 3 23 0 36.23 23.136
192 2020 3 23 0 35.821 23.253
195 2020 3 23 0 30.485 20.835
196 2020 3 23 0 30.554 20.883
197 2020 3 23 0 30.665 20.99
198 2020 3 23 0 30.861 21.038
199 2020 3 23 0 34.864 21.575
200 2020 3 23 0 33.893 21.666
201 2020 3 23 0 33.958 21.642
202 2020 3 23 0 33.807 21.408
203 2020 3 23 0 35.321 21.296
204 2020 3 23 0 37.496 23.091
205 2020 3 23 0.26015 36.421 21.902
206 2020 3 23 0 37.536 22.969
207 2020 3 23 0 37.559 23.005
208 2020 3 23 0 37.32 22.665
209 2020 3 23 0 37.427 22.75
210 2020 3 23 0 37.233 22.836
211 2020 3 23 0 37.286 22.931
212 2020 3 23 0 37.289 22.909
213 2020 3 23 0 37.246 22.858
214 2020 3 23 0 37.27 22.995
215 2020 3 23 0 37.281 22.96
216 2020 3 23 0 34.807 20.458
217 2020 3 23 0 35.824 19.974
218 2020 3 23 0 33.795 20.556
219 2020 3 23 0 33.804 20.65
220 2020 3 23 0 33.805 20.7
221 2020 3 23 0 33.872 20.693
222 2020 3 23 0 34.132 20.163
223 2020 3 23 0 35.932 20.559
224 2020 3 23 0 35.254 20.719
225 2020 3 23 0 34.247 20.681
226 2020 3 23 0 34.631 20.719
227 2020 3 23 0 33.095 20.589
228 2020 3 23 0 32.794 20.353
229 2020 3 23 0 32.601 20.016
230 2020 3 23 0 32.585 20.052
231 2020 3 23 0 33.152 20.689
232 2020 3 23 0 32.424 19.918
233 2020 3 23 0 37.483 23.291
234 2020 3 23 0 37.561 23.01
235 2020 3 23 0 37.562 23.025
236 2020 3 23 0 37.531 23.266
237 2020 3 23 0 37.543 23.097
238 2020 3 23 0 37.536 23.167
239 2020 3 23 0 36.6 21.32
240 2020 3 23 0 35.645 20.752
241 2020 3 23 0 36.127 21.272
242 2020 3 23 0 35.092 20.742
243 2020 3 23 0 34.789 20.744
244 2020 3 23 0 35.844 20.739
245 2020 3 23 0 36.274 20.784
246 2020 3 23 0 35.53 20.915
247 2020 3 23 0 36.526 20.733
248 2020 3 23 0 36.754 20.91
249 2020 3 23 0 36.902 21.004
250 2020 3 23 0 36.728 21.235
251 2020 3 23 0 36.912 20.573
252 2020 3 23 0 36.704 21.352
0 2020 3 23 0.26826 33.52 21.41
