1 2020 3 14 0 31.212 15.609
2 2020 3 14 0 31.275 15.233
3 2020 3 14 0 31.212 15.656
4 2020 3 14 0 31.294 15.297
5 2020 3 14 0 31.201 14.516
6 2020 3 14 0 31.588 14.417
7 2020 3 14 0 31.61 15.265
8 2020 3 14 0 31.336 15.198
9 2020 3 14 0 31.205 15.35
10 2020 3 14 0 31.059 15.212
11 2020 3 14 0 30.946 15.974
12 2020 3 14 0 30.945 15.87
13 2020 3 14 0 31.209 15.715
14 2020 3 14 0 31.846 15.343
15 2020 3 14 0 31.35 15.702
16 2020 3 14 0 31.507 15.601
17 2020 3 14 0 31.866 15.35
18 2020 3 14 0 30.859 16.031
19 2020 3 14 0 28.618 13.271
20 2020 3 14 0 30.679 14.486
21 2020 3 14 0 28.71 13.383
22 2020 3 14 0 28.5 13.35
23 2020 3 14 0 28.693 13.569
24 2020 3 14 0 29.802 14.168
25 2020 3 14 0 28.396 13.45
26 2020 3 14 0 29.702 14.032
27 2020 3 14 0 29.169 13.925
28 2020 3 14 0 28.983 13.608
29 2020 3 14 0 31.22 14.748
30 2020 3 14 0 29.817 14.438
31 2020 3 14 0 29.285 13.806
32 2020 3 14 0 30.86 14.93
33 2020 3 14 0 31.521 15.794
34 2020 3 14 0 31.313 15.502
35 2020 3 14 0 31.905 16.063
36 2020 3 14 0 31.898 15.529
37 2020 3 14 0 31.793 15.323
38 2020 3 14 0 31.303 16.121
39 2020 3 14 0 31.134 16.181
40 2020 3 14 0 31.755 15.188
41 2020 3 14 0 31.592 16.2
42 2020 3 14 0 30.799 15.737
43 2020 3 14 0 30.849 16.016
44 2020 3 14 0 30.809 15.908
45 2020 3 14 0 30.892 16.2
46 2020 3 14 0 30.773 15.793
47 2020 3 14 0 30.898 16.072
48 2020 3 14 0 30.93 16.183
49 2020 3 14 0 30.844 15.902
51 2020 3 14 0 31.133 15.76
52 2020 3 14 0 30.92 16.043
53 2020 3 14 0 31.257 15.55
54 2020 3 14 0 31.149 15.781
55 2020 3 14 0 30.162 16.804
56 2020 3 14 0 30.404 16.945
57 2020 3 14 0 30.886 16.759
58 2020 3 14 0 30.477 16.621
59 2020 3 14 0 30.581 16.858
60 2020 3 14 0 30.391 16.661
61 2020 3 14 0 32.592 16.682
62 2020 3 14 0 32.811 15.978
63 2020 3 14 0 32.842 16.425
64 2020 3 14 0 32.879 16.469
65 2020 3 14 0 33.346 15.698
66 2020 3 14 0 32.29 17.025
67 2020 3 14 0 32.777 16.624
68 2020 3 14 0 33.192 15.609
69 2020 3 14 0 32.809 16.652
70 2020 3 14 0 32.974 15.59
71 2020 3 14 0 30.657 16.55
72 2020 3 14 0 30.672 16.468
73 2020 3 14 0.40898 30.787 15.988
74 2020 3 14 1.0421 30.685 16.455
75 2020 3 14 0 30.688 16.394
76 2020 3 14 0 30.665 16.524
77 2020 3 14 0 30.648 16.572
78 2020 3 14 0 30.596 16.582
79 2020 3 14 0 30.669 16.52
80 2020 3 14 0 31.285 15.425
81 2020 3 14 0 31.46 15.55
82 2020 3 14 0 30.785 16.163
83 2020 3 14 0 30.769 16.193
84 2020 3 14 0 30.805 16.083
85 2020 3 14 0 30.851 16.042
86 2020 3 14 0 31.582 15.524
87 2020 3 14 0 31.083 15.827
88 2020 3 14 0 31.033 15.908
89 2020 3 14 0 30.809 16.098
90 2020 3 14 0 31.346 15.684
91 2020 3 14 0 31.143 15.293
92 2020 3 14 0 31.246 15.154
93 2020 3 14 0 31.347 15.373
94 2020 3 14 0 31.257 15.396
95 2020 3 14 0 29.692 14.262
96 2020 3 14 0 29.144 13.904
97 2020 3 14 0 30.133 14.465
98 2020 3 14 0 29.992 14.706
99 2020 3 14 0 30.702 15.46
100 2020 3 14 0 30.576 14.921
102 2020 3 14 0 30.954 16.392
103 2020 3 14 0 30.852 16.563
104 2020 3 14 0 30.887 16.387
105 2020 3 14 0 31.01 16.697
106 2020 3 14 0 30.798 16.541
107 2020 3 14 0 32.066 16.332
109 2020 3 14 0 31.529 16.504
110 2020 3 14 0 31.892 16.199
111 2020 3 14 0 31.701 16.357
112 2020 3 14 0 31.358 16.462
113 2020 3 14 0 30.822 15.995
114 2020 3 14 0 30.808 16.136
115 2020 3 14 0 30.814 16.008
116 2020 3 14 0 30.808 16.096
117 2020 3 14 0 30.808 16.038
118 2020 3 14 0 30.879 16.174
119 2020 3 14 0 30.814 16.235
120 2020 3 14 0 29.994 14.348
121 2020 3 14 0 30.621 14.752
122 2020 3 14 0 30.434 14.496
123 2020 3 14 0 31.072 14.49
124 2020 3 14 0 31.178 14.574
125 2020 3 14 0 31.45 14.841
126 2020 3 14 0 31.524 14.716
127 2020 3 14 0 29.305 13.89
128 2020 3 14 0 29.563 14.024
129 2020 3 14 0 31.54 16.767
130 2020 3 14 0 31.795 17.114
131 2020 3 14 0 31.446 16.849
132 2020 3 14 0 32.171 15.685
133 2020 3 14 0 32.007 16.785
134 2020 3 14 0 32.556 15.669
135 2020 3 14 0 31.118 16.789
136 2020 3 14 0 33.401 14.858
137 2020 3 14 0 32.26 16.242
138 2020 3 14 0 32.761 15.464
139 2020 3 14 0 31.374 16.369
140 2020 3 14 0 30.81 16.708
141 2020 3 14 0 31.444 16.852
142 2020 3 14 0 33.349 14.539
143 2020 3 14 0 30.491 15.824
144 2020 3 14 0 29.657 14.854
145 2020 3 14 0 28.64 13.655
146 2020 3 14 0 28.342 12.843
147 2020 3 14 0 31.001 16.155
148 2020 3 14 0 30.89 16.303
149 2020 3 14 0 29.073 14.213
150 2020 3 14 0 28.629 14.074
151 2020 3 14 0 32.219 15.693
152 2020 3 14 0 31.799 16.468
153 2020 3 14 0 32.221 15.536
154 2020 3 14 0 32.156 16.307
155 2020 3 14 0 31.688 16.572
156 2020 3 14 0 31.579 16.363
157 2020 3 14 0 31.871 16.279
158 2020 3 14 0 32.004 15.34
159 2020 3 14 0 32.18 16.346
160 2020 3 14 0 31.096 16.263
161 2020 3 14 0 31.717 15.137
162 2020 3 14 0 31.613 14.777
164 2020 3 14 0 31.617 15.531
165 2020 3 14 0 31.196 15.226
166 2020 3 14 0 31.127 15.078
167 2020 3 14 0 31.628 15.4
168 2020 3 14 0 32.187 14.87
169 2020 3 14 0 31.665 15.487
170 2020 3 14 0 31.606 15.133
171 2020 3 14 0 30.927 16.308
172 2020 3 14 0 30.949 16.659
173 2020 3 14 0 30.951 16.746
174 2020 3 14 0 30.9 15.947
175 2020 3 14 0 30.833 16.249
176 2020 3 14 0 30.812 16.08
177 2020 3 14 0 30.989 15.854
178 2020 3 14 0 31.036 15.692
179 2020 3 14 0 30.866 15.976
180 2020 3 14 0 30.885 16.239
181 2020 3 14 0 30.835 16.09
182 2020 3 14 0 31.558 16.184
183 2020 3 14 0 31.137 16.641
184 2020 3 14 0 31.404 16.373
185 2020 3 14 0 31.391 16.126
186 2020 3 14 0 31.787 15.686
187 2020 3 14 0 31.555 15.937
188 2020 3 14 0 31.127 17.141
189 2020 3 14 0 30.994 16.665
190 2020 3 14 0 30.998 16.83
191 2020 3 14 0 31.528 16.621
192 2020 3 14 0 31.188 16.752
195 2020 3 14 0 30.878 16.63
196 2020 3 14 0 30.849 16.53
197 2020 3 14 0 30.642 16.595
198 2020 3 14 0 30.747 16.563
199 2020 3 14 0 30.889 15.951
200 2020 3 14 0 30.56 16.077
201 2020 3 14 0 30.616 16.232
202 2020 3 14 0 30.911 16.388
203 2020 3 14 0 31.47 15.831
204 2020 3 14 0 30.818 16.288
205 2020 3 14 0 29.737 15.225
206 2020 3 14 0 30.871 16.35
207 2020 3 14 0 30.881 16.389
208 2020 3 14 0 30.646 16.162
209 2020 3 14 0 30.765 16.261
210 2020 3 14 0 30.775 15.997
211 2020 3 14 0 30.804 16.232
212 2020 3 14 0 30.808 16.12
213 2020 3 14 0 30.752 16.341
214 2020 3 14 0 30.808 16.548
215 2020 3 14 0 30.798 16.379
216 2020 3 14 0 33.241 15.206
217 2020 3 14 0 33.663 14.738
218 2020 3 14 0 32.817 15.435
219 2020 3 14 0 32.837 15.056
220 2020 3 14 0 32.687 13.756
221 2020 3 14 0 32.807 14.36
222 2020 3 14 0 33.003 15.368
223 2020 3 14 0 33.658 14.861
224 2020 3 14 0 33.547 15.255
225 2020 3 14 0 32.799 13.618
226 2020 3 14 0 33.186 14.64
227 2020 3 14 0 32.753 14.78
228 2020 3 14 0 32.957 14.621
229 2020 3 14 0 33.437 14.853
230 2020 3 14 0 33.402 15.042
231 2020 3 14 0 32.534 14.289
232 2020 3 14 0 33.564 15.21
233 2020 3 14 0 30.771 16.265
234 2020 3 14 0 30.908 16.36
235 2020 3 14 0 30.89 16.381
236 2020 3 14 0 30.825 16.322
237 2020 3 14 0 30.907 16.292
238 2020 3 14 0 30.833 16.35
239 2020 3 14 0 31.811 13.365
240 2020 3 14 0 33.42 14.657
241 2020 3 14 0 32.312 13.508
242 2020 3 14 0 33.147 14.246
243 2020 3 14 0 32.693 13.611
244 2020 3 14 0 33.071 13.869
245 2020 3 14 0 32.674 13.46
246 2020 3 14 0 32.563 13.383
247 2020 3 14 0 32.87 13.78
248 2020 3 14 0 32.003 13.226
249 2020 3 14 0 32.637 14.111
250 2020 3 14 0 31.549 13.684
251 2020 3 14 0 33.473 14.147
252 2020 3 14 0 31.945 14.301
0 2020 3 14 1.0789 31.005 15.718
