1 2020 3 9 0 32.934 17.654
2 2020 3 9 0 33.454 17.006
3 2020 3 9 0 32.951 17.73
4 2020 3 9 0 33.085 17.165
5 2020 3 9 0 33.251 16.193
6 2020 3 9 0 33.141 16.257
7 2020 3 9 0 33.828 17.255
8 2020 3 9 0 33.115 17.018
9 2020 3 9 0 33.115 17.197
10 2020 3 9 0 33.003 16.867
11 2020 3 9 0 32.469 18.087
12 2020 3 9 0 32.017 17.788
13 2020 3 9 0 32.355 17.636
14 2020 3 9 0 33.352 17.273
15 2020 3 9 0 33.068 17.823
16 2020 3 9 0 33.463 17.776
17 2020 3 9 0 34.037 17.514
18 2020 3 9 0 32.41 18.131
19 2020 3 9 0 30.693 14.395
20 2020 3 9 0 32.565 16.564
21 2020 3 9 0 29.765 14.576
22 2020 3 9 0 30.969 14.565
23 2020 3 9 0 30.984 14.876
24 2020 3 9 0 31.844 15.87
25 2020 3 9 0 30.903 14.744
26 2020 3 9 0 31.648 15.611
27 2020 3 9 0 31.393 15.478
28 2020 3 9 0 31.217 14.754
29 2020 3 9 0 33.026 16.919
30 2020 3 9 0 32.069 16.113
31 2020 3 9 0 31.235 14.94
32 2020 3 9 0 32.91 16.893
33 2020 3 9 0 31.201 17.031
34 2020 3 9 0 31.15 16.852
35 2020 3 9 0 31.331 17.148
36 2020 3 9 0 31.415 16.739
37 2020 3 9 0 32.024 16.812
38 2020 3 9 0 31.389 17.441
39 2020 3 9 0 31.559 17.632
40 2020 3 9 0 31.553 16.548
41 2020 3 9 0 31.455 17.441
42 2020 3 9 0 32.14 17.822
43 2020 3 9 0 32.651 18.042
44 2020 3 9 0 32.597 17.94
45 2020 3 9 0 32.117 18.246
46 2020 3 9 0 32.387 17.869
47 2020 3 9 0 32.53 18.252
48 2020 3 9 0 32.395 18.38
49 2020 3 9 0 32.075 18.03
51 2020 3 9 0 32.775 17.78
52 2020 3 9 0 32.42 18.082
53 2020 3 9 0 33.002 17.551
54 2020 3 9 0 32.761 17.74
55 2020 3 9 0 29.883 18.795
56 2020 3 9 0 30.515 18.47
57 2020 3 9 0 29.411 19.132
58 2020 3 9 0 30.877 18.278
59 2020 3 9 0 29.942 18.753
60 2020 3 9 0 29.587 19.041
61 2020 3 9 0 29.932 18.497
62 2020 3 9 0 30.338 17.643
63 2020 3 9 0 30.062 18.199
64 2020 3 9 0 29.745 18.257
65 2020 3 9 0 30.102 17.49
66 2020 3 9 0 29.311 18.859
67 2020 3 9 0 29.652 18.407
68 2020 3 9 0 30.134 17.368
69 2020 3 9 0 29.769 18.445
70 2020 3 9 0 30.186 17.239
71 2020 3 9 0 30.261 18.771
72 2020 3 9 0 30.485 18.632
73 2020 3 9 0 31.68 17.854
74 2020 3 9 0.22928 30.445 18.651
75 2020 3 9 0 30.702 18.497
76 2020 3 9 0 30.284 18.751
77 2020 3 9 0 30.242 18.786
78 2020 3 9 0 30.209 18.789
79 2020 3 9 0 30.292 18.748
80 2020 3 9 0 32.543 17.164
81 2020 3 9 0 33.388 17.68
82 2020 3 9 0 32.261 18.322
83 2020 3 9 0 32.175 18.322
84 2020 3 9 0 32.297 18.23
85 2020 3 9 0 32.361 18.181
86 2020 3 9 0 33.605 17.693
87 2020 3 9 0 32.751 17.949
88 2020 3 9 0 32.643 18.047
89 2020 3 9 0 32.325 18.226
90 2020 3 9 0 33.184 17.835
91 2020 3 9 0 32.935 17.211
92 2020 3 9 0 32.997 17.033
93 2020 3 9 0 33.108 17.33
94 2020 3 9 0 33.058 17.318
95 2020 3 9 0 31.363 15.584
96 2020 3 9 0 30.37 15.148
97 2020 3 9 0 32.116 15.914
98 2020 3 9 0 31.435 16.215
99 2020 3 9 0 32.199 17.236
100 2020 3 9 0 32.418 16.592
102 2020 3 9 0 31.73 17.908
103 2020 3 9 0 31.787 18.039
104 2020 3 9 0 31.681 17.874
105 2020 3 9 0 31.829 18.152
106 2020 3 9 0 31.801 18.027
107 2020 3 9 0 31.041 17.25
109 2020 3 9 0 30.397 17.462
110 2020 3 9 0 30.5 17.067
111 2020 3 9 0 30.653 17.358
112 2020 3 9 0 29.978 17.381
113 2020 3 9 0 32.658 17.969
114 2020 3 9 0 32.403 18.254
115 2020 3 9 0 32.636 17.857
116 2020 3 9 0 32.5 17.873
117 2020 3 9 0 32.566 18.044
118 2020 3 9 0 32.428 18.381
119 2020 3 9 0 32.25 18.459
120 2020 3 9 0 31.92 15.816
121 2020 3 9 0 32.456 16.429
122 2020 3 9 0 32.266 16.185
123 2020 3 9 0 32.85 16.669
124 2020 3 9 0 32.942 16.689
125 2020 3 9 0 33.175 16.915
126 2020 3 9 0 33.137 16.796
127 2020 3 9 0 31.316 15.161
128 2020 3 9 0 31.614 15.261
129 2020 3 9 0 29.462 19.119
130 2020 3 9 0 29.088 19.117
131 2020 3 9 0 29.333 19.175
132 2020 3 9 0 32.429 17.294
133 2020 3 9 0 29.774 18.66
134 2020 3 9 0 31.378 17.585
135 2020 3 9 0 29.842 18.718
136 2020 3 9 0 32.704 16.715
137 2020 3 9 0 30.425 18.057
138 2020 3 9 0 32.035 17.44
139 2020 3 9 0 31.046 18.09
140 2020 3 9 0 30.976 18.184
141 2020 3 9 0 29.52 18.918
142 2020 3 9 0 32.963 16.212
143 2020 3 9 0 31.581 17.528
144 2020 3 9 0 30.485 16.361
145 2020 3 9 0 29.104 14.925
146 2020 3 9 0 29.058 13.979
147 2020 3 9 0 32.418 18.052
148 2020 3 9 0 32.207 18.208
149 2020 3 9 0 29.642 15.596
150 2020 3 9 0 29.31 15.225
151 2020 3 9 0 31.196 16.721
152 2020 3 9 0 31.154 17.522
153 2020 3 9 0 31.148 16.587
154 2020 3 9 0 31.345 17.265
155 2020 3 9 0 30.885 17.594
156 2020 3 9 0 31.267 17.56
157 2020 3 9 0 31.406 17.384
158 2020 3 9 0 31.295 16.532
159 2020 3 9 0 31.322 17.284
160 2020 3 9 0 31.488 17.738
161 2020 3 9 0 33.111 16.827
162 2020 3 9 0 33.096 16.45
164 2020 3 9 0 33.077 16.912
165 2020 3 9 0 33.056 16.696
166 2020 3 9 0 33.273 16.6
167 2020 3 9 0 32.869 16.907
168 2020 3 9 0 32.963 16.575
169 2020 3 9 0 32.956 16.907
170 2020 3 9 0 33.089 16.696
171 2020 3 9 0 30.285 17.728
172 2020 3 9 0 30.378 17.96
173 2020 3 9 0 30.373 18.01
174 2020 3 9 0 31.978 17.721
175 2020 3 9 0 31.855 17.823
176 2020 3 9 0 32.428 18.156
177 2020 3 9 0 31.222 17.288
178 2020 3 9 0 31.552 17.338
179 2020 3 9 0 32.547 17.973
180 2020 3 9 0 31.522 17.692
181 2020 3 9 0 32.326 17.863
182 2020 3 9 0 29.795 17.001
183 2020 3 9 0 29.972 17.698
184 2020 3 9 0 29.771 17.624
185 2020 3 9 0 29.34 16.939
186 2020 3 9 0 29.285 16.581
187 2020 3 9 0 29.299 16.822
188 2020 3 9 0.12011 32.14 18.585
189 2020 3 9 0 30.958 18.002
190 2020 3 9 0.53738 31.249 18.171
191 2020 3 9 0 30.893 17.716
192 2020 3 9 0 30.663 17.93
195 2020 3 9 0 29.426 19.19
196 2020 3 9 0 29.611 19.09
197 2020 3 9 0 29.706 19.03
198 2020 3 9 0 29.84 18.976
199 2020 3 9 0 32.266 17.347
200 2020 3 9 0 31.783 17.659
201 2020 3 9 0 31.738 17.714
202 2020 3 9 0 31.723 17.762
203 2020 3 9 0 32.718 17.138
204 2020 3 9 0 32.089 18.32
205 2020 3 9 0 30.54 16.651
206 2020 3 9 0 32.045 18.248
207 2020 3 9 0 31.84 18.249
208 2020 3 9 0 31.441 17.8
209 2020 3 9 0 31.707 17.975
210 2020 3 9 0 32.526 17.827
211 2020 3 9 0 32.287 17.919
212 2020 3 9 0 32.452 17.879
213 2020 3 9 0 31.937 17.89
214 2020 3 9 0 31.832 18.036
215 2020 3 9 0 32.067 17.973
216 2020 3 9 0 31.065 16.756
217 2020 3 9 0 32.346 16.472
218 2020 3 9 0 30.315 16.929
219 2020 3 9 0 30.28 16.649
220 2020 3 9 0 29.656 15.908
221 2020 3 9 0 30.035 16.293
222 2020 3 9 0 31.006 17.032
223 2020 3 9 0 31.79 16.418
224 2020 3 9 0 31.144 16.784
225 2020 3 9 0 29.745 15.884
226 2020 3 9 0 30.44 16.486
227 2020 3 9 0 30.096 16.482
228 2020 3 9 0 29.914 16.523
229 2020 3 9 0 30.131 16.673
230 2020 3 9 0 30.187 16.818
231 2020 3 9 0 29.718 16.279
232 2020 3 9 0 30.202 17.003
233 2020 3 9 0 32.094 18.462
234 2020 3 9 0 31.922 18.262
235 2020 3 9 0 31.85 18.265
236 2020 3 9 0 32.037 18.465
237 2020 3 9 0 32.139 18.35
238 2020 3 9 0 31.936 18.377
239 2020 3 9 0 32.033 15.23
240 2020 3 9 0 31.084 16.167
241 2020 3 9 0 31.077 15.028
242 2020 3 9 0 30.475 15.967
243 2020 3 9 0 30.035 15.347
244 2020 3 9 0 30.769 15.312
245 2020 3 9 0 31.317 15.067
246 2020 3 9 0 30.341 14.778
247 2020 3 9 0 32.045 15.502
248 2020 3 9 0 32.545 15.238
249 2020 3 9 0 32.944 15.877
250 2020 3 9 0 32.936 15.615
251 2020 3 9 0 32.63 15.79
252 2020 3 9 0 33.019 16.053
0 2020 3 9 0 31.846 17.689
