1 2020 3 17 0 36.177 17.925
2 2020 3 17 0 35.848 16.997
3 2020 3 17 0 36.172 17.99
4 2020 3 17 0 36.137 17.572
5 2020 3 17 0 35.637 16.164
6 2020 3 17 0 36.05 16.383
7 2020 3 17 0 36.118 17.236
8 2020 3 17 0 36.141 17.521
9 2020 3 17 0 35.969 17.355
10 2020 3 17 0 35.765 17.034
11 2020 3 17 0 35.878 18.5
12 2020 3 17 0 35.928 18.122
13 2020 3 17 0 36.042 17.882
14 2020 3 17 0 36.315 17.358
15 2020 3 17 0 36.055 18.051
16 2020 3 17 0 36.137 17.931
17 2020 3 17 0 36.312 17.511
18 2020 3 17 0 35.965 18.619
19 2020 3 17 0 33.582 15.304
20 2020 3 17 0 35.476 16.979
21 2020 3 17 0.1719 33.677 15.317
22 2020 3 17 0 33.472 15.386
23 2020 3 17 0 33.789 15.43
24 2020 3 17 0 34.765 16.365
25 2020 3 17 0 33.469 15.431
26 2020 3 17 0 34.658 16.103
27 2020 3 17 0.10525 34.238 15.959
28 2020 3 17 0 34.131 15.434
29 2020 3 17 0.25997 35.907 17.33
30 2020 3 17 0 34.865 16.863
31 2020 3 17 0 34.542 15.5
32 2020 3 17 0.21626 35.763 17.651
33 2020 3 17 0 36.349 17.213
34 2020 3 17 0 36.291 16.952
35 2020 3 17 0 36.457 17.366
36 2020 3 17 0 36.383 16.976
37 2020 3 17 0 36.386 16.991
38 2020 3 17 0 36.328 18.028
39 2020 3 17 0 36.314 18.573
40 2020 3 17 0 36.354 16.771
41 2020 3 17 0 36.419 18.042
42 2020 3 17 0 35.639 18.346
43 2020 3 17 0 36.231 18.739
44 2020 3 17 0 36.057 18.565
45 2020 3 17 0 36.29 18.827
46 2020 3 17 0 35.824 18.413
47 2020 3 17 0 36.329 18.913
48 2020 3 17 0 36.446 19.018
49 2020 3 17 0 35.864 18.618
51 2020 3 17 0 36.189 18.065
52 2020 3 17 0 36.151 18.413
53 2020 3 17 0 36.186 17.808
54 2020 3 17 0 36.219 18.015
55 2020 3 17 0 34.497 18.746
56 2020 3 17 0 34.787 18.552
57 2020 3 17 0 34.918 19.13
58 2020 3 17 0 34.886 18.34
59 2020 3 17 0 34.793 18.723
60 2020 3 17 0 34.627 18.917
61 2020 3 17 0 36.217 19.196
62 2020 3 17 0 36.027 18.38
63 2020 3 17 0 36.341 18.98
64 2020 3 17 0 36.365 19.086
65 2020 3 17 0 36.768 18.407
66 2020 3 17 0 35.851 19.533
67 2020 3 17 0 36.271 19.218
68 2020 3 17 0 36.548 18.254
69 2020 3 17 0 36.329 19.256
70 2020 3 17 0 36.09 18.067
71 2020 3 17 0 35.179 18.649
72 2020 3 17 0.11625 35.182 18.533
73 2020 3 17 0.1364 35.226 17.836
74 2020 3 17 0.89134 35.201 18.545
75 2020 3 17 0 35.185 18.409
76 2020 3 17 0 35.187 18.633
77 2020 3 17 0 35.169 18.663
78 2020 3 17 0 35.107 18.673
79 2020 3 17 0 35.191 18.629
80 2020 3 17 0 35.684 17.334
81 2020 3 17 0 36.207 17.844
82 2020 3 17 0 36.262 18.982
83 2020 3 17 0 36.177 18.792
84 2020 3 17 0 36.086 18.654
85 2020 3 17 0 35.991 18.577
86 2020 3 17 0 36.212 17.808
87 2020 3 17 0 36.088 18.246
88 2020 3 17 0 35.983 18.382
89 2020 3 17 0 36.099 18.769
90 2020 3 17 0 36.106 18.05
91 2020 3 17 0 36.088 17.572
92 2020 3 17 0 36.163 17.618
93 2020 3 17 0 36.233 17.741
94 2020 3 17 0 36.113 17.604
95 2020 3 17 0 34.898 16.036
96 2020 3 17 0 34.245 15.666
97 2020 3 17 0 35.307 16.357
98 2020 3 17 0 35.128 16.622
99 2020 3 17 0 35.827 17.562
100 2020 3 17 0 35.665 16.952
102 2020 3 17 0 36.278 19.028
103 2020 3 17 0 36.228 19.166
104 2020 3 17 0 36.232 18.944
105 2020 3 17 0.1291 36.26 19.217
106 2020 3 17 0 36.194 19.151
107 2020 3 17 0 36.307 17.623
109 2020 3 17 0 35.667 18.239
110 2020 3 17 0 35.985 17.702
111 2020 3 17 0 35.818 17.999
112 2020 3 17 0 35.408 18.358
113 2020 3 17 0 36.175 18.677
114 2020 3 17 0 36.344 19.012
115 2020 3 17 0 36.084 18.589
116 2020 3 17 0 36.105 18.682
117 2020 3 17 0 36.201 18.766
118 2020 3 17 0 36.457 19.098
119 2020 3 17 0 36.49 19.254
120 2020 3 17 0 35.068 16.36
121 2020 3 17 0 35.613 16.996
122 2020 3 17 0 35.35 16.776
123 2020 3 17 0 35.698 17.021
124 2020 3 17 0 35.801 17.115
125 2020 3 17 0 36.106 17.434
126 2020 3 17 0 36.007 17.107
127 2020 3 17 0.10043 34.424 15.714
128 2020 3 17 0.10071 34.8 15.766
129 2020 3 17 0 35.5 19.178
130 2020 3 17 0 35.466 19.583
131 2020 3 17 0 35.366 19.28
132 2020 3 17 0 36.538 17.944
133 2020 3 17 0 35.761 19.134
134 2020 3 17 0 36.53 18.043
135 2020 3 17 0 35.139 18.804
136 2020 3 17 0 37.382 17.264
137 2020 3 17 0 35.971 18.541
138 2020 3 17 0 37.031 17.96
139 2020 3 17 0 35.659 18.353
140 2020 3 17 0 35.174 18.438
141 2020 3 17 0 35.311 19.172
142 2020 3 17 0 36.962 16.453
143 2020 3 17 0 35.763 17.893
144 2020 3 17 0 34.764 16.812
145 2020 3 17 0.17325 33.563 15.574
146 2020 3 17 0.302 33.257 14.891
147 2020 3 17 0 36.266 18.353
148 2020 3 17 0 36.252 18.546
149 2020 3 17 0 34.052 16.102
150 2020 3 17 0 33.822 15.975
151 2020 3 17 0 36.393 16.981
152 2020 3 17 0 36.187 18.007
153 2020 3 17 0 36.352 16.863
154 2020 3 17 0 36.502 17.508
155 2020 3 17 0 35.937 18.156
156 2020 3 17 0 36.209 18.22
157 2020 3 17 0 36.446 17.837
158 2020 3 17 0 36.328 16.807
159 2020 3 17 0 36.501 17.522
160 2020 3 17 0 36.202 18.784
161 2020 3 17 0 36.173 17.329
162 2020 3 17 0 35.606 16.436
164 2020 3 17 0 35.984 17.634
165 2020 3 17 0 35.695 16.92
166 2020 3 17 0 35.512 16.528
167 2020 3 17 0 35.711 17.434
168 2020 3 17 0 35.932 16.795
169 2020 3 17 0 35.847 17.561
170 2020 3 17 0 35.714 16.953
171 2020 3 17 0 35.215 18.73
172 2020 3 17 0 35.192 18.946
173 2020 3 17 0 35.152 18.993
174 2020 3 17 0 36.031 18.211
175 2020 3 17 0 36.147 18.656
176 2020 3 17 0 36.171 18.813
177 2020 3 17 0 36.2 17.654
178 2020 3 17 0 36.099 17.558
179 2020 3 17 0 35.979 18.539
180 2020 3 17 0 36.204 18.496
181 2020 3 17 0 36.074 18.594
182 2020 3 17 0 35.515 17.998
183 2020 3 17 0 35.144 18.776
184 2020 3 17 0 35.081 18.821
185 2020 3 17 0 35.215 18.171
186 2020 3 17 0 35.201 17.895
187 2020 3 17 0 35.212 18.081
188 2020 3 17 0.13014 36.286 19.528
189 2020 3 17 0 35.637 19.029
190 2020 3 17 0.62817 35.793 19.192
191 2020 3 17 0 35.835 18.363
192 2020 3 17 0 35.479 18.788
195 2020 3 17 0 35.001 19.044
196 2020 3 17 0 35.139 18.798
197 2020 3 17 0 34.968 18.824
198 2020 3 17 0 35.134 18.748
199 2020 3 17 0 35.22 18.043
200 2020 3 17 0 34.915 18.002
201 2020 3 17 0 34.983 18.148
202 2020 3 17 0 35.318 18.214
203 2020 3 17 0 35.838 17.912
204 2020 3 17 0 36.291 18.819
205 2020 3 17 0 35.037 17.223
206 2020 3 17 0 36.3 18.669
207 2020 3 17 0 36.376 18.774
208 2020 3 17 0 36.055 18.295
209 2020 3 17 0 36.161 18.396
210 2020 3 17 0 36.073 18.584
211 2020 3 17 0 36.134 18.827
212 2020 3 17 0 36.116 18.714
213 2020 3 17 0 36.159 18.93
214 2020 3 17 0 36.205 19.156
215 2020 3 17 0 36.158 18.978
216 2020 3 17 0 36.136 17.407
217 2020 3 17 0 37.167 16.914
218 2020 3 17 0 35.552 17.691
219 2020 3 17 0 35.737 17.42
220 2020 3 17 0 36.296 16.867
221 2020 3 17 0 36.123 17.147
222 2020 3 17 0 36.187 17.722
223 2020 3 17 0 36.721 16.878
224 2020 3 17 0 36.351 17.406
225 2020 3 17 0 36.536 16.865
226 2020 3 17 0 36.33 17.277
227 2020 3 17 0 35.938 17.299
228 2020 3 17 0 36.295 17.396
229 2020 3 17 0 36.769 17.619
230 2020 3 17 0 36.722 17.746
231 2020 3 17 0 35.921 17.113
232 2020 3 17 0 36.931 17.963
233 2020 3 17 0 36.401 19.164
234 2020 3 17 0 36.402 18.808
235 2020 3 17 0 36.402 18.823
236 2020 3 17 0 36.506 19.21
237 2020 3 17 0 36.451 18.965
238 2020 3 17 0 36.435 19.026
239 2020 3 17 0 36.277 15.658
240 2020 3 17 0 36.586 16.77
241 2020 3 17 0 36.552 15.534
242 2020 3 17 0 36.552 16.738
243 2020 3 17 0 36.506 16.24
244 2020 3 17 0 36.692 15.932
245 2020 3 17 0 36.622 15.589
246 2020 3 17 0 36.604 15.487
247 2020 3 17 0 36.635 15.901
248 2020 3 17 0 36.312 15.595
249 2020 3 17 0 36.412 16.012
250 2020 3 17 0 35.953 15.803
251 2020 3 17 0 36.923 16.018
252 2020 3 17 0 35.97 16.13
0 2020 3 17 0.75077 35.477 17.796
