1 2020 4 8 0 38.466 23.714
2 2020 4 8 0 37.397 22.899
3 2020 4 8 0 38.401 23.777
4 2020 4 8 0 38.206 23.019
5 2020 4 8 0 36.52 22.32
6 2020 4 8 0 36.697 22.505
7 2020 4 8 0 37.722 23.318
8 2020 4 8 0 38.106 22.766
9 2020 4 8 0 37.869 23.014
10 2020 4 8 0 37.405 22.417
11 2020 4 8 0 37.542 23.633
12 2020 4 8 0 36.863 23.321
13 2020 4 8 0 36.985 23.291
14 2020 4 8 0 37.339 23.283
15 2020 4 8 0 37.603 23.536
16 2020 4 8 0 37.808 23.602
17 2020 4 8 0 37.858 23.553
18 2020 4 8 0 37.593 23.84
19 2020 4 8 0 36.83 21.6
20 2020 4 8 0 37.237 22.171
21 2020 4 8 0 36.585 21.657
22 2020 4 8 0 36.78 21.616
23 2020 4 8 0 36.615 21.485
24 2020 4 8 0 37.005 21.905
25 2020 4 8 0 36.508 21.623
26 2020 4 8 0 36.818 21.595
27 2020 4 8 0 36.82 21.813
28 2020 4 8 0 37.038 21.601
29 2020 4 8 0 37.275 22.29
30 2020 4 8 0 37.495 22.479
31 2020 4 8 0 37.219 21.7
32 2020 4 8 0 37.952 22.88
33 2020 4 8 0 35.228 22.891
34 2020 4 8 0 35.44 22.711
35 2020 4 8 0 35.059 23.027
36 2020 4 8 0 35.053 22.889
37 2020 4 8 0 36.28 22.809
38 2020 4 8 0 35.296 23.227
39 2020 4 8 0 35.144 23.396
40 2020 4 8 0 35.495 22.719
41 2020 4 8 0 34.967 23.23
42 2020 4 8 0 37.566 23.383
43 2020 4 8 0 37.175 24.019
44 2020 4 8 0 37.062 23.82
45 2020 4 8 0 38.073 24.032
46 2020 4 8 0 37.192 23.583
47 2020 4 8 0 37.729 24.16
48 2020 4 8 0 38.049 24.274
49 2020 4 8 0 38.004 23.641
51 2020 4 8 0 38.501 23.799
52 2020 4 8 0 38.504 24.059
53 2020 4 8 0 38.445 23.581
54 2020 4 8 0 38.542 23.73
55 2020 4 8 0 32.636 22.164
56 2020 4 8 0 33.653 22.221
57 2020 4 8 0 31.794 22.11
58 2020 4 8 0 33.952 22.17
59 2020 4 8 0 32.491 22.102
60 2020 4 8 0 31.918 22.122
61 2020 4 8 0 33.288 20.379
62 2020 4 8 0 33.565 22.076
63 2020 4 8 0 32.981 22.344
64 2020 4 8 0 33.684 20.256
65 2020 4 8 0 34.462 19.683
66 2020 4 8 0 32.942 20.678
67 2020 4 8 0 33.525 20.37
68 2020 4 8 0 34.471 19.63
69 2020 4 8 0 33.508 20.386
70 2020 4 8 0 34.34 19.494
71 2020 4 8 0 32.044 20.16
72 2020 4 8 0 33.416 22.359
73 2020 4 8 0 34.614 22.046
74 2020 4 8 0 33.346 22.366
75 2020 4 8 0 33.61 22.316
76 2020 4 8 0 33.186 22.405
77 2020 4 8 0 32.019 20.175
78 2020 4 8 0 31.944 20.159
79 2020 4 8 0 33.193 22.402
80 2020 4 8 0 35.403 21.557
81 2020 4 8 0 38.161 23.682
82 2020 4 8 0 37.826 24.299
83 2020 4 8 0 38.343 24.321
84 2020 4 8 0 38.263 24.206
85 2020 4 8 0 38.054 24.007
86 2020 4 8 0 37.977 23.642
87 2020 4 8 0 38.211 23.891
88 2020 4 8 0 37.897 23.786
89 2020 4 8 0 37.809 24.101
90 2020 4 8 0 37.925 23.678
91 2020 4 8 0 38.385 23.317
92 2020 4 8 0 38.425 23.058
93 2020 4 8 0 38.449 23.323
94 2020 4 8 0 38.233 23.237
95 2020 4 8 0 37.48 22.166
96 2020 4 8 0 37.023 21.914
97 2020 4 8 0 37.734 22.324
98 2020 4 8 0 37.693 22.637
99 2020 4 8 0 38.249 23.357
100 2020 4 8 0 38.058 22.886
102 2020 4 8 0 35.272 23.525
103 2020 4 8 0 36.047 23.731
104 2020 4 8 0 35.841 23.64
105 2020 4 8 0 35.096 23.499
106 2020 4 8 0 36.368 23.822
107 2020 4 8 0 35.787 20.717
109 2020 4 8 0 35.057 20.918
110 2020 4 8 0 35.421 20.599
111 2020 4 8 0 34.956 23.033
112 2020 4 8 0 34.752 20.876
113 2020 4 8 0 36.994 23.967
114 2020 4 8 0 37.489 24.269
115 2020 4 8 0 36.705 23.825
116 2020 4 8 0 36.628 23.816
117 2020 4 8 0 37.107 24.045
118 2020 4 8 0 37.839 24.353
119 2020 4 8 0 37.852 24.484
120 2020 4 8 0 37.458 22.065
121 2020 4 8 0 37.94 22.563
122 2020 4 8 0 37.529 22.154
123 2020 4 8 0 37.101 21.992
124 2020 4 8 0 37.347 22.116
125 2020 4 8 0 37.804 22.457
126 2020 4 8 0 36.649 21.69
127 2020 4 8 0 36.876 21.483
128 2020 4 8 0 37.274 21.744
129 2020 4 8 0 32.38 20.597
130 2020 4 8 0 32.47 20.759
131 2020 4 8 0 32.255 20.626
132 2020 4 8 0 35.916 21.652
133 2020 4 8 0 32.786 20.44
134 2020 4 8 0 34.385 21.608
135 2020 4 8 0 32.67 22.036
136 2020 4 8 0 36.358 21.313
137 2020 4 8 0 33.272 22.038
138 2020 4 8 0 35.108 21.449
139 2020 4 8 0 34.008 21.88
140 2020 4 8 0 34.227 22.099
141 2020 4 8 0 32.249 20.493
142 2020 4 8 0 37.218 21.377
143 2020 4 8 0 38.208 23.542
144 2020 4 8 0 37.441 22.792
145 2020 4 8 0 36.452 21.907
146 2020 4 8 0 36.078 21.298
147 2020 4 8 0 38.628 23.923
148 2020 4 8 0 38.59 24.057
149 2020 4 8 0 36.899 22.301
150 2020 4 8 0 36.477 22.207
151 2020 4 8 0 34.974 22.884
152 2020 4 8 0 34.5 23.262
153 2020 4 8 0 34.974 22.829
154 2020 4 8 0 34.915 23.112
155 2020 4 8 0 34.402 23.277
156 2020 4 8 0 34.543 23.299
157 2020 4 8 0 34.853 23.193
158 2020 4 8 0 34.997 22.817
159 2020 4 8 0 34.888 23.112
160 2020 4 8 0 34.603 23.393
161 2020 4 8 0 37.337 22.045
162 2020 4 8 0 36.773 22.119
164 2020 4 8 0 37.041 21.882
165 2020 4 8 0 36.984 22.028
166 2020 4 8 0 36.74 22.371
167 2020 4 8 0 36.867 21.932
168 2020 4 8 0 37.073 21.823
169 2020 4 8 0 36.944 21.884
170 2020 4 8 0 36.969 22.026
171 2020 4 8 0 34.54 21.016
172 2020 4 8 0 33.413 23.647
173 2020 4 8 0 34.508 21.319
174 2020 4 8 0 36.557 23.417
175 2020 4 8 0 36.336 23.633
176 2020 4 8 0 37.434 24.081
177 2020 4 8 0 35.633 23.05
178 2020 4 8 0 36.13 23.029
179 2020 4 8 0 37.105 23.726
180 2020 4 8 0 35.979 23.478
181 2020 4 8 0 36.637 23.714
182 2020 4 8 0 34.867 20.58
183 2020 4 8 0 34.438 21.155
184 2020 4 8 0 34.139 21.277
185 2020 4 8 0 34.496 20.579
186 2020 4 8 0 34.499 20.366
187 2020 4 8 0 34.458 20.561
188 2020 4 8 0 35.642 23.717
189 2020 4 8 0 33.96 23.539
190 2020 4 8 0 34.291 23.564
191 2020 4 8 0 34.114 23.384
192 2020 4 8 0 33.895 23.473
195 2020 4 8 0 31.7 20.395
196 2020 4 8 0 31.762 20.362
197 2020 4 8 0 31.63 20.275
198 2020 4 8 0 31.825 20.295
199 2020 4 8 0 36.059 22.018
200 2020 4 8 0 35.122 22.048
201 2020 4 8 0 35.242 22.11
202 2020 4 8 0 35.267 22.063
203 2020 4 8 0 36.587 21.887
204 2020 4 8 0 38.334 24.254
205 2020 4 8 0 37.387 23.043
206 2020 4 8 0 38.418 24.095
207 2020 4 8 0 38.167 24.083
208 2020 4 8 0 37.94 23.698
209 2020 4 8 0 38.218 23.82
210 2020 4 8 0 36.63 23.774
211 2020 4 8 0 36.565 23.818
212 2020 4 8 0 36.618 23.809
213 2020 4 8 0 36.451 23.771
214 2020 4 8 0 36.374 23.808
215 2020 4 8 0 36.493 23.829
216 2020 4 8 0 34.924 21.847
217 2020 4 8 0 36.302 21.403
218 2020 4 8 0 34.124 21.799
219 2020 4 8 0 34.182 22.072
220 2020 4 8 0 35.67 19.096
221 2020 4 8 0 34.352 22.215
222 2020 4 8 0 34.478 21.714
223 2020 4 8 0 36.092 21.831
224 2020 4 8 0 35.297 22.17
225 2020 4 8 0 34.899 22.25
226 2020 4 8 0 34.919 22.253
227 2020 4 8 0 33.866 22.215
228 2020 4 8 0 35.093 19.19
229 2020 4 8 0 35.142 19.161
230 2020 4 8 0 35.003 19.256
231 2020 4 8 0 35.167 19.193
232 2020 4 8 0 34.925 19.331
233 2020 4 8 0 38.103 24.492
234 2020 4 8 0 38.091 24.09
235 2020 4 8 0 38.094 24.1
236 2020 4 8 0 38.029 24.442
237 2020 4 8 0 38.063 24.234
238 2020 4 8 0 38.105 24.305
239 2020 4 8 0 36.186 21.859
240 2020 4 8 0 35.768 22.071
241 2020 4 8 0 36.078 21.906
242 2020 4 8 0 35.384 22.142
243 2020 4 8 0 35.177 22.016
244 2020 4 8 0 36.075 21.838
245 2020 4 8 0 36.353 21.676
246 2020 4 8 0 35.778 21.805
247 2020 4 8 0 36.521 21.621
248 2020 4 8 0 36.468 21.573
249 2020 4 8 0 37.076 21.573
250 2020 4 8 0 36.467 21.827
251 2020 4 8 0 37.067 21.434
252 2020 4 8 0 36.802 21.871
0 2020 4 8 0.11251 35.268 21.937
