1 2020 6 9 14.821 37.523 25.691
2 2020 6 9 16.26 36.145 25.155
3 2020 6 9 17.995 37.218 25.619
4 2020 6 9 0.46417 37.393 25.502
5 2020 6 9 21.827 35.13 24.86
6 2020 6 9 24.505 34.746 24.747
7 2020 6 9 21.357 35.924 25.075
8 2020 6 9 0.9051 37.335 25.461
9 2020 6 9 9.5075 37.032 25.424
10 2020 6 9 1.7977 36.709 25.267
11 2020 6 9 2.5806 36.312 25.538
12 2020 6 9 5.5576 35.783 25.502
13 2020 6 9 19.583 35.608 25.341
14 2020 6 9 20.957 35.227 24.991
15 2020 6 9 11.364 35.951 25.268
16 2020 6 9 9.4962 35.941 25.182
17 2020 6 9 6.3721 35.572 24.958
18 2020 6 9 3.3408 36.344 25.692
19 2020 6 9 2.2085 36.858 24.302
20 2020 6 9 0.86071 37.538 25.83
21 2020 6 9 1.3655 36.313 23.981
22 2020 6 9 0 36.903 24.448
23 2020 6 9 0.10845 36.351 24.056
24 2020 6 9 0.17807 36.91 24.958
25 2020 6 9 0 36.846 24.551
26 2020 6 9 1.7326 36.328 24.397
27 2020 6 9 0 36.775 24.657
28 2020 6 9 0 36.573 23.853
29 2020 6 9 2.4107 38.05 26.559
30 2020 6 9 0 37.711 25.529
31 2020 6 9 0.10288 36.434 23.539
32 2020 6 9 0.41176 38.392 26.41
33 2020 6 9 2.7091 33.655 25.231
34 2020 6 9 8.9608 34.158 25.279
35 2020 6 9 5.2201 33.069 25.088
36 2020 6 9 2.4063 32.938 25.011
37 2020 6 9 13.753 34.515 25.08
38 2020 6 9 2.7037 33.746 25.48
39 2020 6 9 4.9411 33.554 25.603
40 2020 6 9 0.87573 33.618 25.055
41 2020 6 9 5.7148 33.092 25.305
42 2020 6 9 0.84573 36.398 25.871
43 2020 6 9 0 36.15 26.207
44 2020 6 9 0.2287 36.054 26.043
45 2020 6 9 0 36.893 26.099
46 2020 6 9 0.41774 36.113 25.867
47 2020 6 9 0 36.464 26.352
48 2020 6 9 0 36.72 26.37
49 2020 6 9 0.57593 36.729 26.088
51 2020 6 9 6.207 37.43 25.682
52 2020 6 9 4.2502 37.059 25.673
53 2020 6 9 3.8612 37.611 25.671
54 2020 6 9 1.0012 37.536 25.652
55 2020 6 9 17.048 35.668 27.919
56 2020 6 9 13.708 36.318 27.454
57 2020 6 9 35.845 35.425 28.351
58 2020 6 9 6.861 36.383 27.481
59 2020 6 9 30.756 35.771 27.904
60 2020 6 9 44.562 35.381 28.314
61 2020 6 9 24.303 33.288 20.379
62 2020 6 9 49.279 34.081 26.638
63 2020 6 9 31.863 34.423 27.438
64 2020 6 9 25.655 33.684 20.256
65 2020 6 9 29.652 34.462 19.683
66 2020 6 9 24.919 32.942 20.678
67 2020 6 9 20.531 33.525 20.37
68 2020 6 9 10.535 34.471 19.63
69 2020 6 9 24.564 33.508 20.386
70 2020 6 9 28.556 34.34 19.494
71 2020 6 9 0.29066 32.044 20.16
72 2020 6 9 31.579 35.876 28.135
73 2020 6 9 44.621 36.689 27.517
74 2020 6 9 27.066 35.825 28.181
75 2020 6 9 19.7 36.014 28.039
76 2020 6 9 1.4206 35.718 28.268
77 2020 6 9 1.1623 32.019 20.175
78 2020 6 9 10.443 31.944 20.159
79 2020 6 9 5.0734 35.723 28.262
80 2020 6 9 23.595 37.24 27.255
81 2020 6 9 28.665 36.559 25.355
82 2020 6 9 0.85532 36.435 25.952
83 2020 6 9 1.5563 36.702 25.774
84 2020 6 9 2.7584 36.662 25.724
85 2020 6 9 4.9423 36.539 25.633
86 2020 6 9 14.341 36.072 25.185
87 2020 6 9 10.407 36.735 25.561
88 2020 6 9 7.0795 36.423 25.5
89 2020 6 9 1.8167 36.424 25.803
90 2020 6 9 11.264 36.256 25.328
91 2020 6 9 0.70379 37.546 25.446
92 2020 6 9 1.3086 37.501 25.393
93 2020 6 9 1.0988 37.609 25.607
94 2020 6 9 0.69977 37.462 25.573
95 2020 6 9 0 36.556 23.88
96 2020 6 9 0 36.178 23.632
97 2020 6 9 0 36.832 24.226
98 2020 6 9 0 36.732 24.388
99 2020 6 9 0.17611 37.225 25.189
100 2020 6 9 0 37.184 24.811
102 2020 6 9 3.2147 33.881 25.856
103 2020 6 9 1.3935 34.812 26.063
104 2020 6 9 7.2501 34.512 25.917
105 2020 6 9 0.49682 33.887 25.978
106 2020 6 9 7.51 35.161 26.099
107 2020 6 9 0.31414 35.787 20.717
109 2020 6 9 0 35.057 20.918
110 2020 6 9 0.42398 35.421 20.599
111 2020 6 9 1.0731 32.745 24.984
112 2020 6 9 0.42991 34.752 20.876
113 2020 6 9 0.20773 36.042 26.122
114 2020 6 9 1.6261 36.293 26.149
115 2020 6 9 0.34078 35.822 26.051
116 2020 6 9 0 35.704 26.074
117 2020 6 9 1.8496 36.093 26.079
118 2020 6 9 0 36.523 26.343
119 2020 6 9 0.53164 36.494 26.23
120 2020 6 9 1.8914 36.503 24.221
121 2020 6 9 2.5139 36.999 24.813
122 2020 6 9 7.1644 36.78 24.756
123 2020 6 9 10.36 37.542 25.881
124 2020 6 9 18.633 37.506 25.66
125 2020 6 9 24.68 37.643 25.683
126 2020 6 9 13.819 37.765 26.625
127 2020 6 9 1.1747 35.939 23.662
128 2020 6 9 0 36.326 23.641
129 2020 6 9 7.8588 32.38 20.597
130 2020 6 9 32.341 32.47 20.759
131 2020 6 9 14.503 32.255 20.626
132 2020 6 9 16.138 37.019 26.74
133 2020 6 9 12.014 32.786 20.44
134 2020 6 9 41.635 35.744 27.101
135 2020 6 9 15.284 35.449 27.754
136 2020 6 9 9.6469 36.55 26.371
137 2020 6 9 16.715 34.935 27.304
138 2020 6 9 34.282 36.44 27.188
139 2020 6 9 33.622 36.334 27.379
140 2020 6 9 15.837 36.543 27.208
141 2020 6 9 15.014 32.249 20.493
142 2020 6 9 8.5788 36.729 25.483
143 2020 6 9 0 37.011 25.2
144 2020 6 9 0 36.433 24.451
145 2020 6 9 0 35.914 23.855
146 2020 6 9 1.9835 36.277 24.112
147 2020 6 9 1.3865 37.342 25.634
148 2020 6 9 0.94535 37.143 25.636
149 2020 6 9 0 36.013 23.956
150 2020 6 9 0 35.909 23.906
151 2020 6 9 5.0505 32.824 24.995
152 2020 6 9 0 32.729 25.114
153 2020 6 9 5.1492 32.847 24.999
154 2020 6 9 1.4009 32.739 25.006
155 2020 6 9 0 32.7 25.093
156 2020 6 9 2.1344 32.814 25.238
157 2020 6 9 6.2023 32.809 25.141
158 2020 6 9 5.2319 32.868 25
159 2020 6 9 0.25719 32.724 24.999
160 2020 6 9 4.7464 33.093 25.564
161 2020 6 9 10.076 37.24 25.7
162 2020 6 9 17.486 35.893 25.039
164 2020 6 9 15.05 37.42 25.912
165 2020 6 9 3.3242 36.566 25.321
166 2020 6 9 12.015 35.806 25.083
167 2020 6 9 27.399 36.991 25.68
168 2020 6 9 25.846 36.625 25.295
169 2020 6 9 27.979 37.196 25.801
170 2020 6 9 19.943 36.592 25.358
171 2020 6 9 0.11993 34.54 21.016
172 2020 6 9 0.1926 32.737 25.338
173 2020 6 9 0.25398 34.508 21.319
174 2020 6 9 4.7541 35.522 25.691
175 2020 6 9 6.4638 35.244 25.951
176 2020 6 9 1.9166 36.254 25.949
177 2020 6 9 9.2518 34.532 25.572
178 2020 6 9 13.769 35.032 25.445
179 2020 6 9 4.1545 36.094 25.806
180 2020 6 9 8.5408 34.8 25.859
181 2020 6 9 1.5984 35.654 25.952
182 2020 6 9 1.4142 34.867 20.58
183 2020 6 9 0.17155 34.438 21.155
184 2020 6 9 0.33265 34.139 21.277
185 2020 6 9 2.3422 34.496 20.579
186 2020 6 9 4.67 34.499 20.366
187 2020 6 9 2.69 34.458 20.561
188 2020 6 9 0 34.261 26.118
189 2020 6 9 0.63274 32.947 25.476
190 2020 6 9 0.11821 33.344 25.69
191 2020 6 9 0 32.708 25.18
192 2020 6 9 0.12663 32.729 25.27
195 2020 6 9 30.4 31.7 20.395
196 2020 6 9 3.6978 31.762 20.362
197 2020 6 9 36.148 31.63 20.275
198 2020 6 9 0.54821 31.825 20.295
199 2020 6 9 34.108 36.974 26.192
200 2020 6 9 45.255 36.702 26.813
201 2020 6 9 27.514 36.742 26.695
202 2020 6 9 14.472 36.934 26.79
203 2020 6 9 16.531 37.334 26.18
204 2020 6 9 4.6963 36.875 25.782
205 2020 6 9 0 36.571 24.715
206 2020 6 9 4.1192 37.085 25.685
207 2020 6 9 1.42 37.09 25.744
208 2020 6 9 0 37.111 25.426
209 2020 6 9 0.51983 37.177 25.501
210 2020 6 9 1.4533 35.696 25.988
211 2020 6 9 0 35.558 26.087
212 2020 6 9 0 35.68 26.082
213 2020 6 9 1.4566 35.265 25.996
214 2020 6 9 0.54118 35.19 26.117
215 2020 6 9 3.4095 35.397 26.095
216 2020 6 9 21.996 33.913 25.477
217 2020 6 9 14.32 35.842 25.841
218 2020 6 9 34.291 33.5 25.615
219 2020 6 9 22.941 32.998 25.344
220 2020 6 9 1.6694 35.67 19.096
221 2020 6 9 31.689 33.021 25.314
222 2020 6 9 17.92 34.304 26.059
223 2020 6 9 11.999 34.69 25.235
224 2020 6 9 11.062 33.631 25.233
225 2020 6 9 2.6183 33.343 25.097
226 2020 6 9 23.931 33.321 25.216
227 2020 6 9 7.5836 32.695 25.433
228 2020 6 9 16.866 35.093 19.19
229 2020 6 9 26.143 35.142 19.161
230 2020 6 9 29.745 35.003 19.256
231 2020 6 9 14.123 35.167 19.193
232 2020 6 9 39.707 34.925 19.331
233 2020 6 9 1.4024 36.612 25.998
234 2020 6 9 0 37.041 25.883
235 2020 6 9 0 37.054 25.822
236 2020 6 9 0.10738 36.723 26.088
237 2020 6 9 0 36.863 26.118
238 2020 6 9 1.7493 36.866 25.905
239 2020 6 9 25.309 34.053 24.536
240 2020 6 9 4.13 33.829 25.011
241 2020 6 9 21.38 33.896 24.659
242 2020 6 9 7.0715 33.532 25.005
243 2020 6 9 6.8909 33.398 24.851
244 2020 6 9 2.7447 33.988 24.762
245 2020 6 9 4.6098 34.277 24.624
246 2020 6 9 5.4816 33.712 24.643
247 2020 6 9 8.3933 34.772 24.769
248 2020 6 9 12.091 34.624 24.552
249 2020 6 9 17.57 35.969 24.925
250 2020 6 9 19.438 34.876 24.665
251 2020 6 9 8.9247 35.808 24.987
252 2020 6 9 17.605 35.67 24.913
0 2020 6 9 19.001 36.966 27.337
