1 2020 5 30 0 40.367 28.833
2 2020 5 30 0 39.49 28.176
3 2020 5 30 0 40.423 28.803
4 2020 5 30 0 39.41 28.194
5 2020 5 30 0 38.846 27.881
6 2020 5 30 0 39.127 27.925
7 2020 5 30 0 40.066 28.363
8 2020 5 30 0 39.026 27.938
9 2020 5 30 0 39.624 28.342
10 2020 5 30 0 38.854 27.86
11 2020 5 30 0 40.569 28.915
12 2020 5 30 0 40.121 28.716
13 2020 5 30 0 40.088 28.589
14 2020 5 30 0 40.041 28.322
15 2020 5 30 0 40.493 28.691
16 2020 5 30 0 40.562 28.64
17 2020 5 30 0 40.459 28.428
18 2020 5 30 0 40.537 28.959
19 2020 5 30 0 38.293 26.435
20 2020 5 30 0 37.934 27.626
21 2020 5 30 0 38.208 26.433
22 2020 5 30 0 37.983 26.386
23 2020 5 30 0 37.399 26.104
24 2020 5 30 0 37.559 26.868
25 2020 5 30 0 37.64 26.333
26 2020 5 30 0 37.182 26.486
27 2020 5 30 0 37.497 26.541
28 2020 5 30 0 38.282 26.264
29 2020 5 30 0 38.15 28.139
30 2020 5 30 0 38.267 27.291
31 2020 5 30 0 38.672 26.307
32 2020 5 30 0 38.697 28.081
33 2020 5 30 0 38.365 28.204
34 2020 5 30 0 38.766 28.078
35 2020 5 30 0 37.91 28.274
36 2020 5 30 0 37.726 28.176
37 2020 5 30 0 39.202 28.091
38 2020 5 30 0 38.464 28.536
39 2020 5 30 0 38.239 28.759
40 2020 5 30 0 38.307 28.055
41 2020 5 30 0 37.876 28.54
42 2020 5 30 0 39.748 28.706
43 2020 5 30 0 40.253 29.124
44 2020 5 30 0 40.077 28.981
45 2020 5 30 0 40.245 28.846
46 2020 5 30 0 39.854 28.787
47 2020 5 30 0 40.241 29.148
48 2020 5 30 0 40.303 29.115
49 2020 5 30 0 39.955 28.808
51 2020 5 30 0 40.376 28.782
52 2020 5 30 0 40.489 28.767
53 2020 5 30 0 40.239 28.756
54 2020 5 30 0 40.296 28.692
55 2020 5 30 0 35.051 28.398
56 2020 5 30 0 35.83 28.218
57 2020 5 30 0 34.889 28.773
58 2020 5 30 0 35.859 28.279
59 2020 5 30 0 35.377 28.583
60 2020 5 30 0 34.764 28.668
61 2020 5 30 0 33.288 20.379
62 2020 5 30 0 35.556 28.319
63 2020 5 30 0 35.136 28.548
64 2020 5 30 0 33.684 20.256
65 2020 5 30 0 34.462 19.683
66 2020 5 30 0 32.942 20.678
67 2020 5 30 0 33.525 20.37
68 2020 5 30 0 34.471 19.63
69 2020 5 30 0 33.508 20.386
70 2020 5 30 0 34.34 19.494
71 2020 5 30 0 32.044 20.16
72 2020 5 30 0 35.095 28.478
73 2020 5 30 0 36.072 28.436
74 2020 5 30 0 35.028 28.482
75 2020 5 30 0 35.257 28.476
76 2020 5 30 0 34.9 28.491
77 2020 5 30 0 32.019 20.175
78 2020 5 30 0 31.944 20.159
79 2020 5 30 0 34.907 28.49
80 2020 5 30 0 36.699 28.291
81 2020 5 30 0 40.477 28.678
82 2020 5 30 0 40.499 29
83 2020 5 30 0 40.586 28.869
84 2020 5 30 0 40.611 28.905
85 2020 5 30 0 40.619 28.902
86 2020 5 30 0 40.53 28.604
87 2020 5 30 0 40.543 28.82
88 2020 5 30 0 40.592 28.847
89 2020 5 30 0 40.538 28.967
90 2020 5 30 0 40.549 28.716
91 2020 5 30 0 39.912 28.412
92 2020 5 30 0 39.292 28.012
93 2020 5 30 0 39.791 28.451
94 2020 5 30 0 39.807 28.483
95 2020 5 30 0 39.063 26.82
96 2020 5 30 0 38.599 26.49
97 2020 5 30 0 39.125 27.108
98 2020 5 30 0 39.319 27.336
99 2020 5 30 0 39.928 28.169
100 2020 5 30 0 39.696 27.818
102 2020 5 30 0 38.505 28.973
103 2020 5 30 0 39.486 29.032
104 2020 5 30 0 39.197 28.926
105 2020 5 30 0 38.428 29.105
106 2020 5 30 0 39.864 29.027
107 2020 5 30 0 35.787 20.717
109 2020 5 30 0 35.057 20.918
110 2020 5 30 0 35.421 20.599
111 2020 5 30 0 37.626 28.271
112 2020 5 30 0 34.752 20.876
113 2020 5 30 0 40.248 29.095
114 2020 5 30 0 40.361 29.081
115 2020 5 30 0 40.182 29.074
116 2020 5 30 0 40.126 29.067
117 2020 5 30 0 40.296 29.074
118 2020 5 30 0 40.346 29.151
119 2020 5 30 0 40.415 29.091
120 2020 5 30 0 38.165 26.766
121 2020 5 30 0 38.711 27.388
122 2020 5 30 0 37.958 27.038
123 2020 5 30 0 37.98 27.752
124 2020 5 30 0 38.239 27.725
125 2020 5 30 0 38.694 27.916
126 2020 5 30 0 37.724 28.099
127 2020 5 30 0 37.327 26.047
128 2020 5 30 0 38.336 26.354
129 2020 5 30 0 32.38 20.597
130 2020 5 30 0 32.47 20.759
131 2020 5 30 0 32.255 20.626
132 2020 5 30 0 37.642 28.004
133 2020 5 30 0 32.786 20.44
134 2020 5 30 0 36.588 28.262
135 2020 5 30 0 35.521 28.64
136 2020 5 30 0 38.042 27.879
137 2020 5 30 0 35.631 28.474
138 2020 5 30 0 37.134 28.165
139 2020 5 30 0 36.412 28.32
140 2020 5 30 0 36.381 28.172
141 2020 5 30 0 32.249 20.493
142 2020 5 30 0 38.872 27.641
143 2020 5 30 0 39.867 28.07
144 2020 5 30 0 39.102 27.332
145 2020 5 30 0 38.166 26.55
146 2020 5 30 0 37.791 26.235
147 2020 5 30 0 40.326 28.582
148 2020 5 30 0 40.387 28.58
149 2020 5 30 0 38.564 26.84
150 2020 5 30 0.12716 38.404 26.751
151 2020 5 30 0 37.6 28.186
152 2020 5 30 0 37.356 28.586
153 2020 5 30 0 37.584 28.157
154 2020 5 30 0 37.624 28.335
155 2020 5 30 0 37.273 28.61
156 2020 5 30 0 37.437 28.658
157 2020 5 30 0 37.635 28.466
158 2020 5 30 0 37.602 28.143
159 2020 5 30 0 37.599 28.34
160 2020 5 30 0 37.642 28.879
161 2020 5 30 0 38.581 27.813
162 2020 5 30 0 38.653 27.736
164 2020 5 30 0 38.394 27.833
165 2020 5 30 0 38.521 27.702
166 2020 5 30 0 38.788 27.873
167 2020 5 30 0 38.277 27.762
168 2020 5 30 0 38.558 27.625
169 2020 5 30 0 38.331 27.785
170 2020 5 30 0 38.536 27.724
171 2020 5 30 0 34.54 21.016
172 2020 5 30 0 36.651 29.211
173 2020 5 30 0 34.508 21.319
174 2020 5 30 0 39.942 28.756
175 2020 5 30 0 39.835 28.884
176 2020 5 30 0 40.415 29.024
177 2020 5 30 0 39.119 28.393
178 2020 5 30 0 39.503 28.404
179 2020 5 30 0 40.375 29.002
180 2020 5 30 0 39.463 28.744
181 2020 5 30 0 40.093 28.987
182 2020 5 30 0 34.867 20.58
183 2020 5 30 0 34.438 21.155
184 2020 5 30 0 34.139 21.277
185 2020 5 30 0 34.496 20.579
186 2020 5 30 0 34.499 20.366
187 2020 5 30 0 34.458 20.561
188 2020 5 30 0 38.797 29.181
189 2020 5 30 0 37.135 29.086
190 2020 5 30 0 37.585 29.165
191 2020 5 30 0 37.091 28.791
192 2020 5 30 0 36.962 28.944
195 2020 5 30 0 31.7 20.395
196 2020 5 30 0 31.762 20.362
197 2020 5 30 0 31.63 20.275
198 2020 5 30 0 31.825 20.295
199 2020 5 30 0 37.551 27.994
200 2020 5 30 0 36.649 28.236
201 2020 5 30 0 36.845 28.156
202 2020 5 30 0 36.999 28.052
203 2020 5 30 0 38.039 27.894
204 2020 5 30 0 40.474 28.758
205 2020 5 30 0 39.324 27.581
206 2020 5 30 0 40.386 28.603
207 2020 5 30 0 40.355 28.612
208 2020 5 30 0 40.09 28.275
209 2020 5 30 0 40.178 28.357
210 2020 5 30 0 40.075 28.998
211 2020 5 30 0 40.063 29.054
212 2020 5 30 0 40.112 29.061
213 2020 5 30 0 39.914 28.973
214 2020 5 30 0 39.87 29.035
215 2020 5 30 0 39.997 29.044
216 2020 5 30 0 36.56 27.948
217 2020 5 30 0 37.993 27.813
218 2020 5 30 0 35.944 28.056
219 2020 5 30 0 35.844 28.01
220 2020 5 30 0 35.67 19.096
221 2020 5 30 0 35.982 27.956
222 2020 5 30 0 36.313 28.08
223 2020 5 30 0 37.597 27.777
224 2020 5 30 0 36.68 27.896
225 2020 5 30 0 36.569 27.782
226 2020 5 30 0 36.419 27.889
227 2020 5 30 0 35.526 28.049
228 2020 5 30 0 35.093 19.19
229 2020 5 30 0 35.142 19.161
230 2020 5 30 0 35.003 19.256
231 2020 5 30 0 35.167 19.193
232 2020 5 30 0 34.925 19.331
233 2020 5 30 0 40.519 28.963
234 2020 5 30 0 40.331 28.71
235 2020 5 30 0 40.345 28.666
236 2020 5 30 0 40.422 28.939
237 2020 5 30 0 40.342 28.916
238 2020 5 30 0 40.415 28.788
239 2020 5 30 0 38.374 27.618
240 2020 5 30 0 37.179 27.754
241 2020 5 30 0 38.057 27.615
242 2020 5 30 0 36.888 27.752
243 2020 5 30 0 36.876 27.664
244 2020 5 30 0 37.629 27.593
245 2020 5 30 0 38.104 27.531
246 2020 5 30 0 37.573 27.551
247 2020 5 30 0 38.311 27.585
248 2020 5 30 0 38.555 27.55
249 2020 5 30 0 38.908 27.578
250 2020 5 30 0 38.658 27.662
251 2020 5 30 0 38.814 27.586
252 2020 5 30 0 38.758 27.673
0 2020 5 30 0 36.516 28.324
