1 2020 6 1 0 40.571 27.955
2 2020 6 1 0.21262 39.831 28.039
3 2020 6 1 0 40.53 28.096
4 2020 6 1 0 40.091 27.526
5 2020 6 1 1.4676 39.179 27.897
6 2020 6 1 0.13438 39.35 28.067
7 2020 6 1 0.38274 40.147 28.321
8 2020 6 1 0 39.874 27.37
9 2020 6 1 0 40.11 27.816
10 2020 6 1 0 39.633 27.613
11 2020 6 1 0 40.335 28.883
12 2020 6 1 0 40.032 28.913
13 2020 6 1 0 40.035 28.808
14 2020 6 1 0 40.028 28.609
15 2020 6 1 0 40.326 28.774
16 2020 6 1 0 40.394 28.718
17 2020 6 1 0 40.342 28.64
18 2020 6 1 0 40.284 28.953
19 2020 6 1 3.4371 38.125 23.616
20 2020 6 1 0 38.785 26.575
21 2020 6 1 0.33367 38.194 23.729
22 2020 6 1 1.8593 37.882 23.601
23 2020 6 1 0 37.763 24.01
24 2020 6 1 0 38.283 25.446
25 2020 6 1 0 37.579 23.53
26 2020 6 1 0 38.16 25.38
27 2020 6 1 0 37.943 24.619
28 2020 6 1 2.2936 38.454 24.227
29 2020 6 1 0 38.963 27.128
30 2020 6 1 0 38.54 25.302
31 2020 6 1 0.66171 38.91 24.605
32 2020 6 1 0 39.153 26.557
33 2020 6 1 0 38.615 28.756
34 2020 6 1 0 39.081 28.746
35 2020 6 1 0 38.139 28.686
36 2020 6 1 0 37.955 28.568
37 2020 6 1 0 39.425 28.573
38 2020 6 1 0.1292 38.446 29.005
39 2020 6 1 0.19522 38.045 29.142
40 2020 6 1 0 38.567 28.543
41 2020 6 1 0.60285 37.9 28.902
42 2020 6 1 0 39.798 28.966
43 2020 6 1 0 39.981 29.573
44 2020 6 1 0 39.814 29.488
45 2020 6 1 0 40.322 28.435
46 2020 6 1 0 39.709 29.217
47 2020 6 1 0 40.102 29.316
48 2020 6 1 0 40.266 28.968
49 2020 6 1 0 40.06 28.799
51 2020 6 1 0 40.565 27.884
52 2020 6 1 0 40.5 28.027
53 2020 6 1 0 40.553 27.814
54 2020 6 1 0 40.591 27.645
55 2020 6 1 0 35.781 27.723
56 2020 6 1 0 36.657 27.611
57 2020 6 1 0 35.363 27.854
58 2020 6 1 0 36.813 27.717
59 2020 6 1 0.32427 35.911 27.724
60 2020 6 1 0 35.334 27.838
61 2020 6 1 0 33.288 20.379
62 2020 6 1 0 35.866 27.567
63 2020 6 1 0 35.5 27.63
64 2020 6 1 0 33.684 20.256
65 2020 6 1 0 34.462 19.683
66 2020 6 1 0 32.942 20.678
67 2020 6 1 0 33.525 20.37
68 2020 6 1 0 34.471 19.63
69 2020 6 1 0 33.508 20.386
70 2020 6 1 0 34.34 19.494
71 2020 6 1 0 32.044 20.16
72 2020 6 1 0 36.129 27.955
73 2020 6 1 0 37.26 27.935
74 2020 6 1 0 36.053 27.957
75 2020 6 1 0 36.32 27.958
76 2020 6 1 0 35.902 27.959
77 2020 6 1 0 32.019 20.175
78 2020 6 1 0 31.944 20.159
79 2020 6 1 0 35.91 27.959
80 2020 6 1 0 37.878 27.712
81 2020 6 1 0 40.473 28.363
82 2020 6 1 0 40.323 28.924
83 2020 6 1 0 40.431 28.415
84 2020 6 1 0 40.399 28.539
85 2020 6 1 0 40.38 28.641
86 2020 6 1 0 40.424 28.578
87 2020 6 1 0 40.445 28.412
88 2020 6 1 0 40.394 28.668
89 2020 6 1 0 40.31 28.878
90 2020 6 1 0 40.415 28.61
91 2020 6 1 0 40.329 27.437
92 2020 6 1 0 40.02 27.158
93 2020 6 1 0 40.331 27.606
94 2020 6 1 0 40.299 27.713
95 2020 6 1 0 39.329 25.262
96 2020 6 1 0.12764 38.805 24.457
97 2020 6 1 0 39.534 25.915
98 2020 6 1 0 39.589 25.773
99 2020 6 1 0 40.229 26.891
100 2020 6 1 0 40.014 26.653
102 2020 6 1 0 38.164 29.345
103 2020 6 1 0 39.009 29.471
104 2020 6 1 0 38.798 29.363
105 2020 6 1 0 38.086 29.416
106 2020 6 1 0 39.336 29.498
107 2020 6 1 0 35.787 20.717
109 2020 6 1 0 35.057 20.918
110 2020 6 1 0.1256 35.421 20.599
111 2020 6 1 0.58842 37.879 28.6
112 2020 6 1 0 34.752 20.876
113 2020 6 1 0 39.943 29.621
114 2020 6 1 0 40.179 29.265
115 2020 6 1 0 39.796 29.716
116 2020 6 1 0 39.708 29.705
117 2020 6 1 0 40.022 29.495
118 2020 6 1 0 40.234 29.178
119 2020 6 1 0 40.331 29.044
120 2020 6 1 0 38.931 25.682
121 2020 6 1 0 39.466 26.42
122 2020 6 1 0 38.927 26.125
123 2020 6 1 0 38.951 26.999
124 2020 6 1 0 39.192 27.02
125 2020 6 1 0 39.608 27.252
126 2020 6 1 0 38.756 27.414
127 2020 6 1 0 38.191 24.838
128 2020 6 1 0 38.884 25.096
129 2020 6 1 0 32.38 20.597
130 2020 6 1 0 32.47 20.759
131 2020 6 1 0 32.255 20.626
132 2020 6 1 0.24563 38.29 27.104
133 2020 6 1 0 32.786 20.44
134 2020 6 1 0.20322 36.933 27.232
135 2020 6 1 0.67473 35.902 27.645
136 2020 6 1 0.27459 38.475 26.954
137 2020 6 1 0 35.983 27.542
138 2020 6 1 0.40534 37.527 27.025
139 2020 6 1 0.12903 36.964 27.41
140 2020 6 1 0 37.136 27.479
141 2020 6 1 0 32.249 20.493
142 2020 6 1 0.84909 39.445 27.154
143 2020 6 1 0 40.178 26.581
144 2020 6 1 0 39.35 25.364
145 2020 6 1 0 38.258 23.83
146 2020 6 1 0 37.642 23.07
147 2020 6 1 0 40.604 27.487
148 2020 6 1 0 40.57 27.58
149 2020 6 1 0 38.766 24.505
150 2020 6 1 0 38.582 24.255
151 2020 6 1 0.31151 37.832 28.547
152 2020 6 1 0 37.368 28.563
153 2020 6 1 0.287 37.812 28.528
154 2020 6 1 0 37.839 28.623
155 2020 6 1 0.4298 37.267 28.495
156 2020 6 1 0.19448 37.38 28.72
157 2020 6 1 0.40059 37.737 28.749
158 2020 6 1 0 37.822 28.526
159 2020 6 1 0 37.818 28.607
160 2020 6 1 0.16447 37.405 29.056
161 2020 6 1 0 39.443 27.314
162 2020 6 1 3.0401 39.281 27.714
164 2020 6 1 0 39.306 27.282
165 2020 6 1 0 39.357 27.549
166 2020 6 1 0.14361 39.307 27.868
167 2020 6 1 0 39.188 27.384
168 2020 6 1 1.0148 39.393 27.436
169 2020 6 1 0 39.238 27.313
170 2020 6 1 0.10405 39.351 27.539
171 2020 6 1 0.51391 34.54 21.016
172 2020 6 1 0.2041 36.139 28.282
173 2020 6 1 4.3037 34.508 21.319
174 2020 6 1 0 39.781 29.164
175 2020 6 1 0 39.482 29.413
176 2020 6 1 0 40.181 29.192
177 2020 6 1 0 39.19 29.017
178 2020 6 1 0 39.605 28.884
179 2020 6 1 0 40.083 29.319
180 2020 6 1 0 39.2 29.282
181 2020 6 1 0 39.734 29.52
182 2020 6 1 0 34.867 20.58
183 2020 6 1 0 34.438 21.155
184 2020 6 1 0 34.139 21.277
185 2020 6 1 0 34.496 20.579
186 2020 6 1 0.70115 34.499 20.366
187 2020 6 1 0 34.458 20.561
188 2020 6 1 0.12147 38.381 29.533
189 2020 6 1 4.0071 36.731 28.659
190 2020 6 1 0.89101 37.166 28.895
191 2020 6 1 1.8778 36.929 28.46
192 2020 6 1 9.6894 36.665 28.461
195 2020 6 1 0 31.7 20.395
196 2020 6 1 0 31.762 20.362
197 2020 6 1 0 31.63 20.275
198 2020 6 1 0 31.825 20.295
199 2020 6 1 0 38.468 27.4
200 2020 6 1 0 37.699 27.691
201 2020 6 1 0 37.827 27.589
202 2020 6 1 0 37.9 27.441
203 2020 6 1 0 38.927 27.258
204 2020 6 1 0 40.504 28.091
205 2020 6 1 0 39.59 25.701
206 2020 6 1 0 40.569 27.655
207 2020 6 1 0 40.587 27.672
208 2020 6 1 0 40.405 26.961
209 2020 6 1 0 40.496 27.083
210 2020 6 1 0 39.665 29.65
211 2020 6 1 0 39.611 29.644
212 2020 6 1 0 39.69 29.694
213 2020 6 1 0 39.398 29.478
214 2020 6 1 0 39.35 29.514
215 2020 6 1 0 39.505 29.58
216 2020 6 1 0 36.851 27.514
217 2020 6 1 0 38.368 27.129
218 2020 6 1 0 36.187 27.547
219 2020 6 1 0 36.089 27.69
220 2020 6 1 0 35.67 19.096
221 2020 6 1 0 36.218 27.678
222 2020 6 1 0 36.589 27.389
223 2020 6 1 0 37.982 27.46
224 2020 6 1 0 37.009 27.662
225 2020 6 1 0 36.817 27.561
226 2020 6 1 0.25993 36.69 27.657
227 2020 6 1 0 35.757 27.746
228 2020 6 1 0 35.093 19.19
229 2020 6 1 0 35.142 19.161
230 2020 6 1 0 35.003 19.256
231 2020 6 1 0 35.167 19.193
232 2020 6 1 0 34.925 19.331
233 2020 6 1 0 40.445 28.66
234 2020 6 1 0 40.524 27.91
235 2020 6 1 0 40.56 27.807
236 2020 6 1 0 40.468 28.547
237 2020 6 1 0 40.417 28.438
238 2020 6 1 0 40.53 28.155
239 2020 6 1 0 38.768 27.66
240 2020 6 1 0 37.595 27.573
241 2020 6 1 0 38.522 27.654
242 2020 6 1 0.20097 37.262 27.571
243 2020 6 1 0 37.29 27.501
244 2020 6 1 0 38.145 27.428
245 2020 6 1 0 38.614 27.383
246 2020 6 1 0 38.109 27.471
247 2020 6 1 0 38.757 27.387
248 2020 6 1 0.23118 38.963 27.429
249 2020 6 1 5.7373 39.462 27.387
250 2020 6 1 4.0871 39.056 27.596
251 2020 6 1 0.48336 39.268 27.279
252 2020 6 1 11.523 39.293 27.581
0 2020 6 1 0 37.57 27.693
