1 2020 6 8 0.41155 36.004 26.368
2 2020 6 8 14.506 33.974 25.876
3 2020 6 8 1.0134 35.849 26.123
4 2020 6 8 0 35.643 26.541
5 2020 6 8 14.494 32.756 25.338
6 2020 6 8 24.358 32.505 24.837
7 2020 6 8 12.722 33.877 25.568
8 2020 6 8 1.1617 35.647 26.594
9 2020 6 8 4.6343 35.015 26.322
10 2020 6 8 2.747 34.574 26.289
11 2020 6 8 0.16617 35.066 25.636
12 2020 6 8 3.8515 34.447 25.348
13 2020 6 8 3.0748 34.087 25.218
14 2020 6 8 4.208 33.304 25.01
15 2020 6 8 0.45087 34.348 25.421
16 2020 6 8 0.31244 34.262 25.407
17 2020 6 8 1.4362 33.658 25.199
18 2020 6 8 0.10533 35.472 25.651
19 2020 6 8 0 37.023 24.181
20 2020 6 8 1.6065 37.3 26.872
21 2020 6 8 0.76983 36.557 23.905
22 2020 6 8 0 36.995 24.47
23 2020 6 8 0 36.371 24.586
24 2020 6 8 0.65584 36.799 25.875
25 2020 6 8 0 36.79 24.759
26 2020 6 8 0.80271 36.269 25.412
27 2020 6 8 0 36.647 25.395
28 2020 6 8 0 36.614 24.199
29 2020 6 8 3.4867 37.677 27.651
30 2020 6 8 1.1704 37.428 26.293
31 2020 6 8 0.64318 36.411 24.007
32 2020 6 8 4.7554 38.023 27.378
33 2020 6 8 0.4207 32.384 24.417
34 2020 6 8 0.35858 32.755 24.404
35 2020 6 8 2.1579 31.801 24.354
36 2020 6 8 8.3092 31.658 24.379
37 2020 6 8 1.2684 32.669 24.595
38 2020 6 8 0.43607 32.718 24.821
39 2020 6 8 0.29713 32.649 25.094
40 2020 6 8 1.4837 32.082 24.442
41 2020 6 8 1.2257 31.996 24.692
42 2020 6 8 5.8306 35.673 25.559
43 2020 6 8 0.3475 35.733 25.964
44 2020 6 8 1.3939 35.59 25.827
45 2020 6 8 8.8217 36.705 25.727
46 2020 6 8 0.75047 35.541 25.625
47 2020 6 8 0.51288 36.036 26.003
48 2020 6 8 2.4214 36.411 25.971
49 2020 6 8 9.2863 36.098 25.697
51 2020 6 8 1.3535 36.286 26.146
52 2020 6 8 1.0799 36.657 25.65
53 2020 6 8 2.484 35.958 26.463
54 2020 6 8 0.40077 36.462 26.128
55 2020 6 8 16.243 35.601 28.727
56 2020 6 8 12.546 35.944 28.589
57 2020 6 8 36.692 35.497 28.68
58 2020 6 8 6.6565 36.045 28.6
59 2020 6 8 16.305 35.528 28.576
60 2020 6 8 17.987 35.501 28.738
61 2020 6 8 10.622 33.288 20.379
62 2020 6 8 9.404 33.401 26.712
63 2020 6 8 8.0045 34.414 27.525
64 2020 6 8 9.4907 33.684 20.256
65 2020 6 8 7.1413 34.462 19.683
66 2020 6 8 14.76 32.942 20.678
67 2020 6 8 5.1267 33.525 20.37
68 2020 6 8 7.4849 34.471 19.63
69 2020 6 8 13.27 33.508 20.386
70 2020 6 8 7.8201 34.34 19.494
71 2020 6 8 0.67903 32.044 20.16
72 2020 6 8 14.832 36.081 28.82
73 2020 6 8 7.8572 36.416 28.626
74 2020 6 8 24.736 36.066 28.832
75 2020 6 8 7.4157 36.139 28.795
76 2020 6 8 1.3702 36.012 28.862
77 2020 6 8 4.853 32.019 20.175
78 2020 6 8 16.624 31.944 20.159
79 2020 6 8 12.152 36.018 28.859
80 2020 6 8 15.359 36.799 28.484
81 2020 6 8 2.3181 34.945 25.766
82 2020 6 8 0 36.021 25.627
83 2020 6 8 0.49881 36.593 25.429
84 2020 6 8 0.24808 36.293 25.519
85 2020 6 8 0.23095 35.888 25.531
86 2020 6 8 1.1291 34.38 25.474
87 2020 6 8 1.2396 35.706 25.727
88 2020 6 8 0.63049 35.315 25.582
89 2020 6 8 0 35.871 25.602
90 2020 6 8 1.1984 34.768 25.559
91 2020 6 8 0.34692 36.013 26.345
92 2020 6 8 1.1547 36.131 26.463
93 2020 6 8 0.33923 35.933 26.594
94 2020 6 8 1.8688 35.626 26.522
95 2020 6 8 2.8129 36.316 24.363
96 2020 6 8 2.6261 36.315 23.887
97 2020 6 8 0.55415 36.149 25
98 2020 6 8 5.8616 36.418 24.751
99 2020 6 8 3.0861 36.584 25.538
100 2020 6 8 1.4647 36.147 25.536
102 2020 6 8 0.45802 33.129 25.464
103 2020 6 8 2.0412 34.181 25.67
104 2020 6 8 5.6589 33.797 25.47
105 2020 6 8 0.21408 33.184 25.654
106 2020 6 8 9.837 34.568 25.698
107 2020 6 8 1.0683 35.787 20.717
109 2020 6 8 0.51524 35.057 20.918
110 2020 6 8 0.67697 35.421 20.599
111 2020 6 8 3.9977 31.454 24.28
112 2020 6 8 1.356 34.752 20.876
113 2020 6 8 0.89455 35.622 25.913
114 2020 6 8 0.16078 35.898 25.806
115 2020 6 8 6.6811 35.352 25.888
116 2020 6 8 7.5074 35.226 25.866
117 2020 6 8 2.3075 35.658 25.846
118 2020 6 8 0.2823 36.161 25.945
119 2020 6 8 0 36.135 25.781
120 2020 6 8 3.7075 36.005 25.165
121 2020 6 8 4.661 36.068 25.824
122 2020 6 8 8.7751 36.121 25.869
123 2020 6 8 2.4728 36.866 27.105
124 2020 6 8 7.648 36.461 26.95
125 2020 6 8 10.45 36.249 26.987
126 2020 6 8 2.2988 37.127 27.875
127 2020 6 8 1.5814 35.939 24.57
128 2020 6 8 0.21468 36.128 24.417
129 2020 6 8 1.3627 32.38 20.597
130 2020 6 8 12.064 32.47 20.759
131 2020 6 8 4.4895 32.255 20.626
132 2020 6 8 10.053 35.893 27.608
133 2020 6 8 17.333 32.786 20.44
134 2020 6 8 14.046 34.936 27.369
135 2020 6 8 9.8783 35.141 28.174
136 2020 6 8 19.447 35.197 26.723
137 2020 6 8 15.746 34.526 27.529
138 2020 6 8 10.407 35.6 27.529
139 2020 6 8 4.2402 35.685 28.133
140 2020 6 8 5.4267 35.899 28.319
141 2020 6 8 31.935 32.249 20.493
142 2020 6 8 15.861 34.79 26.064
143 2020 6 8 0.85046 37.229 25.038
144 2020 6 8 1.9523 36.693 24.398
145 2020 6 8 1.857 36.281 23.746
146 2020 6 8 0.44099 36.572 23.788
147 2020 6 8 0.47113 37.103 25.63
148 2020 6 8 1.5126 37.276 25.378
149 2020 6 8 2.4644 36.352 23.937
150 2020 6 8 0.96023 36.297 23.831
151 2020 6 8 22.041 31.564 24.371
152 2020 6 8 2.1725 31.557 24.445
153 2020 6 8 18.007 31.597 24.399
154 2020 6 8 7.6554 31.465 24.3
155 2020 6 8 1.1625 31.523 24.412
156 2020 6 8 3.7134 31.717 24.632
157 2020 6 8 2.742 31.626 24.497
158 2020 6 8 19.641 31.623 24.416
159 2020 6 8 4.3308 31.443 24.281
160 2020 6 8 2.169 32.191 25.103
161 2020 6 8 8.4542 35.474 26.862
162 2020 6 8 8.3984 33.513 25.864
164 2020 6 8 6.0202 35.662 27.284
165 2020 6 8 2.3153 34.367 26.416
166 2020 6 8 11.207 33.424 25.921
167 2020 6 8 7.9363 35.038 26.958
168 2020 6 8 6.2102 34.44 26.293
169 2020 6 8 6.4517 35.337 27.117
170 2020 6 8 5.7431 34.411 26.46
171 2020 6 8 3.9562 34.54 21.016
172 2020 6 8 2.4137 31.813 24.769
173 2020 6 8 1.8874 34.508 21.319
174 2020 6 8 1.8697 34.49 25.392
175 2020 6 8 9.0316 34.534 25.532
176 2020 6 8 0.57425 35.713 25.731
177 2020 6 8 0.82239 33.46 24.799
178 2020 6 8 4.5099 33.726 24.892
179 2020 6 8 1.4472 35.238 25.773
180 2020 6 8 6.3678 33.999 25.283
181 2020 6 8 6.4764 34.991 25.732
182 2020 6 8 0.55499 34.867 20.58
183 2020 6 8 5.5098 34.438 21.155
184 2020 6 8 13.061 34.139 21.277
185 2020 6 8 0.82895 34.496 20.579
186 2020 6 8 2.1931 34.499 20.366
187 2020 6 8 0.22215 34.458 20.561
188 2020 6 8 0.32014 33.708 25.883
189 2020 6 8 4.9006 32.052 24.967
190 2020 6 8 0.88701 32.542 25.258
191 2020 6 8 1.9443 31.615 24.54
192 2020 6 8 2.1738 31.714 24.673
195 2020 6 8 14.614 31.7 20.395
196 2020 6 8 2.4137 31.762 20.362
197 2020 6 8 11.493 31.63 20.275
198 2020 6 8 0.87584 31.825 20.295
199 2020 6 8 8.9903 35.365 27.653
200 2020 6 8 3.9904 35.688 28.171
201 2020 6 8 6.47 35.613 28.064
202 2020 6 8 3.8555 35.96 28.104
203 2020 6 8 8.1501 35.777 27.548
204 2020 6 8 0.7096 36.881 25.42
205 2020 6 8 0.11219 36.937 24.541
206 2020 6 8 0.5586 37.257 25.358
207 2020 6 8 0 37.241 25.39
208 2020 6 8 0 37.427 25.146
209 2020 6 8 0 37.493 25.213
210 2020 6 8 4.4719 35.227 25.788
211 2020 6 8 9.444 35.046 25.818
212 2020 6 8 5.8872 35.193 25.857
213 2020 6 8 3.1825 34.693 25.627
214 2020 6 8 2.381 34.602 25.724
215 2020 6 8 11.371 34.851 25.767
216 2020 6 8 21.288 32.349 25.547
217 2020 6 8 24.671 34.279 26.06
218 2020 6 8 19.965 31.994 25.677
219 2020 6 8 29.519 31.816 25.326
220 2020 6 8 31.022 35.67 19.096
221 2020 6 8 47.806 32.295 25.243
222 2020 6 8 14.874 33.022 26.151
223 2020 6 8 14.044 32.975 25.362
224 2020 6 8 15.155 32.087 25.245
225 2020 6 8 41.53 32.82 24.978
226 2020 6 8 29.323 32.288 25.164
227 2020 6 8 12.969 32.115 25.345
228 2020 6 8 3.871 35.093 19.19
229 2020 6 8 4.7108 35.142 19.161
230 2020 6 8 4.8506 35.003 19.256
231 2020 6 8 14.111 35.167 19.193
232 2020 6 8 5.1538 34.925 19.331
233 2020 6 8 0 36.371 25.555
234 2020 6 8 0.97012 37.12 25.526
235 2020 6 8 0 37.159 25.457
236 2020 6 8 0 36.525 25.629
237 2020 6 8 2.6775 36.753 25.728
238 2020 6 8 0 36.821 25.489
239 2020 6 8 4.4183 31.924 24.271
240 2020 6 8 11.075 32.144 24.932
241 2020 6 8 1.1074 31.974 24.327
242 2020 6 8 31.173 32.257 24.876
243 2020 6 8 35.548 32.266 24.639
244 2020 6 8 8.836 32.099 24.565
245 2020 6 8 2.1745 32.194 24.438
246 2020 6 8 4.7891 31.984 24.326
247 2020 6 8 3.7166 32.731 24.768
248 2020 6 8 5.2766 32.439 24.495
249 2020 6 8 7.6113 33.74 25.403
250 2020 6 8 6.343 32.589 24.863
251 2020 6 8 11.247 33.759 25.258
252 2020 6 8 6.8086 33.362 25.466
0 2020 6 8 9.4407 36.588 28.422
