1 2020 4 22 0 40.904 26.422
2 2020 4 22 0 40.352 25.957
3 2020 4 22 0 40.901 26.534
4 2020 4 22 0 40.538 25.834
5 2020 4 22 0 39.827 25.33
6 2020 4 22 0 39.878 25.619
7 2020 4 22 0 40.68 26.414
8 2020 4 22 0 40.39 25.613
9 2020 4 22 0 40.479 25.959
10 2020 4 22 0 40.057 25.498
11 2020 4 22 0 40.584 26.941
12 2020 4 22 0 40.255 26.802
13 2020 4 22 0 40.311 26.735
14 2020 4 22 0 40.498 26.606
15 2020 4 22 0 40.655 26.865
16 2020 4 22 0 40.784 26.878
17 2020 4 22 0 40.851 26.814
18 2020 4 22 0 40.616 27.037
19 2020 4 22 0 38.673 23.271
20 2020 4 22 0 39.394 25.119
21 2020 4 22 0 38.575 23.231
22 2020 4 22 0.1153 38.541 23.319
23 2020 4 22 0 38.499 23.421
24 2020 4 22 0 39.012 24.406
25 2020 4 22 0.18595 38.426 23.364
26 2020 4 22 0.20542 38.735 24.049
27 2020 4 22 0 38.814 24.004
28 2020 4 22 0 39.04 23.573
29 2020 4 22 0.37055 39.581 25.538
30 2020 4 22 0 39.592 24.897
31 2020 4 22 0 39.423 23.784
32 2020 4 22 0.14292 40.161 25.798
33 2020 4 22 0 39.218 26.481
34 2020 4 22 0 39.456 26.351
35 2020 4 22 0 38.976 26.547
36 2020 4 22 0 38.799 26.319
37 2020 4 22 0 39.831 26.273
38 2020 4 22 0 39.242 26.764
39 2020 4 22 0 39.038 26.859
40 2020 4 22 0 39.17 26.165
41 2020 4 22 0 38.886 26.711
42 2020 4 22 0.32716 39.926 26.261
43 2020 4 22 0 40.497 27.354
44 2020 4 22 0 40.347 27.111
45 2020 4 22 0.24472 40.408 26.671
46 2020 4 22 0.18321 40.11 26.684
47 2020 4 22 0.56306 40.461 27.301
48 2020 4 22 0.82297 40.503 27.214
49 2020 4 22 0.23242 40.073 26.386
51 2020 4 22 0 40.899 26.378
52 2020 4 22 0 40.897 26.528
53 2020 4 22 0 40.861 26.272
54 2020 4 22 0 40.881 26.176
55 2020 4 22 0 34.996 25.419
56 2020 4 22 0 36.193 25.393
57 2020 4 22 0 34.823 25.247
58 2020 4 22 0 36.33 25.513
59 2020 4 22 0 35.575 25.175
60 2020 4 22 0 34.595 25.344
61 2020 4 22 0 33.288 20.379
62 2020 4 22 0 36.071 24.501
63 2020 4 22 0 35.427 24.714
64 2020 4 22 0 33.684 20.256
65 2020 4 22 0 34.462 19.683
66 2020 4 22 0 32.942 20.678
67 2020 4 22 0 33.525 20.37
68 2020 4 22 0 34.471 19.63
69 2020 4 22 0 33.508 20.386
70 2020 4 22 0 34.34 19.494
71 2020 4 22 0 32.044 20.16
72 2020 4 22 0 35.333 25.864
73 2020 4 22 0.87349 36.942 25.706
74 2020 4 22 0.78101 35.232 25.871
75 2020 4 22 0 35.598 25.847
76 2020 4 22 1.3135 35.023 25.887
77 2020 4 22 0 32.019 20.175
78 2020 4 22 0 31.944 20.159
79 2020 4 22 0.19481 35.03 25.886
80 2020 4 22 0.15283 37.864 25.284
81 2020 4 22 0 40.881 26.683
82 2020 4 22 0 40.64 27.269
83 2020 4 22 0 40.82 26.927
84 2020 4 22 0 40.829 26.96
85 2020 4 22 0 40.766 26.939
86 2020 4 22 0 40.855 26.81
87 2020 4 22 0 40.845 26.767
88 2020 4 22 0 40.729 26.884
89 2020 4 22 0 40.671 27.12
90 2020 4 22 0 40.79 26.828
91 2020 4 22 0 40.71 25.979
92 2020 4 22 0 40.547 25.691
93 2020 4 22 0 40.747 26.053
94 2020 4 22 0 40.658 26.048
95 2020 4 22 0 39.726 24.288
96 2020 4 22 0 39.092 23.692
97 2020 4 22 0 40.023 24.745
98 2020 4 22 0 39.893 24.704
99 2020 4 22 0 40.511 25.583
100 2020 4 22 0 40.406 25.374
102 2020 4 22 0 39.127 26.922
103 2020 4 22 0 39.821 27.185
104 2020 4 22 0 39.656 27.122
105 2020 4 22 0 38.962 26.787
106 2020 4 22 0 40.114 27.318
107 2020 4 22 0 35.787 20.717
109 2020 4 22 0 35.057 20.918
110 2020 4 22 0 35.421 20.599
111 2020 4 22 0 38.816 26.516
112 2020 4 22 0 34.752 20.876
113 2020 4 22 0 40.492 27.339
114 2020 4 22 0 40.537 27.409
115 2020 4 22 0 40.441 27.299
116 2020 4 22 0 40.387 27.305
117 2020 4 22 0 40.509 27.35
118 2020 4 22 0.33124 40.537 27.418
119 2020 4 22 0 40.555 27.467
120 2020 4 22 0 39.475 24.43
121 2020 4 22 0 40.002 25.06
122 2020 4 22 0 39.5 24.679
123 2020 4 22 0 39.442 25.108
124 2020 4 22 0 39.711 25.129
125 2020 4 22 0 40.149 25.401
126 2020 4 22 0.13054 39.116 25.173
127 2020 4 22 0.26129 38.767 23.693
128 2020 4 22 0 39.435 24.024
129 2020 4 22 0 32.38 20.597
130 2020 4 22 0 32.47 20.759
131 2020 4 22 0 32.255 20.626
132 2020 4 22 0 38.581 24.522
133 2020 4 22 0 32.786 20.44
134 2020 4 22 0 37.323 24.283
135 2020 4 22 0 35.881 24.841
136 2020 4 22 0 39.307 24.092
137 2020 4 22 0 36.079 24.619
138 2020 4 22 0 37.981 24.136
139 2020 4 22 0 36.989 24.811
140 2020 4 22 0 36.911 25.158
141 2020 4 22 0 32.249 20.493
142 2020 4 22 0 40.57 24.515
143 2020 4 22 0 40.347 25.354
144 2020 4 22 0 39.464 24.414
145 2020 4 22 0 38.372 23.254
146 2020 4 22 0 38.117 22.7
147 2020 4 22 0 40.889 26.058
148 2020 4 22 0 40.862 26.158
149 2020 4 22 0 38.818 23.754
150 2020 4 22 0 38.581 23.562
151 2020 4 22 0 38.71 26.3
152 2020 4 22 0 38.434 26.598
153 2020 4 22 0 38.67 26.224
154 2020 4 22 0 38.809 26.589
155 2020 4 22 0 38.342 26.577
156 2020 4 22 0 38.473 26.649
157 2020 4 22 0 38.759 26.65
158 2020 4 22 0 38.672 26.202
159 2020 4 22 0 38.79 26.587
160 2020 4 22 0 38.523 26.734
161 2020 4 22 0 39.914 25.087
162 2020 4 22 0 39.883 25.247
164 2020 4 22 0.14743 39.587 24.953
165 2020 4 22 0 39.777 25.186
166 2020 4 22 0 39.913 25.45
167 2020 4 22 0 39.461 25.047
168 2020 4 22 0 39.938 25.024
169 2020 4 22 0 39.499 24.972
170 2020 4 22 0 39.773 25.165
171 2020 4 22 0 34.54 21.016
172 2020 4 22 0.12448 37.412 26.543
173 2020 4 22 0 34.508 21.319
174 2020 4 22 0 40.18 26.933
175 2020 4 22 0 40.121 27.16
176 2020 4 22 0 40.57 27.26
177 2020 4 22 0 39.642 26.687
178 2020 4 22 0 39.891 26.613
179 2020 4 22 0 40.505 27.127
180 2020 4 22 0 39.857 27.036
181 2020 4 22 0 40.331 27.204
182 2020 4 22 0 34.867 20.58
183 2020 4 22 0 34.438 21.155
184 2020 4 22 0 34.139 21.277
185 2020 4 22 0 34.496 20.579
186 2020 4 22 0 34.499 20.366
187 2020 4 22 0 34.458 20.561
188 2020 4 22 0 39.166 26.875
189 2020 4 22 0 37.921 26.629
190 2020 4 22 0 38.22 26.659
191 2020 4 22 0 38.071 26.576
192 2020 4 22 0 37.865 26.583
195 2020 4 22 0 31.7 20.395
196 2020 4 22 0 31.762 20.362
197 2020 4 22 0 31.63 20.275
198 2020 4 22 0 31.825 20.295
199 2020 4 22 0.16712 38.546 25.079
200 2020 4 22 0.14504 37.567 25.396
201 2020 4 22 0 37.698 25.322
202 2020 4 22 0 37.758 25.19
203 2020 4 22 0 39.084 24.924
204 2020 4 22 0 40.745 26.678
205 2020 4 22 0 39.576 24.7
206 2020 4 22 0 40.737 26.271
207 2020 4 22 0 40.544 26.35
208 2020 4 22 0 40.261 25.723
209 2020 4 22 0 40.485 25.796
210 2020 4 22 0 40.364 27.232
211 2020 4 22 0 40.317 27.311
212 2020 4 22 0 40.372 27.301
213 2020 4 22 0 40.188 27.236
214 2020 4 22 0 40.115 27.298
215 2020 4 22 0 40.242 27.324
216 2020 4 22 0 37.575 24.402
217 2020 4 22 0 39.423 24.223
218 2020 4 22 0 36.705 24.291
219 2020 4 22 0 36.765 24.499
220 2020 4 22 0 35.67 19.096
221 2020 4 22 0 37.028 24.591
222 2020 4 22 0 37.123 24.234
223 2020 4 22 0 39.005 24.578
224 2020 4 22 0 37.818 24.682
225 2020 4 22 0 37.673 24.619
226 2020 4 22 0 37.524 24.668
227 2020 4 22 0 36.513 24.559
228 2020 4 22 0 35.093 19.19
229 2020 4 22 0 35.142 19.161
230 2020 4 22 0 35.003 19.256
231 2020 4 22 0 35.167 19.193
232 2020 4 22 0 34.925 19.331
233 2020 4 22 0 40.659 27.251
234 2020 4 22 0 40.497 26.501
235 2020 4 22 0 40.498 26.457
236 2020 4 22 0 40.545 27.159
237 2020 4 22 0.15706 40.518 26.91
238 2020 4 22 0 40.566 26.815
239 2020 4 22 0 39.168 24.851
240 2020 4 22 0 38.301 24.649
241 2020 4 22 0 38.941 24.837
242 2020 4 22 0 37.923 24.617
243 2020 4 22 0 37.705 24.471
244 2020 4 22 0 38.617 24.494
245 2020 4 22 0 39.096 24.478
246 2020 4 22 0 38.343 24.493
247 2020 4 22 0 39.564 24.533
248 2020 4 22 0 39.59 24.565
249 2020 4 22 0 40.432 24.752
250 2020 4 22 0 39.679 24.843
251 2020 4 22 0 40.526 24.529
252 2020 4 22 0 40.043 24.986
0 2020 4 22 5.182 37.62 25.506
