1 2020 6 4 0.38465 39.85 26.62
2 2020 6 4 0.19199 38.971 26.494
3 2020 6 4 0.28619 39.724 26.425
4 2020 6 4 0 39.566 26.947
5 2020 6 4 0 38.282 26.271
6 2020 6 4 0 38.264 26.166
7 2020 6 4 0 39.105 26.236
8 2020 6 4 0 39.438 26.996
9 2020 6 4 0.12998 39.405 26.811
10 2020 6 4 0 39.012 26.937
11 2020 6 4 0 39.032 25.972
12 2020 6 4 0 38.659 26.098
13 2020 6 4 0 38.671 26.092
14 2020 6 4 0 38.75 26.094
15 2020 6 4 0 39.006 25.992
16 2020 6 4 0 39.111 25.981
17 2020 6 4 0 39.08 25.991
18 2020 6 4 0 39.073 26.007
19 2020 6 4 2.5512 38.149 23.655
20 2020 6 4 4.73 39.007 26.233
21 2020 6 4 1.1951 37.994 23.334
22 2020 6 4 1.0166 38.062 23.986
23 2020 6 4 0.33376 37.981 24.268
24 2020 6 4 1.0182 38.519 25.444
25 2020 6 4 0.79165 37.924 24.293
26 2020 6 4 1.0869 38.246 25.115
27 2020 6 4 0.36194 38.27 25.02
28 2020 6 4 0.71903 38.52 23.875
29 2020 6 4 4.2934 39.207 26.795
30 2020 6 4 0.68836 38.963 25.828
31 2020 6 4 0.27178 38.874 23.744
32 2020 6 4 2.3691 39.556 26.745
33 2020 6 4 0 37.408 26.317
34 2020 6 4 0 37.728 26.362
35 2020 6 4 0 37.062 26.253
36 2020 6 4 0 36.99 26.349
37 2020 6 4 0 38.122 26.33
38 2020 6 4 0 37.444 26.357
39 2020 6 4 0.21053 37.256 26.4
40 2020 6 4 0 37.463 26.416
41 2020 6 4 0.28183 36.999 26.301
42 2020 6 4 1.1232 38.329 26.5
43 2020 6 4 0 38.882 26.617
44 2020 6 4 0 38.706 26.463
45 2020 6 4 0.37937 39.178 26.634
46 2020 6 4 0.53166 38.472 26.371
47 2020 6 4 0.81369 38.919 26.963
48 2020 6 4 1.166 39.108 27.02
49 2020 6 4 0.68627 38.569 26.771
51 2020 6 4 0.56961 39.816 26.441
52 2020 6 4 0.34933 39.66 25.973
53 2020 6 4 0.2392 39.867 26.75
54 2020 6 4 0.37284 39.867 26.468
55 2020 6 4 0 36.365 27.693
56 2020 6 4 0.13606 37.233 27.544
57 2020 6 4 2.4855 35.941 28.045
58 2020 6 4 0.31386 37.186 27.503
59 2020 6 4 0.98483 36.507 27.92
60 2020 6 4 0.41954 35.897 27.927
61 2020 6 4 4.4577 33.288 20.379
62 2020 6 4 3.3719 35.52 27.375
63 2020 6 4 3.3393 35.526 27.576
64 2020 6 4 2.0412 33.684 20.256
65 2020 6 4 9.1212 34.462 19.683
66 2020 6 4 2.8348 32.942 20.678
67 2020 6 4 4.0374 33.525 20.37
68 2020 6 4 5.8389 34.471 19.63
69 2020 6 4 0.76179 33.508 20.386
70 2020 6 4 7.9758 34.34 19.494
71 2020 6 4 0 32.044 20.16
72 2020 6 4 0.4867 36.549 27.761
73 2020 6 4 0.58965 37.309 27.468
74 2020 6 4 1.328 36.502 27.779
75 2020 6 4 0 36.675 27.717
76 2020 6 4 0 36.4 27.822
77 2020 6 4 0.48017 32.019 20.175
78 2020 6 4 0.4324 31.944 20.159
79 2020 6 4 0.99785 36.405 27.818
80 2020 6 4 0.23825 37.826 27.211
81 2020 6 4 0 39.454 26.241
82 2020 6 4 0.17812 39.119 26.26
83 2020 6 4 0.16101 39.425 25.863
84 2020 6 4 0.12276 39.403 25.851
85 2020 6 4 0 39.294 25.828
86 2020 6 4 0 39.239 26.06
87 2020 6 4 0 39.465 26.055
88 2020 6 4 0 39.22 25.929
89 2020 6 4 0 39.152 26.051
90 2020 6 4 0 39.234 26.035
91 2020 6 4 0.30501 39.781 26.57
92 2020 6 4 0.22275 39.63 26.725
93 2020 6 4 0.20998 39.781 26.901
94 2020 6 4 0 39.678 26.884
95 2020 6 4 0 39.1 24.195
96 2020 6 4 0.27805 38.574 23.482
97 2020 6 4 0 39.31 24.998
98 2020 6 4 0.34002 39.175 24.685
99 2020 6 4 0.32838 39.605 25.754
100 2020 6 4 0.17053 39.588 25.63
102 2020 6 4 5.9469 37.393 26.516
103 2020 6 4 3.601 38.162 26.557
104 2020 6 4 0.27872 37.973 26.485
105 2020 6 4 15.145 37.209 26.606
106 2020 6 4 0.26521 38.483 26.525
107 2020 6 4 2.9536 35.787 20.717
109 2020 6 4 17.39 35.057 20.918
110 2020 6 4 3.9502 35.421 20.599
111 2020 6 4 14.58 36.868 26.254
112 2020 6 4 28.244 34.752 20.876
113 2020 6 4 0 38.852 26.454
114 2020 6 4 0.11462 38.964 26.569
115 2020 6 4 0 38.774 26.325
116 2020 6 4 0.44435 38.723 26.372
117 2020 6 4 0.10012 38.885 26.408
118 2020 6 4 0.458 39.033 26.93
119 2020 6 4 0 39.038 26.752
120 2020 6 4 0.66559 38.781 25.185
121 2020 6 4 0.50801 39.196 25.965
122 2020 6 4 0.99712 38.806 25.854
123 2020 6 4 1.7551 39.039 26.462
124 2020 6 4 0.29026 39.157 26.54
125 2020 6 4 0.41162 39.424 26.844
126 2020 6 4 1.2046 38.803 26.856
127 2020 6 4 1.1121 38.199 24.458
128 2020 6 4 0.42875 38.834 24.314
129 2020 6 4 1.0176 32.38 20.597
130 2020 6 4 6.0002 32.47 20.759
131 2020 6 4 2.0283 32.255 20.626
132 2020 6 4 1.0371 38.135 27.338
133 2020 6 4 7.5474 32.786 20.44
134 2020 6 4 11.41 36.888 27.643
135 2020 6 4 6.0134 36.301 27.936
136 2020 6 4 2.2863 38.101 27.339
137 2020 6 4 13.293 36.035 27.666
138 2020 6 4 6.6065 37.498 27.628
139 2020 6 4 5.0988 37.274 27.695
140 2020 6 4 0.4014 37.533 27.503
141 2020 6 4 1.9593 32.249 20.493
142 2020 6 4 1.5117 38.908 27.112
143 2020 6 4 0.1262 39.445 25.33
144 2020 6 4 0.36093 38.783 24.243
145 2020 6 4 1.1724 37.839 23.092
146 2020 6 4 0.89569 37.31 23.082
147 2020 6 4 0.32469 39.804 26.083
148 2020 6 4 0.1227 39.714 25.854
149 2020 6 4 1.1694 38.294 23.469
150 2020 6 4 0.48 38.076 23.271
151 2020 6 4 0.6532 36.903 26.366
152 2020 6 4 2.2557 36.457 26.146
153 2020 6 4 0.82113 36.912 26.407
154 2020 6 4 0.17224 36.824 26.207
155 2020 6 4 8.6963 36.354 26.115
156 2020 6 4 1.4885 36.542 26.209
157 2020 6 4 0.2501 36.808 26.237
158 2020 6 4 0 36.931 26.414
159 2020 6 4 0.96295 36.798 26.202
160 2020 6 4 5.9296 36.699 26.37
161 2020 6 4 0.2663 39.009 27.017
162 2020 6 4 0 38.549 26.687
164 2020 6 4 1.0672 38.806 27.006
165 2020 6 4 0 38.722 26.907
166 2020 6 4 0.20877 38.537 26.553
167 2020 6 4 0.72488 38.63 27.042
168 2020 6 4 0.12341 38.78 27.012
169 2020 6 4 0.41447 38.689 27.027
170 2020 6 4 0 38.714 26.885
171 2020 6 4 13.727 34.54 21.016
172 2020 6 4 12.174 35.445 25.959
173 2020 6 4 18.199 34.508 21.319
174 2020 6 4 0 38.549 26.236
175 2020 6 4 0 38.476 26.423
176 2020 6 4 0 38.995 26.276
177 2020 6 4 0 37.945 26.374
178 2020 6 4 0 38.233 26.243
179 2020 6 4 0 38.894 26.162
180 2020 6 4 0 38.191 26.459
181 2020 6 4 0 38.683 26.32
182 2020 6 4 14.613 34.867 20.58
183 2020 6 4 46.941 34.438 21.155
184 2020 6 4 30.569 34.139 21.277
185 2020 6 4 19.519 34.496 20.579
186 2020 6 4 1.8271 34.499 20.366
187 2020 6 4 8.4061 34.458 20.561
188 2020 6 4 27.693 37.477 26.702
189 2020 6 4 13.238 36.029 26.161
190 2020 6 4 16.092 36.365 26.313
191 2020 6 4 6.9539 36.1 26.078
192 2020 6 4 11.497 35.917 26.061
195 2020 6 4 2.1806 31.7 20.395
196 2020 6 4 0.10956 31.762 20.362
197 2020 6 4 0.45625 31.63 20.275
198 2020 6 4 0 31.825 20.295
199 2020 6 4 3.3201 38.042 27.173
200 2020 6 4 0.67585 37.481 27.341
201 2020 6 4 0.48697 37.637 27.324
202 2020 6 4 0 37.953 27.285
203 2020 6 4 0.28557 38.517 27.087
204 2020 6 4 0.11847 39.494 25.994
205 2020 6 4 0.92752 38.936 24.52
206 2020 6 4 0 39.652 25.915
207 2020 6 4 0.24622 39.61 26.057
208 2020 6 4 0.69315 39.577 25.608
209 2020 6 4 0.18953 39.668 25.707
210 2020 6 4 0.89015 38.685 26.312
211 2020 6 4 0.83632 38.664 26.426
212 2020 6 4 0.85508 38.709 26.397
213 2020 6 4 4.1202 38.536 26.441
214 2020 6 4 3.9999 38.483 26.551
215 2020 6 4 0.33051 38.601 26.465
216 2020 6 4 0.10975 36.01 27.107
217 2020 6 4 2.8735 37.82 27.227
218 2020 6 4 0.67215 35.374 27.118
219 2020 6 4 1.6335 35.308 27.094
220 2020 6 4 0 35.67 19.096
221 2020 6 4 0 35.603 27.078
222 2020 6 4 2.0182 35.984 27.258
223 2020 6 4 4.0582 37.15 27.067
224 2020 6 4 0.82161 36.044 27.058
225 2020 6 4 0 36.283 26.921
226 2020 6 4 0 35.914 27.021
227 2020 6 4 1.9992 35.219 27.178
228 2020 6 4 1.2724 35.093 19.19
229 2020 6 4 9.7195 35.142 19.161
230 2020 6 4 7.5265 35.003 19.256
231 2020 6 4 0.23596 35.167 19.193
232 2020 6 4 13.366 34.925 19.331
233 2020 6 4 0.27396 39.22 26.332
234 2020 6 4 0 39.529 26.28
235 2020 6 4 0.19285 39.555 26.186
236 2020 6 4 0.13815 39.228 26.569
237 2020 6 4 0.21758 39.329 26.629
238 2020 6 4 0.38997 39.4 26.279
239 2020 6 4 2.2515 37.752 26.425
240 2020 6 4 0.62355 36.647 27.089
241 2020 6 4 2.1314 37.638 26.928
242 2020 6 4 0 36.455 27.038
243 2020 6 4 0 36.609 26.957
244 2020 6 4 0.16197 37.245 27.152
245 2020 6 4 0.49737 37.695 26.927
246 2020 6 4 0 37.322 27.08
247 2020 6 4 1.1836 37.877 26.781
248 2020 6 4 0.15983 38.014 26.367
249 2020 6 4 0 38.734 26.756
250 2020 6 4 0 38.139 26.282
251 2020 6 4 1.9339 38.534 26.902
252 2020 6 4 0 38.517 26.604
0 2020 6 4 0.12048 37.694 27.333
