1 2020 3 10 0 31.816 19.411
2 2020 3 10 0 32.06 19.104
3 2020 3 10 0 31.889 19.363
4 2020 3 10 0 31.669 19.194
5 2020 3 10 0 31.937 18.64
6 2020 3 10 0 32.211 18.829
7 2020 3 10 0 32.583 19.162
8 2020 3 10 0 31.584 19.076
9 2020 3 10 0 31.77 19.247
10 2020 3 10 0 31.49 19.059
11 2020 3 10 0 31.639 19.325
12 2020 3 10 0 31.215 19.121
13 2020 3 10 0 31.543 19.176
14 2020 3 10 0 32.464 19.313
15 2020 3 10 0 32.147 19.28
16 2020 3 10 0 32.465 19.255
17 2020 3 10 0 32.949 19.199
18 2020 3 10 0 31.565 19.284
19 2020 3 10 0 30.211 16.359
20 2020 3 10 0 30.649 18.302
21 2020 3 10 0 30.18 16.628
22 2020 3 10 0 30.116 16.462
23 2020 3 10 0 29.979 16.711
24 2020 3 10 0 30.379 17.659
25 2020 3 10 0 30.07 16.637
26 2020 3 10 0 30.114 17.502
27 2020 3 10 0 30.257 17.238
28 2020 3 10 0 30.282 16.568
29 2020 3 10 0 30.984 18.566
30 2020 3 10 0 31.012 17.819
31 2020 3 10 0 30.459 16.695
32 2020 3 10 0 31.488 18.533
33 2020 3 10 0 30.681 19.133
34 2020 3 10 0 30.536 18.838
35 2020 3 10 0 30.968 19.58
36 2020 3 10 0 31.121 19.521
37 2020 3 10 0 31.463 19.372
38 2020 3 10 0 30.718 19.177
39 2020 3 10 0 30.799 19.22
40 2020 3 10 0 31.152 19.332
41 2020 3 10 0 30.925 19.498
42 2020 3 10 0 31.521 18.849
43 2020 3 10 0 31.581 19.172
44 2020 3 10 0 31.625 19.05
45 2020 3 10 0 31.326 19.392
46 2020 3 10 0 31.592 18.934
47 2020 3 10 0 31.441 19.344
48 2020 3 10 0 31.342 19.48
49 2020 3 10 0 31.383 19.09
51 2020 3 10 0 31.72 19.398
52 2020 3 10 0 31.551 19.319
53 2020 3 10 0 31.816 19.424
54 2020 3 10 0 31.68 19.415
55 2020 3 10 0 28.449 19.917
56 2020 3 10 0 29.384 19.816
57 2020 3 10 0 28.613 20.094
58 2020 3 10 0 29.381 19.587
59 2020 3 10 0 29.132 19.973
60 2020 3 10 0 28.239 20.019
61 2020 3 10 0 30.186 19.397
62 2020 3 10 0 30.538 19.345
63 2020 3 10 0 30.38 19.281
64 2020 3 10 0 30.149 19.352
65 2020 3 10 0 30.543 18.985
66 2020 3 10 0 29.586 19.755
67 2020 3 10 0 30.05 19.435
68 2020 3 10 0 30.537 18.99
69 2020 3 10 0 30.156 19.39
70 2020 3 10 0 30.515 19.165
71 2020 3 10 0 28.556 19.727
72 2020 3 10 0 28.724 19.631
73 2020 3 10 0 29.633 19.116
74 2020 3 10 0 28.681 19.637
75 2020 3 10 0 28.89 19.543
76 2020 3 10 0 28.565 19.708
77 2020 3 10 0 28.547 19.742
78 2020 3 10 0 28.51 19.749
79 2020 3 10 0 28.569 19.705
80 2020 3 10 0 30.409 18.567
81 2020 3 10 0 32.316 19.298
82 2020 3 10 0 31.319 19.387
83 2020 3 10 0 31.386 19.316
84 2020 3 10 0 31.504 19.275
85 2020 3 10 0 31.578 19.275
86 2020 3 10 0 32.557 19.249
87 2020 3 10 0 31.837 19.295
88 2020 3 10 0 31.792 19.3
89 2020 3 10 0 31.461 19.307
90 2020 3 10 0 32.213 19.282
91 2020 3 10 0 31.692 19.12
92 2020 3 10 0 31.589 18.993
93 2020 3 10 0 31.775 19.293
94 2020 3 10 0 31.746 19.313
95 2020 3 10 0 30.728 17.344
96 2020 3 10 0 30.383 17.028
97 2020 3 10 0 30.967 17.704
98 2020 3 10 0 30.912 17.971
99 2020 3 10 0 31.355 18.9
100 2020 3 10 0 31.333 18.399
102 2020 3 10 0 30.831 19.203
103 2020 3 10 0 30.773 19.076
104 2020 3 10 0 30.737 19.049
105 2020 3 10 0 30.92 19.366
106 2020 3 10 0 30.759 18.992
107 2020 3 10 0 30.826 19.799
109 2020 3 10 0 30.198 19.612
110 2020 3 10 0 30.365 19.608
111 2020 3 10 0 30.496 19.565
112 2020 3 10 0 29.817 19.508
113 2020 3 10 0 31.621 19.105
114 2020 3 10 0 31.348 19.356
115 2020 3 10 0 31.63 18.986
116 2020 3 10 0 31.479 18.972
117 2020 3 10 0 31.543 19.173
118 2020 3 10 0 31.313 19.474
119 2020 3 10 0 31.16 19.539
120 2020 3 10 0 30.646 17.719
121 2020 3 10 0 31.113 18.363
122 2020 3 10 0 30.744 18.146
123 2020 3 10 0 30.699 18.503
124 2020 3 10 0 30.904 18.622
125 2020 3 10 0 31.282 18.901
126 2020 3 10 0 30.872 18.467
127 2020 3 10 0 30.075 17.062
128 2020 3 10 0 30.467 17.043
129 2020 3 10 0 28.924 19.967
130 2020 3 10 0 29.078 20.004
131 2020 3 10 0 28.827 20.04
132 2020 3 10 0 31.475 18.888
133 2020 3 10 0 29.79 19.635
134 2020 3 10 0 30.993 19.122
135 2020 3 10 0 29.447 19.876
136 2020 3 10 0 32.069 18.466
137 2020 3 10 0 30.341 19.425
138 2020 3 10 0 31.454 18.871
139 2020 3 10 0 30.302 19.486
140 2020 3 10 0 29.988 19.632
141 2020 3 10 0 29.213 19.904
142 2020 3 10 0 32.109 18.268
143 2020 3 10 0 31.105 18.976
144 2020 3 10 0 30.664 18.136
145 2020 3 10 0 30.134 17.095
146 2020 3 10 0 29.984 16.192
147 2020 3 10 0 31.471 19.418
148 2020 3 10 0 31.378 19.377
149 2020 3 10 0 30.344 17.591
150 2020 3 10 0 30.25 17.505
151 2020 3 10 0 31.099 19.519
152 2020 3 10 0 30.845 19.741
153 2020 3 10 0 31.093 19.421
154 2020 3 10 0 31.087 19.856
155 2020 3 10 0 30.635 19.72
156 2020 3 10 0 30.836 19.598
157 2020 3 10 0 31.022 19.715
158 2020 3 10 0 31.126 19.407
159 2020 3 10 0 31.071 19.88
160 2020 3 10 0 30.782 19.318
161 2020 3 10 0 31.596 18.826
162 2020 3 10 0 31.667 18.686
164 2020 3 10 0 31.626 18.82
165 2020 3 10 0 31.526 18.892
166 2020 3 10 0 31.725 18.907
167 2020 3 10 0 31.462 18.817
168 2020 3 10 0 31.642 18.599
169 2020 3 10 0 31.567 18.796
170 2020 3 10 0 31.613 18.776
171 2020 3 10 0 29.784 19.005
172 2020 3 10 0 29.995 19.267
173 2020 3 10 0 30.04 19.344
174 2020 3 10 0 31.11 18.987
175 2020 3 10 0 30.882 18.921
176 2020 3 10 0 31.468 19.274
177 2020 3 10 0 30.435 18.728
178 2020 3 10 0 30.792 18.857
179 2020 3 10 0 31.63 19.166
180 2020 3 10 0 30.599 18.877
181 2020 3 10 0 31.355 18.997
182 2020 3 10 0 29.71 19.433
183 2020 3 10 0 29.774 19.487
184 2020 3 10 0 29.552 19.652
185 2020 3 10 0 29.311 19.354
186 2020 3 10 0 29.527 19.333
187 2020 3 10 0 29.372 19.42
188 2020 3 10 0 31.124 19.59
189 2020 3 10 0 30.459 19.402
190 2020 3 10 0 30.611 19.435
191 2020 3 10 0 30.606 19.659
192 2020 3 10 0 30.364 19.537
195 2020 3 10 0 28.424 20.069
196 2020 3 10 0 28.399 19.937
197 2020 3 10 0 28.343 19.933
198 2020 3 10 0 28.436 19.866
199 2020 3 10 0 30.828 19.112
200 2020 3 10 0 30.063 19.18
201 2020 3 10 0 30.218 19.287
202 2020 3 10 0 30.439 19.34
203 2020 3 10 0 31.391 18.93
204 2020 3 10 0 31.292 19.4
205 2020 3 10 0 30.766 18.434
206 2020 3 10 0 31.308 19.396
207 2020 3 10 0 31.232 19.433
208 2020 3 10 0 31.174 19.165
209 2020 3 10 0 31.232 19.268
210 2020 3 10 0 31.505 18.927
211 2020 3 10 0 31.255 18.974
212 2020 3 10 0 31.424 18.972
213 2020 3 10 0 30.869 18.86
214 2020 3 10 0 30.779 19.001
215 2020 3 10 0 31.03 18.979
216 2020 3 10 0 31.096 19.29
217 2020 3 10 0 31.937 18.557
218 2020 3 10 0 30.539 19.419
219 2020 3 10 0 30.547 19.17
220 2020 3 10 0 30.268 18.131
221 2020 3 10 0 30.46 18.616
222 2020 3 10 0 30.986 19.211
223 2020 3 10 0 31.633 18.956
224 2020 3 10 0 31.244 19.458
225 2020 3 10 0 30.368 18.099
226 2020 3 10 0 30.793 18.945
227 2020 3 10 0 30.424 18.81
228 2020 3 10 0 30.388 18.644
229 2020 3 10 0 30.601 18.715
230 2020 3 10 0 30.618 18.793
231 2020 3 10 0 30.211 18.496
232 2020 3 10 0 30.664 18.816
233 2020 3 10 0 31.153 19.504
234 2020 3 10 0 31.266 19.442
235 2020 3 10 0 31.228 19.448
236 2020 3 10 0 31.098 19.571
237 2020 3 10 0 31.27 19.488
238 2020 3 10 0 31.148 19.506
239 2020 3 10 0 31.67 18.279
240 2020 3 10 0 31.236 19.086
241 2020 3 10 0 31.128 18.437
242 2020 3 10 0 30.844 18.764
243 2020 3 10 0 30.517 18.33
244 2020 3 10 0 31.03 18.592
245 2020 3 10 0 31.324 18.248
246 2020 3 10 0 30.701 18.308
247 2020 3 10 0 31.745 18.264
248 2020 3 10 0 31.96 17.904
249 2020 3 10 0 32.004 18.186
250 2020 3 10 0 31.968 18.134
251 2020 3 10 0 32.091 18.218
252 2020 3 10 0 31.866 18.389
0 2020 3 10 0 29.874 19.008
