1 2020 3 27 4.1333 32.136 19.621
2 2020 3 27 1.0453 31.956 19.884
3 2020 3 27 3.7541 32.092 19.807
4 2020 3 27 0.59001 32.29 19.296
5 2020 3 27 0.33871 31.728 19.923
6 2020 3 27 0 31.935 20.377
7 2020 3 27 1.4414 32.072 20.233
8 2020 3 27 0.25962 32.349 19.175
9 2020 3 27 1.7497 32.067 19.537
10 2020 3 27 0.26621 31.992 19.382
11 2020 3 27 1.443 31.887 20.769
12 2020 3 27 0.31526 32.031 21.129
13 2020 3 27 0.32882 32.13 21.104
14 2020 3 27 0.16942 32.253 20.922
15 2020 3 27 0.37068 32.044 20.789
16 2020 3 27 0.31132 32.061 20.672
17 2020 3 27 0.21228 32.156 20.654
18 2020 3 27 3.6981 31.742 20.681
19 2020 3 27 3.8598 28.929 17.099
20 2020 3 27 2.2326 31.226 18.4
21 2020 3 27 4.4992 28.986 17.478
22 2020 3 27 5.0989 28.918 17.107
23 2020 3 27 6.2619 29.383 17.306
24 2020 3 27 5.5547 30.491 17.945
25 2020 3 27 9.4276 28.936 17.137
26 2020 3 27 3.4388 30.449 17.788
27 2020 3 27 7.7549 29.91 17.68
28 2020 3 27 3.2242 29.551 17.38
29 2020 3 27 4.4378 31.599 18.62
30 2020 3 27 7.3609 30.468 18.078
31 2020 3 27 1.4066 29.903 17.668
32 2020 3 27 6.2993 31.428 18.634
33 2020 3 27 0 32.366 22.026
34 2020 3 27 0 32.465 21.89
35 2020 3 27 0 32.362 22.172
36 2020 3 27 0 32.407 22.287
37 2020 3 27 0.11687 32.494 21.504
38 2020 3 27 0 31.912 21.85
39 2020 3 27 0 31.596 21.871
40 2020 3 27 0 32.484 22.011
41 2020 3 27 0 31.98 22.104
42 2020 3 27 0.84802 30.985 19.907
43 2020 3 27 1.2056 31.232 20.646
44 2020 3 27 0.12872 31.178 20.483
45 2020 3 27 3.8657 31.108 20.391
46 2020 3 27 0.26787 31.078 20.191
47 2020 3 27 2.4185 31.131 20.453
48 2020 3 27 4.5386 31.117 20.442
49 2020 3 27 2.4574 30.981 20.013
51 2020 3 27 3.3737 32.081 19.729
52 2020 3 27 6.1948 31.932 20.011
53 2020 3 27 2.606 32.167 19.538
54 2020 3 27 5.0336 32.084 19.685
55 2020 3 27 2.4883 29.288 19.346
56 2020 3 27 2.1695 29.865 19.201
57 2020 3 27 0.86141 30.337 20.222
58 2020 3 27 4.3995 30.054 19.243
59 2020 3 27 2.0342 30.06 19.617
60 2020 3 27 0.37907 29.575 19.776
61 2020 3 27 0 32.409 20.392
62 2020 3 27 0 32.636 20.187
63 2020 3 27 0 32.706 20.411
64 2020 3 27 0.25609 32.857 20.7
65 2020 3 27 0 33.48 20.662
66 2020 3 27 0.19373 32.166 20.797
67 2020 3 27 0.86034 32.728 20.722
68 2020 3 27 0 33.389 20.775
69 2020 3 27 0 32.717 20.625
70 2020 3 27 0 33.08 20.682
71 2020 3 27 4.6382 29.954 19.539
72 2020 3 27 3.1049 30.069 19.513
73 2020 3 27 9.594 30.722 19.381
74 2020 3 27 12.46 30.054 19.505
75 2020 3 27 1.3563 30.193 19.507
76 2020 3 27 5.2421 29.967 19.525
77 2020 3 27 5.9149 29.941 19.55
78 2020 3 27 5.2589 29.864 19.527
79 2020 3 27 10.284 29.97 19.524
80 2020 3 27 9.1185 31.204 18.803
81 2020 3 27 2.6752 32.11 20.183
82 2020 3 27 4.901 31.511 20.679
83 2020 3 27 7.2631 31.71 20.344
84 2020 3 27 7.2617 31.79 20.299
85 2020 3 27 5.5912 31.845 20.435
86 2020 3 27 1.1272 32.098 20.488
87 2020 3 27 3.6255 31.978 20.183
88 2020 3 27 2.6656 31.937 20.531
89 2020 3 27 6.0968 31.652 20.602
90 2020 3 27 1.2247 32.035 20.501
91 2020 3 27 1.7466 32.065 19.247
92 2020 3 27 0.9625 32.277 19.059
93 2020 3 27 1.4893 32.323 19.345
94 2020 3 27 0.94079 32.192 19.414
95 2020 3 27 0.65191 30.345 18.221
96 2020 3 27 1.7876 29.585 18.022
97 2020 3 27 0.83279 30.951 18.315
98 2020 3 27 1.6584 30.667 18.701
99 2020 3 27 4.5935 31.546 19.373
100 2020 3 27 1.1912 31.406 18.843
102 2020 3 27 0 31.374 21.722
103 2020 3 27 0 31.209 21.176
104 2020 3 27 0 31.309 21.339
105 2020 3 27 0 31.441 21.843
106 2020 3 27 0 31.139 20.952
107 2020 3 27 0.14162 32.437 22.417
109 2020 3 27 0 32.431 22.838
110 2020 3 27 0.12043 32.546 22.665
111 2020 3 27 0.4208 32.38 22.703
112 2020 3 27 0 32.503 23.041
113 2020 3 27 3.9668 31.268 20.708
114 2020 3 27 2.3952 31.3 20.759
115 2020 3 27 3.4124 31.28 20.746
116 2020 3 27 3.509 31.241 20.77
117 2020 3 27 3.4087 31.312 20.756
118 2020 3 27 2.7351 31.187 20.604
119 2020 3 27 1.9075 31.271 20.766
120 2020 3 27 2.0282 30.889 18.117
121 2020 3 27 0.9634 31.586 18.586
122 2020 3 27 1.1511 31.342 18.308
123 2020 3 27 1.794 31.57 18.519
124 2020 3 27 2.3464 31.81 18.624
125 2020 3 27 3.6415 32.236 18.877
126 2020 3 27 6.191 31.688 18.5
127 2020 3 27 4.5079 30.14 17.572
128 2020 3 27 2.1643 30.356 17.789
129 2020 3 27 3.1761 31.226 20.563
130 2020 3 27 0.35235 31.584 20.819
131 2020 3 27 0.70348 31.111 20.598
132 2020 3 27 1.8394 32.064 18.646
133 2020 3 27 0.21004 31.763 20.308
134 2020 3 27 0.54036 32.281 19.142
135 2020 3 27 2.33 30.762 19.92
136 2020 3 27 0.83887 33.268 18.624
137 2020 3 27 0.23628 32.013 19.857
138 2020 3 27 1.0415 32.49 18.691
139 2020 3 27 0.9289 31.049 19.138
140 2020 3 27 0.745 30.432 19.098
141 2020 3 27 0.87207 31.091 20.321
142 2020 3 27 0.29758 33.347 18.861
143 2020 3 27 9.9244 31.277 19.71
144 2020 3 27 10.444 30.195 18.991
145 2020 3 27 9.2155 28.893 18.032
146 2020 3 27 8.1929 28.607 17.016
147 2020 3 27 7.2001 31.992 19.955
148 2020 3 27 7.7256 31.87 20.132
149 2020 3 27 9.645 29.41 18.539
150 2020 3 27 10.583 29.159 18.494
151 2020 3 27 0.72192 32.406 22.331
152 2020 3 27 0 32.257 22.431
153 2020 3 27 0.75616 32.406 22.355
154 2020 3 27 0 32.379 22.263
155 2020 3 27 0 32.326 22.613
156 2020 3 27 0 32.052 22.36
157 2020 3 27 0 32.168 22.239
158 2020 3 27 0.19454 32.4 22.362
159 2020 3 27 0 32.396 22.272
160 2020 3 27 0 31.623 22.206
161 2020 3 27 1.1841 32.25 18.927
162 2020 3 27 0.11813 31.884 19.57
164 2020 3 27 0.83154 31.909 18.791
165 2020 3 27 0.3273 31.884 19.267
166 2020 3 27 0.40348 31.774 19.734
167 2020 3 27 0.94444 31.736 18.995
168 2020 3 27 0.41338 32.187 19.147
169 2020 3 27 1.2177 31.801 18.873
170 2020 3 27 0 31.88 19.244
171 2020 3 27 0 32.221 22.61
172 2020 3 27 0.38277 32.178 22.836
173 2020 3 27 0 32.18 22.929
174 2020 3 27 0.27154 31.796 21.121
175 2020 3 27 0.15471 31.408 21.046
176 2020 3 27 5.0216 31.472 20.732
177 2020 3 27 0 32.055 21.648
178 2020 3 27 0.12067 32.207 21.488
179 2020 3 27 1.4933 31.585 20.782
180 2020 3 27 0 31.537 21.295
181 2020 3 27 0.87858 31.399 20.87
182 2020 3 27 0 32.658 23.021
183 2020 3 27 0 32.449 23.19
184 2020 3 27 0 32.933 23.525
185 2020 3 27 0 32.779 23.295
186 2020 3 27 0 33.049 23.383
187 2020 3 27 0 32.935 23.421
188 2020 3 27 0.12634 31.362 21.898
189 2020 3 27 0 31.874 22.627
190 2020 3 27 0.4111 31.749 22.37
191 2020 3 27 0 32.235 22.647
192 2020 3 27 0 32.153 22.849
195 2020 3 27 0.50983 30.309 20.268
196 2020 3 27 3.9138 30.305 20.154
197 2020 3 27 2.2124 29.967 19.918
198 2020 3 27 1.2758 30.132 19.915
199 2020 3 27 3.6276 31.069 18.945
200 2020 3 27 12.228 30.633 19.202
201 2020 3 27 6.3091 30.665 19.163
202 2020 3 27 0.49108 30.767 18.968
203 2020 3 27 1.4338 31.603 18.763
204 2020 3 27 6.5988 31.623 20.402
205 2020 3 27 8.7066 30.287 19.394
206 2020 3 27 8.3817 31.648 20.313
207 2020 3 27 7.6728 31.33 20.532
208 2020 3 27 7.6844 31.003 20.26
209 2020 3 27 9.5169 31.328 20.225
210 2020 3 27 0.47168 31.233 20.691
211 2020 3 27 1.716 31.208 20.813
212 2020 3 27 2.451 31.235 20.775
213 2020 3 27 0 31.158 20.815
214 2020 3 27 0 31.15 20.946
215 2020 3 27 0.39995 31.171 20.864
216 2020 3 27 0 33.2 20.037
217 2020 3 27 0 33.597 19.068
218 2020 3 27 0 32.742 20.386
219 2020 3 27 0 33.187 20.939
220 2020 3 27 0 34.001 21.763
221 2020 3 27 0 33.811 21.465
222 2020 3 27 0.12182 32.824 19.729
223 2020 3 27 0 33.753 19.889
224 2020 3 27 0 33.683 20.421
225 2020 3 27 0 34.265 21.588
226 2020 3 27 0 33.903 21.017
227 2020 3 27 0 33.503 21.561
228 2020 3 27 0 33.718 21.443
229 2020 3 27 0 33.921 21.008
230 2020 3 27 0 33.808 20.95
231 2020 3 27 0 33.603 21.845
232 2020 3 27 0 33.836 20.736
233 2020 3 27 3.0077 31.463 20.675
234 2020 3 27 8.3151 31.211 20.538
235 2020 3 27 7.9853 31.235 20.577
236 2020 3 27 4.4236 31.274 20.743
237 2020 3 27 5.7553 31.185 20.544
238 2020 3 27 5.2458 31.34 20.656
239 2020 3 27 0 32.055 20.502
240 2020 3 27 0 33.594 20.564
241 2020 3 27 0 32.62 21.174
242 2020 3 27 0 33.763 21.02
243 2020 3 27 0 33.545 21.345
244 2020 3 27 0 33.223 20.731
245 2020 3 27 0 32.778 20.401
246 2020 3 27 0 32.935 21.262
247 2020 3 27 0 32.994 19.885
248 2020 3 27 0 32.171 19.725
249 2020 3 27 0.37813 32.749 19.275
250 2020 3 27 0 31.859 19.692
251 2020 3 27 0 33.575 19.322
252 2020 3 27 0 32.188 19.506
0 2020 3 27 12.134 30.85 19.104
