1 2020 3 19 0 37.248 20.383
2 2020 3 19 0 36.453 20.467
3 2020 3 19 0 37.201 20.548
4 2020 3 19 0 36.696 20.359
5 2020 3 19 0 35.969 20.161
6 2020 3 19 0 36.42 20.439
7 2020 3 19 0 36.906 20.741
8 2020 3 19 0 36.426 20.378
9 2020 3 19 0 36.694 20.309
10 2020 3 19 0 36.087 20.277
11 2020 3 19 0 36.718 21.515
12 2020 3 19 0 36.569 21.438
13 2020 3 19 0 36.679 21.368
14 2020 3 19 0 36.954 21.115
15 2020 3 19 0 36.868 21.411
16 2020 3 19 0 36.996 21.316
17 2020 3 19 0 37.146 21.14
18 2020 3 19 0 36.855 21.269
19 2020 3 19 0 35.619 17.759
20 2020 3 19 0 35.393 18.801
21 2020 3 19 0 35.677 17.928
22 2020 3 19 0 35.421 17.967
23 2020 3 19 0 35.249 18.219
24 2020 3 19 0 35.35 18.755
25 2020 3 19 0 35.351 18.201
26 2020 3 19 0 35.067 18.668
27 2020 3 19 0 35.402 18.639
28 2020 3 19 0 35.783 17.833
29 2020 3 19 0 35.479 18.86
30 2020 3 19 0 36.168 19.236
31 2020 3 19 0 36.14 17.76
32 2020 3 19 0 36.4 19.592
33 2020 3 19 0 36.087 20.933
34 2020 3 19 0 36.357 20.908
35 2020 3 19 0 35.871 20.96
36 2020 3 19 0 35.805 20.725
37 2020 3 19 0 36.655 20.981
38 2020 3 19 0 35.884 21.052
39 2020 3 19 0 35.694 21.073
40 2020 3 19 0 36.177 20.729
41 2020 3 19 0 35.724 21.033
42 2020 3 19 0 37.008 19.999
43 2020 3 19 0 37.269 20.609
44 2020 3 19 0 37.12 20.477
45 2020 3 19 0 37.674 20.436
46 2020 3 19 0 37.013 20.242
47 2020 3 19 0 37.518 20.513
48 2020 3 19 0 37.725 20.524
49 2020 3 19 0 37.311 20.106
51 2020 3 19 0 37.311 20.518
52 2020 3 19 0 37.247 20.825
53 2020 3 19 0 37.267 20.315
54 2020 3 19 0 37.447 20.495
55 2020 3 19 0 30.957 20
56 2020 3 19 0 32.194 20.298
57 2020 3 19 0 30.511 19.616
58 2020 3 19 0 32.434 19.977
59 2020 3 19 0 31.312 19.896
60 2020 3 19 0 30.421 19.634
61 2020 3 19 0 31.748 19.829
62 2020 3 19 0 32.608 19.556
63 2020 3 19 0 32.02 19.72
64 2020 3 19 0 31.896 19.852
65 2020 3 19 0 32.415 19.419
66 2020 3 19 0 31.375 20.187
67 2020 3 19 0 31.787 19.948
68 2020 3 19 0 32.519 19.395
69 2020 3 19 0 31.797 19.912
70 2020 3 19 0 32.707 19.425
71 2020 3 19 0 31.433 19.928
72 2020 3 19 0 31.697 19.834
73 2020 3 19 0.14907 33.1 19.255
74 2020 3 19 0 31.636 19.833
75 2020 3 19 0 31.958 19.732
76 2020 3 19 0 31.454 19.91
77 2020 3 19 0 31.416 19.944
78 2020 3 19 0 31.358 19.946
79 2020 3 19 0 31.458 19.904
80 2020 3 19 0 33.921 18.66
81 2020 3 19 0 37.161 20.848
82 2020 3 19 0 37.306 20.917
83 2020 3 19 0 37.209 20.943
84 2020 3 19 0 37.024 20.975
85 2020 3 19 0 36.877 21.183
86 2020 3 19 0 37.106 21.108
87 2020 3 19 0 37.024 20.923
88 2020 3 19 0 36.855 21.292
89 2020 3 19 0 37.053 21.068
90 2020 3 19 0 36.994 21.188
91 2020 3 19 0 37.075 20.061
92 2020 3 19 0 36.736 20.262
93 2020 3 19 0 37.001 20.344
94 2020 3 19 0 36.93 20.285
95 2020 3 19 0 36.45 18.351
96 2020 3 19 0 36.03 18.13
97 2020 3 19 0 36.529 18.699
98 2020 3 19 0 36.671 19.058
99 2020 3 19 0 37.213 20.041
100 2020 3 19 0 36.919 19.315
102 2020 3 19 0 35.655 21.2
103 2020 3 19 0 35.812 21.269
104 2020 3 19 0 35.797 21.19
105 2020 3 19 0 35.592 21.373
106 2020 3 19 0 35.899 21.245
107 2020 3 19 0 35.465 20.91
109 2020 3 19 0 34.725 20.846
110 2020 3 19 0 35.021 20.655
111 2020 3 19 0 34.99 20.881
112 2020 3 19 0 34.374 20.677
113 2020 3 19 0 37.174 20.635
114 2020 3 19 0 37.442 20.721
115 2020 3 19 0 36.877 20.722
116 2020 3 19 0 36.705 20.791
117 2020 3 19 0 37.215 20.703
118 2020 3 19 0 37.652 20.626
119 2020 3 19 0 37.682 20.728
120 2020 3 19 0 35.91 19.035
121 2020 3 19 0 36.313 19.662
122 2020 3 19 0 35.714 19.472
123 2020 3 19 0 35.236 18.901
124 2020 3 19 0 35.505 19.331
125 2020 3 19 0 35.968 19.869
126 2020 3 19 0 34.919 18.569
127 2020 3 19 0 35.307 18.485
128 2020 3 19 0 35.994 18.188
129 2020 3 19 0 30.869 19.732
130 2020 3 19 0 30.979 20.18
131 2020 3 19 0 30.775 19.804
132 2020 3 19 0 34.535 19.63
133 2020 3 19 0 31.478 19.852
134 2020 3 19 0 33.319 19.281
135 2020 3 19 0 31.294 19.741
136 2020 3 19 0 35.148 18.978
137 2020 3 19 0 32.305 19.579
138 2020 3 19 0 33.918 19.198
139 2020 3 19 0 32.804 19.797
140 2020 3 19 0 32.834 20.214
141 2020 3 19 0 31.023 19.822
142 2020 3 19 0 36.03 18.999
143 2020 3 19 0 37.356 20.411
144 2020 3 19 0 36.548 19.417
145 2020 3 19 0 35.623 18.301
146 2020 3 19 0 35.403 17.595
147 2020 3 19 0 37.62 20.856
148 2020 3 19 0 37.591 20.98
149 2020 3 19 0 35.987 18.787
150 2020 3 19 0 35.829 18.473
151 2020 3 19 0 35.744 20.693
152 2020 3 19 0 35.389 21.073
153 2020 3 19 0 35.737 20.615
154 2020 3 19 0 35.723 20.998
155 2020 3 19 0 35.11 21.064
156 2020 3 19 0 35.42 21.066
157 2020 3 19 0 35.668 21.024
158 2020 3 19 0 35.741 20.588
159 2020 3 19 0 35.711 21.004
160 2020 3 19 0 35.435 21.1
161 2020 3 19 0 35.797 19.932
162 2020 3 19 0 35.796 20.108
164 2020 3 19 0 35.529 20.022
165 2020 3 19 0 35.713 20.176
166 2020 3 19 0 35.823 20.272
167 2020 3 19 0 35.433 20.159
168 2020 3 19 0 35.776 19.92
169 2020 3 19 0 35.474 20.099
170 2020 3 19 0 35.707 20.162
171 2020 3 19 0 34.378 20.598
172 2020 3 19 0 34.361 20.965
173 2020 3 19 0 34.338 21.052
174 2020 3 19 0 36.515 21.189
175 2020 3 19 0 36.203 21.116
176 2020 3 19 0 37.169 20.907
177 2020 3 19 0 36.207 21.04
178 2020 3 19 0 36.477 21.156
179 2020 3 19 0 36.853 21.101
180 2020 3 19 0 36 21.151
181 2020 3 19 0 36.595 20.969
182 2020 3 19 0 34.38 20.409
183 2020 3 19 0 34.152 20.801
184 2020 3 19 0 33.845 20.345
185 2020 3 19 0 33.959 20.22
186 2020 3 19 0 33.875 19.985
187 2020 3 19 0 33.914 20.103
188 2020 3 19 0 35.52 21.548
189 2020 3 19 0 34.852 21.217
190 2020 3 19 0 35.052 21.344
191 2020 3 19 0 35.027 21.127
192 2020 3 19 0 34.668 21.184
195 2020 3 19 0 30.352 19.467
196 2020 3 19 0 30.499 19.455
197 2020 3 19 0 30.627 19.628
198 2020 3 19 0 30.841 19.666
199 2020 3 19 0 34.551 20.203
200 2020 3 19 0 33.646 19.798
201 2020 3 19 0 33.755 20.077
202 2020 3 19 0 33.764 20.171
203 2020 3 19 0 35.073 20.073
204 2020 3 19 0 37.513 20.874
205 2020 3 19 0 36.804 19.551
206 2020 3 19 0 37.66 20.855
207 2020 3 19 0 37.796 20.608
208 2020 3 19 0 37.613 20.226
209 2020 3 19 0 37.691 20.535
210 2020 3 19 0 36.758 20.677
211 2020 3 19 0 36.466 20.926
212 2020 3 19 0 36.662 20.812
213 2020 3 19 0 36.082 20.998
214 2020 3 19 0 35.933 21.231
215 2020 3 19 0 36.207 21.077
216 2020 3 19 0 34.032 19.352
217 2020 3 19 0 35.225 18.887
218 2020 3 19 0 33.094 19.409
219 2020 3 19 0 33.322 19.32
220 2020 3 19 0 33.891 19.031
221 2020 3 19 0 33.678 19.147
222 2020 3 19 0 33.542 19.291
223 2020 3 19 0 35.165 19.245
224 2020 3 19 0 34.411 19.576
225 2020 3 19 0 34.228 19.026
226 2020 3 19 0 34.129 19.364
227 2020 3 19 0 33.075 19.149
228 2020 3 19 0 32.97 19.103
229 2020 3 19 0 32.89 19.088
230 2020 3 19 0 32.819 19.146
231 2020 3 19 0 33.223 19.106
232 2020 3 19 0 32.707 19.19
233 2020 3 19 0 37.55 20.843
234 2020 3 19 0 37.81 20.529
235 2020 3 19 0 37.819 20.546
236 2020 3 19 0 37.794 20.696
237 2020 3 19 0 37.785 20.563
238 2020 3 19 0 37.76 20.692
239 2020 3 19 0 36.273 19.919
240 2020 3 19 0 35.128 19.584
241 2020 3 19 0 36.288 19.789
242 2020 3 19 0 34.834 19.436
243 2020 3 19 0 34.959 19.3
244 2020 3 19 0 35.808 19.541
245 2020 3 19 0 36.172 19.527
246 2020 3 19 0 35.943 19.527
247 2020 3 19 0 36.026 19.323
248 2020 3 19 0 36.196 19.504
249 2020 3 19 0 36.193 19.335
250 2020 3 19 0 36.059 19.765
251 2020 3 19 0 36.185 18.909
252 2020 3 19 0 36.001 19.753
0 2020 3 19 0.15211 33.377 19.257
