1 2020 2 26 0 34.291 16.897
2 2020 2 26 0 34.028 16.424
3 2020 2 26 0 34.194 16.885
4 2020 2 26 0 34.492 17.039
5 2020 2 26 0 33.794 15.794
6 2020 2 26 0 33.872 15.784
7 2020 2 26 0 34.055 16.379
8 2020 2 26 0 34.542 17.144
9 2020 2 26 0 34.227 16.718
10 2020 2 26 0 34.157 16.727
11 2020 2 26 0 33.937 17.22
12 2020 2 26 0 33.918 17.134
13 2020 2 26 0 33.954 16.934
14 2020 2 26 0 34.027 16.441
15 2020 2 26 0 33.99 16.89
16 2020 2 26 0 34.011 16.753
17 2020 2 26 0 34.034 16.426
18 2020 2 26 0 33.88 17.26
19 2020 2 26 0 31.598 14.348
20 2020 2 26 0 33.646 16.65
21 2020 2 26 0 31.538 14.516
22 2020 2 26 0 31.722 14.635
23 2020 2 26 0 32.081 15.038
24 2020 2 26 0 33.102 16.108
25 2020 2 26 0 32.013 15.084
26 2020 2 26 0 32.807 15.84
27 2020 2 26 0 32.751 15.752
28 2020 2 26 0 31.999 14.611
29 2020 2 26 0 33.995 16.983
30 2020 2 26 0 33.719 16.589
31 2020 2 26 0 32.147 14.61
32 2020 2 26 0 34.579 17.403
33 2020 2 26 0 33.921 16.719
34 2020 2 26 0 33.883 16.637
35 2020 2 26 0 34.013 16.717
36 2020 2 26 0 33.869 16.459
37 2020 2 26 0 34.01 16.457
38 2020 2 26 0 33.913 17.085
39 2020 2 26 0 33.91 17.281
40 2020 2 26 0 33.864 16.367
41 2020 2 26 0 34.004 17.014
42 2020 2 26 0 33.811 17.033
43 2020 2 26 0 33.921 17.391
44 2020 2 26 0 33.849 17.233
45 2020 2 26 0 33.943 17.555
46 2020 2 26 0 33.785 17.084
47 2020 2 26 0 34.068 17.552
48 2020 2 26 0 34.106 17.678
49 2020 2 26 0 33.933 17.284
51 2020 2 26 0 34.164 16.989
52 2020 2 26 0 33.892 17.128
53 2020 2 26 0 34.337 16.887
54 2020 2 26 0 34.141 17.019
55 2020 2 26 0 30.326 17.769
56 2020 2 26 0 31.182 17.606
57 2020 2 26 0 30.142 17.19
58 2020 2 26 0 31.389 17.743
59 2020 2 26 0 30.685 17.116
60 2020 2 26 0 29.939 17.52
61 2020 2 26 0 31.956 16.943
62 2020 2 26 0 32.827 16.31
63 2020 2 26 0 32.321 16.783
64 2020 2 26 0 32.193 17.024
65 2020 2 26 0 32.878 16.628
66 2020 2 26 0 31.461 17.385
67 2020 2 26 0 32.047 17.116
68 2020 2 26 0 32.966 16.544
69 2020 2 26 0 32.073 17.059
70 2020 2 26 0 33.135 16.35
71 2020 2 26 0 30.486 18.072
72 2020 2 26 0 30.728 18.047
73 2020 2 26 0 31.973 17.831
74 2020 2 26 0 30.68 18.041
75 2020 2 26 0 30.952 18.023
76 2020 2 26 0 30.512 18.065
77 2020 2 26 0 30.467 18.079
78 2020 2 26 0 30.443 18.078
79 2020 2 26 0 30.518 18.061
80 2020 2 26 0 32.715 17.038
81 2020 2 26 0 34.131 16.731
82 2020 2 26 0 33.826 17.489
83 2020 2 26 0 33.765 17.297
84 2020 2 26 0 33.826 17.176
85 2020 2 26 0 33.855 17.157
86 2020 2 26 0 34.055 16.662
87 2020 2 26 0 34.002 16.97
88 2020 2 26 0 33.939 17.076
89 2020 2 26 0 33.836 17.324
90 2020 2 26 0 34.021 16.85
91 2020 2 26 0 34.269 16.742
92 2020 2 26 0 34.502 17.077
93 2020 2 26 0 34.531 17.04
94 2020 2 26 0 34.39 16.89
95 2020 2 26 0 32.518 15.154
96 2020 2 26 0 31.871 14.896
97 2020 2 26 0 33.132 15.515
98 2020 2 26 0 32.818 15.75
99 2020 2 26 0 33.603 16.613
100 2020 2 26 0 33.574 16.033
102 2020 2 26 0 33.911 17.593
103 2020 2 26 0 33.815 17.719
104 2020 2 26 0 33.812 17.544
105 2020 2 26 0 34.016 17.855
106 2020 2 26 0 33.755 17.684
107 2020 2 26 0 34.103 16.852
109 2020 2 26 0 34.126 17.241
110 2020 2 26 0 34.042 16.96
111 2020 2 26 0 34.075 17.069
112 2020 2 26 0 34.098 17.353
113 2020 2 26 0 33.849 17.321
114 2020 2 26 0 33.869 17.563
115 2020 2 26 0 33.801 17.245
116 2020 2 26 0 33.789 17.32
117 2020 2 26 0 33.828 17.373
118 2020 2 26 0 34.037 17.687
119 2020 2 26 0 33.918 17.758
120 2020 2 26 0 33.153 15.85
121 2020 2 26 0 33.832 16.477
122 2020 2 26 0 33.617 16.473
123 2020 2 26 0 33.749 16.758
124 2020 2 26 0 33.98 16.905
125 2020 2 26 0 34.393 17.182
126 2020 2 26 0 33.632 16.679
127 2020 2 26 0 32.462 15.315
128 2020 2 26 0 32.564 15.051
129 2020 2 26 0 30.596 17.458
130 2020 2 26 0 30.884 17.529
131 2020 2 26 0 30.497 17.467
132 2020 2 26 0 33.024 16.082
133 2020 2 26 0 31.482 16.994
134 2020 2 26 0 32.48 15.705
135 2020 2 26 0 30.954 16.827
136 2020 2 26 0 33.661 15.164
137 2020 2 26 0 32.104 16.38
138 2020 2 26 0 32.65 15.466
139 2020 2 26 0 31.779 16.547
140 2020 2 26 0 31.697 17.181
141 2020 2 26 0 30.836 17.12
142 2020 2 26 0 34.326 15.388
143 2020 2 26 0 33.245 16.923
144 2020 2 26 0 32.365 16.002
145 2020 2 26 0 31.371 14.871
146 2020 2 26 0 31.299 13.999
147 2020 2 26 0 33.869 17.272
148 2020 2 26 0 33.731 17.354
149 2020 2 26 0 31.728 15.418
150 2020 2 26 0 31.546 15.039
151 2020 2 26 0 33.871 16.453
152 2020 2 26 0 34.133 17.025
153 2020 2 26 0 33.81 16.384
154 2020 2 26 0 34.098 16.756
155 2020 2 26 0 34.163 17.136
156 2020 2 26 0 34.078 17.104
157 2020 2 26 0 34.066 16.903
158 2020 2 26 0 33.777 16.349
159 2020 2 26 0 34.116 16.769
160 2020 2 26 0 33.992 17.386
161 2020 2 26 0 34.127 16.645
162 2020 2 26 0 33.94 16.196
164 2020 2 26 0 33.835 16.667
165 2020 2 26 0 33.961 16.529
166 2020 2 26 0 33.87 16.263
167 2020 2 26 0 33.759 16.694
168 2020 2 26 0 34.068 16.322
169 2020 2 26 0 33.768 16.64
170 2020 2 26 0 33.942 16.498
171 2020 2 26 0 34.02 17.172
172 2020 2 26 0 34.135 17.444
173 2020 2 26 0 34.17 17.512
174 2020 2 26 0 33.856 17.179
175 2020 2 26 0 33.78 17.423
176 2020 2 26 0 33.838 17.395
177 2020 2 26 0 33.821 17.013
178 2020 2 26 0 33.876 16.915
179 2020 2 26 0 33.872 17.239
180 2020 2 26 0 33.783 17.386
181 2020 2 26 0 33.811 17.305
182 2020 2 26 0 34.017 17.203
183 2020 2 26 0 34.151 17.571
184 2020 2 26 0 34.166 17.731
185 2020 2 26 0 34.02 17.375
186 2020 2 26 0 34.026 17.35
187 2020 2 26 0 34.069 17.407
188 2020 2 26 0 34.132 18.3
189 2020 2 26 0 34.123 17.594
190 2020 2 26 0 34.119 17.799
191 2020 2 26 0 34.168 17.234
192 2020 2 26 0 34.189 17.469
195 2020 2 26 0 29.964 17.293
196 2020 2 26 0 30.026 17.481
197 2020 2 26 0 30.051 17.638
198 2020 2 26 0 30.175 17.731
199 2020 2 26 0 33.105 17.085
200 2020 2 26 0 32.419 17.532
201 2020 2 26 0 32.453 17.464
202 2020 2 26 0 32.392 17.227
203 2020 2 26 0 33.426 16.729
204 2020 2 26 0 33.749 17.449
205 2020 2 26 0 32.575 16.227
206 2020 2 26 0 33.715 17.448
207 2020 2 26 0 33.725 17.566
208 2020 2 26 0 33.453 17.201
209 2020 2 26 0 33.544 17.318
210 2020 2 26 0 33.767 17.254
211 2020 2 26 0 33.777 17.434
212 2020 2 26 0 33.787 17.35
213 2020 2 26 0 33.745 17.552
214 2020 2 26 0 33.768 17.701
215 2020 2 26 0 33.764 17.549
216 2020 2 26 0 33.929 15.829
217 2020 2 26 0 34.045 15.212
218 2020 2 26 0 33.497 15.982
219 2020 2 26 0 33.656 16.117
220 2020 2 26 0 33.737 16.225
221 2020 2 26 0 33.771 16.221
222 2020 2 26 0 33.366 15.69
223 2020 2 26 0 34.432 15.776
224 2020 2 26 0 34.337 16.218
225 2020 2 26 0 33.926 16.202
226 2020 2 26 0 34.107 16.263
227 2020 2 26 0 33.461 16.272
228 2020 2 26 0 33.43 16.329
229 2020 2 26 0 33.426 16.349
230 2020 2 26 0 33.337 16.378
231 2020 2 26 0 33.49 16.294
232 2020 2 26 0 33.245 16.44
233 2020 2 26 0 33.807 17.634
234 2020 2 26 0 33.816 17.605
235 2020 2 26 0 33.767 17.608
236 2020 2 26 0 33.853 17.774
237 2020 2 26 0 33.944 17.673
238 2020 2 26 0 33.773 17.666
239 2020 2 26 0 33.744 15.31
240 2020 2 26 0 34.286 16.046
241 2020 2 26 0 33.726 15.544
242 2020 2 26 0 34.121 16.132
243 2020 2 26 0 33.881 16.015
244 2020 2 26 0 34.027 15.722
245 2020 2 26 0 33.94 15.381
246 2020 2 26 0 33.743 15.673
247 2020 2 26 0 34.192 15.314
248 2020 2 26 0 33.923 15.028
249 2020 2 26 0 34.285 15.453
250 2020 2 26 0 33.845 15.311
251 2020 2 26 0 34.556 15.215
252 2020 2 26 0 34.039 15.717
0 2020 2 26 0 32.236 17.538
