1 2020 4 11 0 41.04 23.48
2 2020 4 11 0 40.421 23.289
3 2020 4 11 0 41.219 23.582
4 2020 4 11 0 40.613 23.299
5 2020 4 11 0 40.087 23.247
6 2020 4 11 0 40.645 23.731
7 2020 4 11 0 40.981 23.549
8 2020 4 11 0 40.545 23.291
9 2020 4 11 0 40.46 23.166
10 2020 4 11 0 40.05 22.941
11 2020 4 11 0 41.287 24.189
12 2020 4 11 0 40.943 24.297
13 2020 4 11 0 41.01 24.289
14 2020 4 11 0 41.206 24.214
15 2020 4 11 0 41.303 24.059
16 2020 4 11 0 41.405 23.914
17 2020 4 11 0 41.455 23.8
18 2020 4 11 0 41.445 24.212
19 2020 4 11 0 39.509 21.238
20 2020 4 11 0 40.332 23.002
21 2020 4 11 0 39.489 21.093
22 2020 4 11 0 39.169 21.468
23 2020 4 11 0 38.823 21.573
24 2020 4 11 0 39.564 22.454
25 2020 4 11 0 38.634 21.673
26 2020 4 11 0 39.418 22.076
27 2020 4 11 0 39.025 22.189
28 2020 4 11 0 39.488 21.362
29 2020 4 11 0 40.497 23.353
30 2020 4 11 0 39.684 23.018
31 2020 4 11 0 39.737 21.312
32 2020 4 11 0 40.556 23.744
33 2020 4 11 0 40.179 25.071
34 2020 4 11 0 40.317 24.756
35 2020 4 11 0 40.075 25.539
36 2020 4 11 0 39.744 25.263
37 2020 4 11 0 40.7 24.882
38 2020 4 11 0 40.296 25.091
39 2020 4 11 0 40.238 25.201
40 2020 4 11 0 40.027 24.979
41 2020 4 11 0 40.121 25.551
42 2020 4 11 0 41.044 23.776
43 2020 4 11 0 41.437 24.316
44 2020 4 11 0 41.268 24.174
45 2020 4 11 0 41.735 24.024
46 2020 4 11 0 41.11 23.969
47 2020 4 11 0 41.627 24.334
48 2020 4 11 0 41.808 24.309
49 2020 4 11 0 41.336 23.898
51 2020 4 11 0 41.263 23.496
52 2020 4 11 0 41.771 23.698
53 2020 4 11 0 40.895 23.365
54 2020 4 11 0 41.24 23.356
55 2020 4 11 0 35.327 23.509
56 2020 4 11 0 35.659 23.453
57 2020 4 11 0 35.204 23.434
58 2020 4 11 0 36.37 23.525
59 2020 4 11 0 35.098 23.269
60 2020 4 11 0 35.297 23.51
61 2020 4 11 0 33.288 20.379
62 2020 4 11 0 36.103 22.96
63 2020 4 11 0 35.099 22.931
64 2020 4 11 0 33.684 20.256
65 2020 4 11 0 34.462 19.683
66 2020 4 11 0 32.942 20.678
67 2020 4 11 0 33.525 20.37
68 2020 4 11 0 34.471 19.63
69 2020 4 11 0 33.508 20.386
70 2020 4 11 0 34.34 19.494
71 2020 4 11 0 32.044 20.16
72 2020 4 11 0 36.561 23.924
73 2020 4 11 0 37.727 23.609
74 2020 4 11 0 36.521 23.938
75 2020 4 11 0 36.74 23.881
76 2020 4 11 0 36.361 23.973
77 2020 4 11 0 32.019 20.175
78 2020 4 11 0 31.944 20.159
79 2020 4 11 0 36.372 23.971
80 2020 4 11 0 38.528 23.062
81 2020 4 11 0 41.307 23.682
82 2020 4 11 0 41.768 24.369
83 2020 4 11 0 42.026 24.071
84 2020 4 11 0 41.874 24.065
85 2020 4 11 0 41.699 24.089
86 2020 4 11 0 41.414 23.791
87 2020 4 11 0 41.511 23.849
88 2020 4 11 0 41.478 24.042
89 2020 4 11 0 41.673 24.246
90 2020 4 11 0 41.397 23.894
91 2020 4 11 0 40.737 23.215
92 2020 4 11 0 40.733 23.34
93 2020 4 11 0 40.799 23.407
94 2020 4 11 0 40.642 23.275
95 2020 4 11 0 40.038 21.705
96 2020 4 11 0 39.683 21.32
97 2020 4 11 0 40.13 22.115
98 2020 4 11 0 40.365 22.131
99 2020 4 11 0 41.005 22.893
100 2020 4 11 0 40.495 22.596
102 2020 4 11 0 40.397 25.129
103 2020 4 11 0 40.764 24.588
104 2020 4 11 0 40.61 24.669
105 2020 4 11 0 40.425 25.367
106 2020 4 11 0 40.883 24.332
107 2020 4 11 0 35.787 20.717
109 2020 4 11 0 35.057 20.918
110 2020 4 11 0 35.421 20.599
111 2020 4 11 0 39.963 25.754
112 2020 4 11 0 34.752 20.876
113 2020 4 11 0 41.363 24.303
114 2020 4 11 0 41.635 24.443
115 2020 4 11 0 41.189 24.249
116 2020 4 11 0 41.13 24.25
117 2020 4 11 0 41.426 24.346
118 2020 4 11 0 41.772 24.444
119 2020 4 11 0 41.832 24.539
120 2020 4 11 0 39.783 22.187
121 2020 4 11 0 40.254 22.771
122 2020 4 11 0 39.987 22.641
123 2020 4 11 0 40.43 23
124 2020 4 11 0 40.478 23.067
125 2020 4 11 0 40.678 23.31
126 2020 4 11 0 40.047 22.957
127 2020 4 11 0 39.202 21.625
128 2020 4 11 0 39.664 21.604
129 2020 4 11 0 32.38 20.597
130 2020 4 11 0 32.47 20.759
131 2020 4 11 0 32.255 20.626
132 2020 4 11 0 38.191 22.481
133 2020 4 11 0 32.786 20.44
134 2020 4 11 0 37.075 22.416
135 2020 4 11 0 35.144 22.928
136 2020 4 11 0 39.197 22.019
137 2020 4 11 0 35.714 22.833
138 2020 4 11 0 37.723 22.137
139 2020 4 11 0 36.318 22.835
140 2020 4 11 0 36.189 23.197
141 2020 4 11 0 32.249 20.493
142 2020 4 11 0 40.298 22.222
143 2020 4 11 0 41.43 22.893
144 2020 4 11 0 40.445 22.08
145 2020 4 11 0 39.429 21.162
146 2020 4 11 0 39.346 20.788
147 2020 4 11 0 41.764 23.391
148 2020 4 11 0 42.013 23.523
149 2020 4 11 0 39.782 21.531
150 2020 4 11 0 39.629 21.431
151 2020 4 11 0 39.666 25.315
152 2020 4 11 0 39.57 25.726
153 2020 4 11 0 39.564 25.171
154 2020 4 11 0 39.993 25.835
155 2020 4 11 0 39.441 25.721
156 2020 4 11 0 39.679 25.649
157 2020 4 11 0 39.998 25.76
158 2020 4 11 0 39.533 25.086
159 2020 4 11 0 39.98 25.86
160 2020 4 11 0 39.874 25.465
161 2020 4 11 0 39.929 22.864
162 2020 4 11 0 39.85 23.043
164 2020 4 11 0 39.287 22.831
165 2020 4 11 0 39.628 22.811
166 2020 4 11 0 39.802 23.16
167 2020 4 11 0 39.216 22.892
168 2020 4 11 0 39.807 22.76
169 2020 4 11 0 39.199 22.839
170 2020 4 11 0 39.599 22.928
171 2020 4 11 0 34.54 21.016
172 2020 4 11 0 38.294 25.357
173 2020 4 11 0 34.508 21.319
174 2020 4 11 0 40.902 24.313
175 2020 4 11 0 40.87 24.319
176 2020 4 11 0 41.533 24.334
177 2020 4 11 0 40.459 24.528
178 2020 4 11 0 40.646 24.426
179 2020 4 11 0 41.236 24.244
180 2020 4 11 0 40.663 24.451
181 2020 4 11 0 41.062 24.27
182 2020 4 11 0 34.867 20.58
183 2020 4 11 0 34.438 21.155
184 2020 4 11 0 34.139 21.277
185 2020 4 11 0 34.496 20.579
186 2020 4 11 0 34.499 20.366
187 2020 4 11 0 34.458 20.561
188 2020 4 11 0 40.645 25.434
189 2020 4 11 0 39.027 25.393
190 2020 4 11 0 39.434 25.389
191 2020 4 11 0 39.121 25.6
192 2020 4 11 0 38.89 25.492
195 2020 4 11 0 31.7 20.395
196 2020 4 11 0 31.762 20.362
197 2020 4 11 0 31.63 20.275
198 2020 4 11 0 31.825 20.295
199 2020 4 11 0 38.299 23.059
200 2020 4 11 0 37.748 23.346
201 2020 4 11 0 37.599 23.309
202 2020 4 11 0 37.288 23.187
203 2020 4 11 0 38.676 22.863
204 2020 4 11 0 42.007 23.946
205 2020 4 11 0 40.748 22.408
206 2020 4 11 0 42.005 23.669
207 2020 4 11 0 41.917 23.811
208 2020 4 11 0 41.63 23.343
209 2020 4 11 0 41.796 23.361
210 2020 4 11 0 41.124 24.206
211 2020 4 11 0 41.062 24.263
212 2020 4 11 0 41.117 24.249
213 2020 4 11 0 40.949 24.234
214 2020 4 11 0 40.903 24.342
215 2020 4 11 0 40.988 24.282
216 2020 4 11 0 37.963 23.072
217 2020 4 11 0 39.383 22.272
218 2020 4 11 0 37.18 23.085
219 2020 4 11 0 37.054 23.083
220 2020 4 11 0 35.67 19.096
221 2020 4 11 0 37.021 22.905
222 2020 4 11 0 37.402 22.788
223 2020 4 11 0 39.185 22.96
224 2020 4 11 0 38.228 23.435
225 2020 4 11 0 37.491 22.913
226 2020 4 11 0 37.681 23.225
227 2020 4 11 0 36.458 22.703
228 2020 4 11 0 35.093 19.19
229 2020 4 11 0 35.142 19.161
230 2020 4 11 0 35.003 19.256
231 2020 4 11 0 35.167 19.193
232 2020 4 11 0 34.925 19.331
233 2020 4 11 0 41.96 24.394
234 2020 4 11 0 41.875 23.907
235 2020 4 11 0 41.888 23.895
236 2020 4 11 0 41.914 24.373
237 2020 4 11 0 41.866 24.151
238 2020 4 11 0 41.931 24.135
239 2020 4 11 0 40.311 23.381
240 2020 4 11 0 38.781 23.341
241 2020 4 11 0 39.71 23.428
242 2020 4 11 0 38.208 23.229
243 2020 4 11 0 37.926 23.013
244 2020 4 11 0 39.218 23.144
245 2020 4 11 0 39.884 22.968
246 2020 4 11 0 38.904 23.118
247 2020 4 11 0 40.135 22.79
248 2020 4 11 0 40.57 22.743
249 2020 4 11 0 40.548 22.55
250 2020 4 11 0 40.395 22.893
251 2020 4 11 0 40.547 22.44
252 2020 4 11 0 40.224 22.843
0 2020 4 11 0 38.394 23.401
