1 2020 4 2 0 37.681 21.489
2 2020 4 2 0 37.029 21.132
3 2020 4 2 0 37.73 21.701
4 2020 4 2 0 37.444 20.696
5 2020 4 2 0 36.627 20.862
6 2020 4 2 0 37.002 21.452
7 2020 4 2 0 37.403 21.786
8 2020 4 2 0 37.412 20.445
9 2020 4 2 0 37.191 20.92
10 2020 4 2 0 36.829 20.347
11 2020 4 2 0 37.46 22.454
12 2020 4 2 0 37.266 22.496
13 2020 4 2 0 37.333 22.438
14 2020 4 2 0 37.502 22.319
15 2020 4 2 0 37.505 22.404
16 2020 4 2 0 37.592 22.382
17 2020 4 2 0 37.656 22.361
18 2020 4 2 0 37.577 22.594
19 2020 4 2 0 35.084 18.637
20 2020 4 2 0 37.084 19.863
21 2020 4 2 0 35.21 18.871
22 2020 4 2 0 35.015 18.544
23 2020 4 2 0 35.301 18.336
24 2020 4 2 0 36.323 19.168
25 2020 4 2 0 34.983 18.396
26 2020 4 2 0 36.175 18.797
27 2020 4 2 0 35.788 18.815
28 2020 4 2 0 35.561 18.55
29 2020 4 2 0 37.323 20.305
30 2020 4 2 0 36.451 19.69
31 2020 4 2 0 35.918 18.71
32 2020 4 2 0 37.335 20.537
33 2020 4 2 0 36.868 22.759
34 2020 4 2 0 36.997 22.553
35 2020 4 2 0 36.783 22.911
36 2020 4 2 0 36.523 22.578
37 2020 4 2 0 37.232 22.318
38 2020 4 2 0 36.841 23.134
39 2020 4 2 0 36.713 23.406
40 2020 4 2 0 36.743 22.33
41 2020 4 2 0 36.723 23.249
42 2020 4 2 0 37.283 22.461
43 2020 4 2 0 37.602 23.064
44 2020 4 2 0 37.493 22.955
45 2020 4 2 0 37.715 22.258
46 2020 4 2 0 37.37 22.721
47 2020 4 2 0 37.758 22.901
48 2020 4 2 0 37.863 22.688
49 2020 4 2 0 37.456 22.4
51 2020 4 2 0 37.766 21.495
52 2020 4 2 0 37.96 21.83
53 2020 4 2 0 37.606 21.266
54 2020 4 2 0 37.746 21.243
55 2020 4 2 0 32.401 21.239
56 2020 4 2 0 32.85 20.985
57 2020 4 2 0 32.164 21.562
58 2020 4 2 0 33.607 20.967
59 2020 4 2 0 32.163 21.212
60 2020 4 2 0 32.27 21.522
61 2020 4 2 0 33.288 20.379
62 2020 4 2 0 33.994 20.824
63 2020 4 2 0 33.258 21.268
64 2020 4 2 0 33.684 20.256
65 2020 4 2 0 34.462 19.683
66 2020 4 2 0 32.942 20.678
67 2020 4 2 0 33.525 20.37
68 2020 4 2 0 34.471 19.63
69 2020 4 2 0 33.508 20.386
70 2020 4 2 0 34.34 19.494
71 2020 4 2 0 32.044 20.16
72 2020 4 2 0 33.807 21.461
73 2020 4 2 0 35.087 20.88
74 2020 4 2 0 33.755 21.49
75 2020 4 2 0 34.015 21.374
76 2020 4 2 0 33.581 21.563
77 2020 4 2 0 32.019 20.175
78 2020 4 2 0 31.944 20.159
79 2020 4 2 0.10044 33.592 21.559
80 2020 4 2 0 35.833 20.287
81 2020 4 2 0 37.682 22.005
82 2020 4 2 0 37.785 22.853
83 2020 4 2 0 38.012 22.402
84 2020 4 2 0 37.945 22.425
85 2020 4 2 0 37.799 22.417
86 2020 4 2 0 37.659 22.26
87 2020 4 2 0 37.779 22.124
88 2020 4 2 0 37.649 22.344
89 2020 4 2 0 37.741 22.681
90 2020 4 2 0 37.63 22.27
91 2020 4 2 0 37.495 20.895
92 2020 4 2 0 37.59 20.538
93 2020 4 2 0 37.622 20.957
94 2020 4 2 0 37.432 20.964
95 2020 4 2 0 36.319 19.34
96 2020 4 2 0 35.76 19.133
97 2020 4 2 0 36.667 19.528
98 2020 4 2 0 36.632 19.922
99 2020 4 2 0 37.368 20.729
100 2020 4 2 0 37.059 20.279
102 2020 4 2 0 36.731 23.528
103 2020 4 2 0 36.98 23.394
104 2020 4 2 0 36.913 23.377
105 2020 4 2 0 36.691 23.577
106 2020 4 2 0 37.078 23.336
107 2020 4 2 0 35.787 20.717
109 2020 4 2 0 35.057 20.918
110 2020 4 2 0 35.421 20.599
111 2020 4 2 0 36.71 22.902
112 2020 4 2 0 34.752 20.876
113 2020 4 2 0 37.532 23.114
114 2020 4 2 0 37.691 23.069
115 2020 4 2 0 37.398 23.157
116 2020 4 2 0 37.34 23.195
117 2020 4 2 0 37.557 23.103
118 2020 4 2 0 37.829 22.944
119 2020 4 2 0 37.817 23.033
120 2020 4 2 0 36.489 19.198
121 2020 4 2 0 37.04 19.868
122 2020 4 2 0 36.817 19.473
123 2020 4 2 0 37.207 19.97
124 2020 4 2 0 37.276 20.055
125 2020 4 2 0 37.525 20.344
126 2020 4 2 0 37.001 20.064
127 2020 4 2 0 35.863 18.425
128 2020 4 2 0 36.165 18.743
129 2020 4 2 0 32.38 20.597
130 2020 4 2 0 32.47 20.759
131 2020 4 2 0 32.255 20.626
132 2020 4 2 0 35.248 20.279
133 2020 4 2 0 32.786 20.44
134 2020 4 2 0 34.217 20.515
135 2020 4 2 0 32.461 21.106
136 2020 4 2 0 36.055 20.003
137 2020 4 2 0 33.339 20.97
138 2020 4 2 0 34.716 20.355
139 2020 4 2 0 33.394 20.749
140 2020 4 2 0 33.345 20.796
141 2020 4 2 0 32.249 20.493
142 2020 4 2 0 36.883 19.805
143 2020 4 2 0 37.439 20.766
144 2020 4 2 0 36.44 20.123
145 2020 4 2 0 35.23 19.34
146 2020 4 2 0 34.78 18.572
147 2020 4 2 0 37.951 21.251
148 2020 4 2 0 38.027 21.461
149 2020 4 2 0 35.739 19.718
150 2020 4 2 0 35.522 19.696
151 2020 4 2 0 36.465 22.577
152 2020 4 2 0 36.431 23.202
153 2020 4 2 0 36.383 22.467
154 2020 4 2 0 36.732 23.023
155 2020 4 2 0 36.36 23.192
156 2020 4 2 0 36.447 23.313
157 2020 4 2 0 36.683 23.182
158 2020 4 2 0 36.354 22.421
159 2020 4 2 0 36.73 23.031
160 2020 4 2 0 36.448 23.549
161 2020 4 2 0 36.823 20.159
162 2020 4 2 0 36.537 20.335
164 2020 4 2 0 36.346 20.132
165 2020 4 2 0 36.474 20.142
166 2020 4 2 0 36.533 20.591
167 2020 4 2 0 36.184 20.117
168 2020 4 2 0 36.565 19.97
169 2020 4 2 0 36.216 20.103
170 2020 4 2 0 36.459 20.162
171 2020 4 2 0 34.54 21.016
172 2020 4 2 0 35.553 23.504
173 2020 4 2 0 34.508 21.319
174 2020 4 2 0 37.232 22.77
175 2020 4 2 0 37.145 23.138
176 2020 4 2 0 37.625 22.917
177 2020 4 2 0 37.005 22.832
178 2020 4 2 0 37.143 22.565
179 2020 4 2 0 37.429 22.811
180 2020 4 2 0 37.021 23.14
181 2020 4 2 0 37.297 23.07
182 2020 4 2 0 34.867 20.58
183 2020 4 2 0 34.438 21.155
184 2020 4 2 0 34.139 21.277
185 2020 4 2 0 34.496 20.579
186 2020 4 2 0 34.499 20.366
187 2020 4 2 0 34.458 20.561
188 2020 4 2 0 36.92 23.596
189 2020 4 2 0 35.957 23.536
190 2020 4 2 0 36.156 23.549
191 2020 4 2 0 36.124 23.305
192 2020 4 2 0 35.943 23.413
195 2020 4 2 0 31.7 20.395
196 2020 4 2 0 31.762 20.362
197 2020 4 2 0 31.63 20.275
198 2020 4 2 0 31.825 20.295
199 2020 4 2 0 35.39 20.383
200 2020 4 2 0 34.972 20.634
201 2020 4 2 0 34.795 20.64
202 2020 4 2 0 34.474 20.589
203 2020 4 2 0 35.789 20.228
204 2020 4 2 0 37.952 22.114
205 2020 4 2 0 36.641 20.452
206 2020 4 2 0 37.936 21.644
207 2020 4 2 0 37.763 21.792
208 2020 4 2 0 37.443 21.224
209 2020 4 2 0 37.667 21.209
210 2020 4 2 0 37.348 23.124
211 2020 4 2 0 37.266 23.231
212 2020 4 2 0 37.327 23.194
213 2020 4 2 0 37.129 23.207
214 2020 4 2 0 37.092 23.322
215 2020 4 2 0 37.185 23.28
216 2020 4 2 0 35.493 20.334
217 2020 4 2 0 36.292 20.012
218 2020 4 2 0 34.787 20.319
219 2020 4 2 0 34.97 20.416
220 2020 4 2 0 35.67 19.096
221 2020 4 2 0 35.103 20.472
222 2020 4 2 0 34.874 20.35
223 2020 4 2 0 36.464 20.291
224 2020 4 2 0 35.989 20.581
225 2020 4 2 0 35.565 20.508
226 2020 4 2 0 35.649 20.572
227 2020 4 2 0 34.661 20.434
228 2020 4 2 0 35.093 19.19
229 2020 4 2 0 35.142 19.161
230 2020 4 2 0 35.003 19.256
231 2020 4 2 0 35.167 19.193
232 2020 4 2 0 34.925 19.331
233 2020 4 2 0 37.895 22.784
234 2020 4 2 0 37.749 21.95
235 2020 4 2 0 37.735 21.915
236 2020 4 2 0 37.819 22.674
237 2020 4 2 0 37.816 22.365
238 2020 4 2 0 37.805 22.305
239 2020 4 2 0 36.703 20.975
240 2020 4 2 0 36.308 20.546
241 2020 4 2 0 36.48 20.825
242 2020 4 2 0 35.985 20.55
243 2020 4 2 0 35.748 20.463
244 2020 4 2 0 36.418 20.413
245 2020 4 2 0 36.637 20.419
246 2020 4 2 0 36.145 20.485
247 2020 4 2 0 36.801 20.334
248 2020 4 2 0 36.828 20.54
249 2020 4 2 0 36.973 20.065
250 2020 4 2 0 36.72 20.626
251 2020 4 2 0 37.112 19.98
252 2020 4 2 0 36.736 20.322
0 2020 4 2 0 35.598 20.642
