1 2020 3 25 0 35.074 23.179
2 2020 3 25 0 34.705 23.052
3 2020 3 25 0 35.313 23.302
4 2020 3 25 0 34.104 22.821
5 2020 3 25 0 34.869 22.874
6 2020 3 25 0 35.85 23.171
7 2020 3 25 0 35.547 23.377
8 2020 3 25 0 33.742 22.699
9 2020 3 25 0 34.385 22.906
10 2020 3 25 0 33.646 22.636
11 2020 3 25 0 35.769 23.994
12 2020 3 25 0 36.056 24.055
13 2020 3 25 0 36.198 23.973
14 2020 3 25 0 36.401 23.768
15 2020 3 25 0 36.001 23.891
16 2020 3 25 0 36.02 23.809
17 2020 3 25 0 36.216 23.702
18 2020 3 25 0 35.711 23.976
19 2020 3 25 0 32.942 19.943
20 2020 3 25 0 32.653 21.796
21 2020 3 25 0 33.155 20.091
22 2020 3 25 0 32.501 20.152
23 2020 3 25 0 32.055 20.573
24 2020 3 25 0 32.333 21.382
25 2020 3 25 0 32.016 20.475
26 2020 3 25 0 32.175 21.204
27 2020 3 25 0 32.085 21.119
28 2020 3 25 0 32.94 20.348
29 2020 3 25 0 32.775 22.014
30 2020 3 25 0.12537 32.888 21.697
31 2020 3 25 0 33.376 20.499
32 2020 3 25 0 33.402 22.298
33 2020 3 25 0 37.175 24.284
34 2020 3 25 0 37.05 24.06
35 2020 3 25 0 37.395 24.477
36 2020 3 25 0 37.351 24.232
37 2020 3 25 0 36.868 23.895
38 2020 3 25 0 36.797 24.653
39 2020 3 25 0 36.535 24.977
40 2020 3 25 0 37.129 23.981
41 2020 3 25 0 37.032 24.833
42 2020 3 25 0 35.28 23.633
43 2020 3 25 0 35.37 24.097
44 2020 3 25 0 35.328 24.005
45 2020 3 25 0 35.128 23.733
46 2020 3 25 0 35.269 23.806
47 2020 3 25 0 35.323 23.934
48 2020 3 25 0 35.247 23.85
49 2020 3 25 0 35.263 23.635
51 2020 3 25 0 35.225 23.221
52 2020 3 25 0 35.664 23.43
53 2020 3 25 0 34.884 23.074
54 2020 3 25 0 35.137 23.117
55 2020 3 25 0 28.825 22.368
56 2020 3 25 0 29.432 22.473
57 2020 3 25 0 30.234 22.64
58 2020 3 25 0 29.762 22.439
59 2020 3 25 0 29.797 22.582
60 2020 3 25 0 29.26 22.434
61 2020 3 25 0 32.561 22.679
62 2020 3 25 0 33.611 22.448
63 2020 3 25 0 33.075 22.604
64 2020 3 25 0 33.207 22.709
65 2020 3 25 0 34.062 22.448
66 2020 3 25 0 32.366 22.939
67 2020 3 25 0 33.036 22.766
68 2020 3 25 0 34.257 22.494
69 2020 3 25 0 32.977 22.735
70 2020 3 25 0 34.38 22.514
71 2020 3 25 0 29.407 22.401
72 2020 3 25 0 29.61 22.412
73 2020 3 25 0 30.722 22.437
74 2020 3 25 0 29.574 22.395
75 2020 3 25 0 29.82 22.43
76 2020 3 25 0 29.428 22.393
77 2020 3 25 0 29.389 22.408
78 2020 3 25 0 29.317 22.398
79 2020 3 25 0 29.432 22.391
80 2020 3 25 0 31.312 21.936
81 2020 3 25 0 35.672 23.501
82 2020 3 25 0 35.504 23.917
83 2020 3 25 0 35.797 23.688
84 2020 3 25 0 35.842 23.707
85 2020 3 25 0 35.873 23.799
86 2020 3 25 0 35.959 23.675
87 2020 3 25 0 35.702 23.584
88 2020 3 25 0 35.838 23.819
89 2020 3 25 0 35.678 23.908
90 2020 3 25 0 35.869 23.732
91 2020 3 25 0 34.544 22.785
92 2020 3 25 0 34.026 22.691
93 2020 3 25 0 34.443 22.938
94 2020 3 25 0 34.442 22.924
95 2020 3 25 0 33.841 21.079
96 2020 3 25 0 33.545 20.603
97 2020 3 25 0 33.801 21.511
98 2020 3 25 0 34.216 21.629
99 2020 3 25 0 34.848 22.581
100 2020 3 25 0 34.351 22.126
102 2020 3 25 0 36.185 25.096
103 2020 3 25 0 35.915 24.848
104 2020 3 25 0 36.099 24.848
105 2020 3 25 0 36.082 25.168
106 2020 3 25 0 35.836 24.726
107 2020 3 25 0 37.313 24.542
109 2020 3 25 0 36.611 24.577
110 2020 3 25 0 36.891 24.33
111 2020 3 25 0 36.807 24.56
112 2020 3 25 0 36.275 24.453
113 2020 3 25 0 35.387 24.138
114 2020 3 25 0 35.312 24.026
115 2020 3 25 0 35.493 24.255
116 2020 3 25 0 35.539 24.341
117 2020 3 25 0 35.38 24.113
118 2020 3 25 0 35.274 23.943
119 2020 3 25 0 35.229 23.944
120 2020 3 25 0 33.074 21.516
121 2020 3 25 0 33.538 22.11
122 2020 3 25 0 32.877 21.857
123 2020 3 25 0 32.602 21.919
124 2020 3 25 0 32.833 22.118
125 2020 3 25 0 33.27 22.458
126 2020 3 25 0 32.272 21.792
127 2020 3 25 0 32.368 20.901
128 2020 3 25 0 33.139 20.909
129 2020 3 25 0 31.187 22.857
130 2020 3 25 0 31.71 22.981
131 2020 3 25 0 31.094 22.863
132 2020 3 25 0 32.263 21.827
133 2020 3 25 0 31.836 22.727
134 2020 3 25 0.28891 32.665 21.926
135 2020 3 25 0 30.685 22.684
136 2020 3 25 0.14667 34.01 21.609
137 2020 3 25 0.10156 32.391 22.412
138 2020 3 25 0 32.654 21.632
139 2020 3 25 0 30.954 22.241
140 2020 3 25 0 30.181 22.373
141 2020 3 25 0 31.095 22.747
142 2020 3 25 0 34.69 22.037
143 2020 3 25 0 35.084 22.689
144 2020 3 25 0 34.316 21.635
145 2020 3 25 0 33.388 20.356
146 2020 3 25 0 32.851 19.597
147 2020 3 25 0 35.49 23.237
148 2020 3 25 0 35.666 23.37
149 2020 3 25 0 33.799 20.933
150 2020 3 25 0 33.665 20.693
151 2020 3 25 0 37.386 24.246
152 2020 3 25 0 37.153 24.778
153 2020 3 25 0 37.333 24.16
154 2020 3 25 0 37.521 24.604
155 2020 3 25 0 36.972 24.749
156 2020 3 25 0 36.968 24.908
157 2020 3 25 0 37.272 24.774
158 2020 3 25 0 37.3 24.12
159 2020 3 25 0 37.537 24.61
160 2020 3 25 0 36.485 25.179
161 2020 3 25 0 33.194 22.274
162 2020 3 25 0 33.967 22.633
164 2020 3 25 0 32.53 22.155
165 2020 3 25 0 33.237 22.436
166 2020 3 25 0 34.045 22.798
167 2020 3 25 0 32.578 22.275
168 2020 3 25 0 33.471 22.313
169 2020 3 25 0 32.524 22.183
170 2020 3 25 0 33.23 22.422
171 2020 3 25 0 36.122 24.507
172 2020 3 25 0.13181 36.17 24.8
173 2020 3 25 0 36.172 24.87
174 2020 3 25 0 36.026 24.191
175 2020 3 25 0 35.945 24.486
176 2020 3 25 0 35.482 24.025
177 2020 3 25 0 36.658 24.281
178 2020 3 25 0 36.517 24.063
179 2020 3 25 0 35.598 24.113
180 2020 3 25 0 36.226 24.561
181 2020 3 25 0 35.693 24.318
182 2020 3 25 0 36.302 24.165
183 2020 3 25 0 35.967 24.627
184 2020 3 25 0.12536 35.2 24.379
185 2020 3 25 0 35.846 24.049
186 2020 3 25 0 35.597 23.791
187 2020 3 25 0 35.626 23.983
188 2020 3 25 0 35.92 25.137
189 2020 3 25 0 36.28 25.118
190 2020 3 25 0 36.132 25.126
191 2020 3 25 0 36.844 24.854
192 2020 3 25 0 36.473 24.97
195 2020 3 25 0 30.156 22.646
196 2020 3 25 0 30.028 22.676
197 2020 3 25 0 29.611 22.546
198 2020 3 25 0 29.735 22.573
199 2020 3 25 0 31.523 22.338
200 2020 3 25 0 30.888 22.454
201 2020 3 25 0 30.885 22.465
202 2020 3 25 0 30.759 22.309
203 2020 3 25 0 32.018 22.127
204 2020 3 25 0 35.536 23.621
205 2020 3 25 0 34.397 22.028
206 2020 3 25 0 35.453 23.493
207 2020 3 25 0 35.047 23.628
208 2020 3 25 0 34.75 23.251
209 2020 3 25 0 35.064 23.279
210 2020 3 25 0 35.462 24.244
211 2020 3 25 0 35.621 24.452
212 2020 3 25 0 35.545 24.36
213 2020 3 25 0 35.726 24.548
214 2020 3 25 0 35.807 24.714
215 2020 3 25 0 35.718 24.573
216 2020 3 25 0.16888 35.053 22.381
217 2020 3 25 0.18178 34.903 21.932
218 2020 3 25 0 34.614 22.44
219 2020 3 25 0 35.291 22.592
220 2020 3 25 0 36.47 22.721
221 2020 3 25 0 36.079 22.713
222 2020 3 25 0.61783 34.187 22.122
223 2020 3 25 0 35.728 22.49
224 2020 3 25 0 35.757 22.723
225 2020 3 25 0 36.701 22.726
226 2020 3 25 0 36.111 22.752
227 2020 3 25 0 35.546 22.647
228 2020 3 25 0 35.404 22.543
229 2020 3 25 0 35.068 22.363
230 2020 3 25 0 34.903 22.388
231 2020 3 25 0 35.875 22.72
232 2020 3 25 0 34.613 22.329
233 2020 3 25 0 35.395 23.829
234 2020 3 25 0 35 23.699
235 2020 3 25 0 34.973 23.686
236 2020 3 25 0 35.115 23.838
237 2020 3 25 0 35.114 23.788
238 2020 3 25 0 35.124 23.741
239 2020 3 25 0 36.261 22.783
240 2020 3 25 0 36.113 22.687
241 2020 3 25 0 36.595 22.803
242 2020 3 25 0 36.359 22.705
243 2020 3 25 0 36.551 22.618
244 2020 3 25 0 36.324 22.538
245 2020 3 25 0.18251 36.233 22.468
246 2020 3 25 0 36.582 22.581
247 2020 3 25 0.57864 36.003 22.445
248 2020 3 25 0.53334 35.871 22.458
249 2020 3 25 0.30388 35.055 22.362
250 2020 3 25 0.20342 35.308 22.589
251 2020 3 25 0.33627 35.802 22.308
252 2020 3 25 0 34.689 22.539
0 2020 3 25 0 30.945 22.226
