1 2020 2 15 0 32.175 14.82
2 2020 2 15 0 31.845 14.753
3 2020 2 15 0 32.065 14.925
4 2020 2 15 0 32.212 15.051
5 2020 2 15 0 31.572 14.377
6 2020 2 15 0 31.718 14.644
7 2020 2 15 0 31.946 14.852
8 2020 2 15 0 32.189 15.182
9 2020 2 15 0 32.042 14.791
10 2020 2 15 0 31.858 14.923
11 2020 2 15 0 31.568 15.034
12 2020 2 15 0 31.554 15.132
13 2020 2 15 0 31.649 15.136
14 2020 2 15 0 31.901 15.122
15 2020 2 15 0 31.708 15.031
16 2020 2 15 0 31.791 15.024
17 2020 2 15 0 31.936 15.051
18 2020 2 15 0 31.671 15.188
19 2020 2 15 0 29.667 12.777
20 2020 2 15 0 31.563 14.641
21 2020 2 15 0 29.63 12.962
22 2020 2 15 0 29.744 13.056
23 2020 2 15 0 30.152 13.329
24 2020 2 15 0 31.017 14.152
25 2020 2 15 0 30.064 13.491
26 2020 2 15 0 30.777 13.788
27 2020 2 15 0 30.697 13.972
28 2020 2 15 0 30.268 12.927
29 2020 2 15 0 31.896 14.844
30 2020 2 15 0 31.42 14.645
31 2020 2 15 0 30.596 12.927
32 2020 2 15 0 32.156 15.171
33 2020 2 15 0 31.69 15.867
34 2020 2 15 0 31.704 15.588
35 2020 2 15 0 31.728 16.134
36 2020 2 15 0 31.833 16.025
37 2020 2 15 0 31.882 15.349
38 2020 2 15 0 31.625 16.038
39 2020 2 15 0 31.686 16.192
40 2020 2 15 0 31.887 15.663
41 2020 2 15 0 31.739 16.255
42 2020 2 15 0 32.162 15.127
43 2020 2 15 0 32.127 15.404
44 2020 2 15 0 32.073 15.236
45 2020 2 15 0 32.221 15.661
46 2020 2 15 0 32.083 15.126
47 2020 2 15 0 32.287 15.644
48 2020 2 15 0 32.342 15.804
49 2020 2 15 0 32.262 15.419
51 2020 2 15 0 32.075 14.915
52 2020 2 15 0 31.789 15.199
53 2020 2 15 0 32.236 14.757
54 2020 2 15 0 32.11 14.845
55 2020 2 15 0 28.952 16.586
56 2020 2 15 0 29.542 16.308
57 2020 2 15 0 28.829 16.329
58 2020 2 15 0 29.88 16.124
59 2020 2 15 0 29.184 16.091
60 2020 2 15 0 28.771 16.466
61 2020 2 15 0 29.799 16.269
62 2020 2 15 0 30.341 15.586
63 2020 2 15 0 30.052 16.132
64 2020 2 15 0 29.961 16.409
65 2020 2 15 0 30.622 16.061
66 2020 2 15 0 29.353 16.717
67 2020 2 15 0 29.822 16.492
68 2020 2 15 0 30.706 15.998
69 2020 2 15 0 29.836 16.43
70 2020 2 15 0 30.707 15.753
71 2020 2 15 0 29.381 16.668
72 2020 2 15 0 29.593 16.519
73 2020 2 15 0 30.703 15.604
74 2020 2 15 0 29.553 16.539
75 2020 2 15 0 29.802 16.361
76 2020 2 15 0 29.403 16.652
77 2020 2 15 0 29.364 16.683
78 2020 2 15 0 29.325 16.694
79 2020 2 15 0 29.408 16.645
80 2020 2 15 0 31.148 14.637
81 2020 2 15 0 31.994 14.962
82 2020 2 15 0 32.043 15.667
83 2020 2 15 0 31.762 15.561
84 2020 2 15 0 31.688 15.421
85 2020 2 15 0 31.595 15.27
86 2020 2 15 0 31.898 15.018
87 2020 2 15 0 31.799 15.116
88 2020 2 15 0 31.638 15.109
89 2020 2 15 0 31.804 15.425
90 2020 2 15 0 31.796 15.032
91 2020 2 15 0 32.17 14.664
92 2020 2 15 0 32.223 15.037
93 2020 2 15 0 32.309 14.973
94 2020 2 15 0 32.204 14.843
95 2020 2 15 0 30.895 13.388
96 2020 2 15 0 30.192 13.256
97 2020 2 15 0 31.391 13.622
98 2020 2 15 0 31.046 13.875
99 2020 2 15 0 31.683 14.524
100 2020 2 15 0 31.72 14.059
102 2020 2 15 0 31.657 16.221
103 2020 2 15 0 31.404 15.996
104 2020 2 15 0 31.457 16.007
105 2020 2 15 0 31.686 16.373
106 2020 2 15 0 31.31 15.868
107 2020 2 15 0 31.663 16.538
109 2020 2 15 0 31.419 17.218
110 2020 2 15 0 31.612 16.786
111 2020 2 15 0 31.492 16.957
112 2020 2 15 0 31.366 17.456
113 2020 2 15 0 32.075 15.324
114 2020 2 15 0 32.241 15.687
115 2020 2 15 0 31.886 15.226
116 2020 2 15 0 31.786 15.327
117 2020 2 15 0 32.097 15.411
118 2020 2 15 0 32.349 15.825
119 2020 2 15 0 32.395 15.959
120 2020 2 15 0 31.165 13.847
121 2020 2 15 0 31.692 14.45
122 2020 2 15 0 31.427 14.376
123 2020 2 15 0 31.688 14.537
124 2020 2 15 0 31.832 14.585
125 2020 2 15 0 32.137 14.886
126 2020 2 15 0 31.676 14.364
127 2020 2 15 0 30.551 13.317
128 2020 2 15 0 30.893 13.188
129 2020 2 15 0 29.205 16.603
130 2020 2 15 0 29.026 16.81
131 2020 2 15 0 29.061 16.643
132 2020 2 15 0 30.802 14.534
133 2020 2 15 0 29.534 16.249
134 2020 2 15 0 30.301 14.756
135 2020 2 15 0 29.322 15.939
136 2020 2 15 0 31.258 13.898
137 2020 2 15 0 29.978 15.566
138 2020 2 15 0 30.465 14.398
139 2020 2 15 0 29.911 15.362
140 2020 2 15 0 29.867 15.83
141 2020 2 15 0 29.16 16.325
142 2020 2 15 0 31.945 13.812
143 2020 2 15 0 31.375 14.818
144 2020 2 15 0 30.5 14.192
145 2020 2 15 0 29.419 13.425
146 2020 2 15 0 29.231 12.614
147 2020 2 15 0 31.904 15.057
148 2020 2 15 0 31.779 15.237
149 2020 2 15 0 29.856 13.804
150 2020 2 15 0 29.615 13.902
151 2020 2 15 0 31.844 16.063
152 2020 2 15 0 31.583 16.692
153 2020 2 15 0 31.872 16.003
154 2020 2 15 0 31.723 16.334
155 2020 2 15 0 31.463 16.974
156 2020 2 15 0 31.646 16.611
157 2020 2 15 0 31.738 16.363
158 2020 2 15 0 31.882 15.975
159 2020 2 15 0 31.713 16.359
160 2020 2 15 0 31.738 16.507
161 2020 2 15 0 31.791 14.652
162 2020 2 15 0 31.645 14.576
164 2020 2 15 0 31.505 14.508
165 2020 2 15 0 31.629 14.717
166 2020 2 15 0 31.61 14.603
167 2020 2 15 0 31.436 14.718
168 2020 2 15 0 31.712 14.581
169 2020 2 15 0 31.43 14.598
170 2020 2 15 0 31.609 14.664
171 2020 2 15 0 31.136 17.491
172 2020 2 15 0 31.113 17.662
173 2020 2 15 0 31.096 17.741
174 2020 2 15 0 31.596 15.304
175 2020 2 15 0 31.47 15.635
176 2020 2 15 0 31.994 15.449
177 2020 2 15 0 31.541 15.665
178 2020 2 15 0 31.608 15.358
179 2020 2 15 0 31.769 15.114
180 2020 2 15 0 31.413 15.812
181 2020 2 15 0 31.688 15.34
182 2020 2 15 0 31.489 17.249
183 2020 2 15 0 31.231 17.802
184 2020 2 15 0 31.446 18.096
185 2020 2 15 0 31.451 17.568
186 2020 2 15 0 31.6 17.455
187 2020 2 15 0 31.571 17.602
188 2020 2 15 0 31.685 16.435
189 2020 2 15 0 31.386 17.205
190 2020 2 15 0 31.439 17.004
191 2020 2 15 0 31.416 17.076
192 2020 2 15 0 31.26 17.449
195 2020 2 15 0 28.864 16.353
196 2020 2 15 0 29.091 16.338
197 2020 2 15 0 29.019 16.471
198 2020 2 15 0 29.18 16.482
199 2020 2 15 0 30.938 14.937
200 2020 2 15 0 30.701 15.329
201 2020 2 15 0 30.613 15.403
202 2020 2 15 0 30.448 15.451
203 2020 2 15 0 31.16 14.665
204 2020 2 15 0 31.924 15.58
205 2020 2 15 0 30.734 14.639
206 2020 2 15 0 31.893 15.431
207 2020 2 15 0 32.1 15.66
208 2020 2 15 0 31.763 15.389
209 2020 2 15 0 31.794 15.323
210 2020 2 15 0 31.832 15.232
211 2020 2 15 0 31.639 15.487
212 2020 2 15 0 31.761 15.359
213 2020 2 15 0 31.427 15.645
214 2020 2 15 0 31.338 15.858
215 2020 2 15 0 31.479 15.656
216 2020 2 15 0 31.203 14.914
217 2020 2 15 0 31.558 14.003
218 2020 2 15 0 30.767 15.269
219 2020 2 15 0 31.16 15.502
220 2020 2 15 0 31.697 15.738
221 2020 2 15 0 31.546 15.675
222 2020 2 15 0 30.74 14.853
223 2020 2 15 0 31.849 14.611
224 2020 2 15 0 31.605 15.243
225 2020 2 15 0 31.799 15.6
226 2020 2 15 0 31.625 15.497
227 2020 2 15 0 31.341 15.878
228 2020 2 15 0 31.34 15.936
229 2020 2 15 0 31.237 15.87
230 2020 2 15 0 31.129 15.887
231 2020 2 15 0 31.489 15.947
232 2020 2 15 0 30.998 15.906
233 2020 2 15 0 32.186 15.901
234 2020 2 15 0 32.173 15.711
235 2020 2 15 0 32.17 15.728
236 2020 2 15 0 32.37 15.982
237 2020 2 15 0 32.273 15.8
238 2020 2 15 0 32.225 15.84
239 2020 2 15 0 31.776 14.509
240 2020 2 15 0 31.89 15.084
241 2020 2 15 0 32.122 14.835
242 2020 2 15 0 31.859 15.327
243 2020 2 15 0 31.884 15.345
244 2020 2 15 0 32.077 14.839
245 2020 2 15 0 32.023 14.47
246 2020 2 15 0 32.121 14.979
247 2020 2 15 0 31.96 14.223
248 2020 2 15 0 31.713 14.025
249 2020 2 15 0 31.953 13.987
250 2020 2 15 0 31.595 14.125
251 2020 2 15 0 32.16 13.824
252 2020 2 15 0 31.743 14.25
0 2020 2 15 0 30.74 15.41
