1 2020 5 5 0 40.968 25.418
2 2020 5 5 0 40.712 26.264
3 2020 5 5 0 41.14 25.616
4 2020 5 5 0 40.472 25.498
5 2020 5 5 0 40.373 26.598
6 2020 5 5 0 40.707 26.717
7 2020 5 5 0 41.288 26.446
8 2020 5 5 0 40.318 25.553
9 2020 5 5 0 40.56 25.699
10 2020 5 5 0 40.134 25.852
11 2020 5 5 0 41.622 26.773
12 2020 5 5 0 41.218 27.02
13 2020 5 5 0 41.265 26.984
14 2020 5 5 0 41.404 26.912
15 2020 5 5 0 41.676 26.803
16 2020 5 5 0 41.771 26.723
17 2020 5 5 0 41.794 26.758
18 2020 5 5 0 41.527 26.736
19 2020 5 5 6.6128 38.954 22.537
20 2020 5 5 0.22933 38.946 24.636
21 2020 5 5 5.9849 38.918 22.246
22 2020 5 5 4.9474 38.735 22.772
23 2020 5 5 3.5262 38.468 22.996
24 2020 5 5 0.82637 38.729 23.989
25 2020 5 5 0.94008 38.472 22.992
26 2020 5 5 0.2895 38.521 23.691
27 2020 5 5 0.58879 38.615 23.636
28 2020 5 5 10.681 39.103 22.789
29 2020 5 5 0 39.116 25.179
30 2020 5 5 0.23609 39.31 24.418
31 2020 5 5 15.689 39.441 22.755
32 2020 5 5 0.22084 39.769 25.258
33 2020 5 5 0 39.617 27.585
34 2020 5 5 0 40.027 27.411
35 2020 5 5 0 39.218 27.752
36 2020 5 5 0 38.957 27.603
37 2020 5 5 0 40.568 27.186
38 2020 5 5 0 39.552 27.757
39 2020 5 5 0 39.2 27.974
40 2020 5 5 0 39.565 27.377
41 2020 5 5 0 39.032 27.964
42 2020 5 5 0 40.702 26.475
43 2020 5 5 0 41.133 27.286
44 2020 5 5 0 41.035 27.184
45 2020 5 5 0 40.953 26.099
46 2020 5 5 0 40.849 26.856
47 2020 5 5 0 40.966 26.976
48 2020 5 5 0 40.942 26.634
49 2020 5 5 0 40.745 26.312
51 2020 5 5 0 41.083 25.33
52 2020 5 5 0 41.383 25.444
53 2020 5 5 0 40.851 25.316
54 2020 5 5 0 41.042 25.091
55 2020 5 5 0 34.971 26.093
56 2020 5 5 0 36.005 26.162
57 2020 5 5 0 34.428 26.276
58 2020 5 5 0 36.284 26.106
59 2020 5 5 0 35.042 26.296
60 2020 5 5 0 34.431 26.17
61 2020 5 5 0 33.288 20.379
62 2020 5 5 0 35.658 26.107
63 2020 5 5 0 34.995 26.297
64 2020 5 5 0 33.684 20.256
65 2020 5 5 0 34.462 19.683
66 2020 5 5 0 32.942 20.678
67 2020 5 5 0 33.525 20.37
68 2020 5 5 0 34.471 19.63
69 2020 5 5 0 33.508 20.386
70 2020 5 5 0 34.34 19.494
71 2020 5 5 0 32.044 20.16
72 2020 5 5 0 35.791 26.15
73 2020 5 5 0 36.975 26.085
74 2020 5 5 0 35.724 26.145
75 2020 5 5 0 35.985 26.15
76 2020 5 5 0 35.567 26.153
77 2020 5 5 0 32.019 20.175
78 2020 5 5 0 31.944 20.159
79 2020 5 5 0 35.574 26.151
80 2020 5 5 0 37.683 25.759
81 2020 5 5 0 41.445 26.131
82 2020 5 5 0 41.307 26.674
83 2020 5 5 0 41.462 25.928
84 2020 5 5 0 41.484 26.053
85 2020 5 5 0 41.569 26.261
86 2020 5 5 0 41.687 26.514
87 2020 5 5 0 41.433 26.019
88 2020 5 5 0 41.609 26.436
89 2020 5 5 0 41.441 26.584
90 2020 5 5 0 41.634 26.481
91 2020 5 5 0 40.615 25.092
92 2020 5 5 0 40.412 25.172
93 2020 5 5 0 40.649 25.381
94 2020 5 5 0 40.608 25.449
95 2020 5 5 7.6798 39.796 23.133
96 2020 5 5 2.6217 39.335 22.453
97 2020 5 5 4.8256 39.924 23.808
98 2020 5 5 0.83823 40.085 23.518
99 2020 5 5 0 40.737 24.44
100 2020 5 5 0.62713 40.359 24.338
102 2020 5 5 0 39.344 28.117
103 2020 5 5 0 40.265 27.711
104 2020 5 5 0 40.026 27.702
105 2020 5 5 0 39.234 28.422
106 2020 5 5 0 40.632 27.486
107 2020 5 5 0 35.787 20.717
109 2020 5 5 0 35.057 20.918
110 2020 5 5 0 35.421 20.599
111 2020 5 5 0 38.969 27.773
112 2020 5 5 0 34.752 20.876
113 2020 5 5 0 41.188 27.358
114 2020 5 5 0 41.148 27.064
115 2020 5 5 0 41.181 27.473
116 2020 5 5 0 41.087 27.49
117 2020 5 5 0 41.21 27.269
118 2020 5 5 0 41.016 26.914
119 2020 5 5 0 41.075 26.873
120 2020 5 5 0.38867 39.364 23.853
121 2020 5 5 0 39.878 24.517
122 2020 5 5 0 39.351 24.38
123 2020 5 5 0 39.142 24.934
124 2020 5 5 0 39.566 25.087
125 2020 5 5 0 40.068 25.381
126 2020 5 5 0 38.781 25.287
127 2020 5 5 1.2035 38.664 23.197
128 2020 5 5 7.39 39.334 23.202
129 2020 5 5 0 32.38 20.597
130 2020 5 5 0 32.47 20.759
131 2020 5 5 0 32.255 20.626
132 2020 5 5 0 38.38 25.596
133 2020 5 5 0 32.786 20.44
134 2020 5 5 0 36.878 25.752
135 2020 5 5 0 35.164 26.301
136 2020 5 5 0 39.033 25.423
137 2020 5 5 0 35.554 26.148
138 2020 5 5 0 37.648 25.524
139 2020 5 5 0 36.526 25.999
140 2020 5 5 0 36.63 26.069
141 2020 5 5 0 32.249 20.493
142 2020 5 5 0 40.218 25.66
143 2020 5 5 0 40.915 24.121
144 2020 5 5 0.36603 39.983 23.089
145 2020 5 5 4.2864 38.886 21.999
146 2020 5 5 5.4806 38.522 22.048
147 2020 5 5 0 41.352 24.903
148 2020 5 5 0 41.481 25.005
149 2020 5 5 1.4077 39.336 22.356
150 2020 5 5 1.2558 39.151 22.191
151 2020 5 5 0 38.821 27.607
152 2020 5 5 0 38.455 27.942
153 2020 5 5 0 38.764 27.549
154 2020 5 5 0 38.959 27.845
155 2020 5 5 0 38.341 27.927
156 2020 5 5 0 38.481 28.031
157 2020 5 5 0 38.868 27.958
158 2020 5 5 0 38.767 27.531
159 2020 5 5 0 38.936 27.843
160 2020 5 5 0 38.52 28.244
161 2020 5 5 0 39.868 25.645
162 2020 5 5 0 40.103 26.27
164 2020 5 5 0 39.535 25.708
165 2020 5 5 0 39.883 26.004
166 2020 5 5 0 40.192 26.437
167 2020 5 5 0 39.452 25.814
168 2020 5 5 0 39.931 25.868
169 2020 5 5 0 39.464 25.747
170 2020 5 5 0 39.875 26.006
171 2020 5 5 0 34.54 21.016
172 2020 5 5 0 37.114 28.12
173 2020 5 5 0 34.508 21.319
174 2020 5 5 0 40.989 27.234
175 2020 5 5 0 40.733 27.428
176 2020 5 5 0 41.311 26.974
177 2020 5 5 0 40.207 27.448
178 2020 5 5 0 40.661 27.223
179 2020 5 5 0 41.405 27.15
180 2020 5 5 0 40.369 27.497
181 2020 5 5 0 41.067 27.395
182 2020 5 5 0 34.867 20.58
183 2020 5 5 0 34.438 21.155
184 2020 5 5 0 34.139 21.277
185 2020 5 5 0 34.496 20.579
186 2020 5 5 0 34.499 20.366
187 2020 5 5 0 34.458 20.561
188 2020 5 5 0 39.739 28.699
189 2020 5 5 0 37.767 28.195
190 2020 5 5 0 38.23 28.314
191 2020 5 5 0 37.974 27.995
192 2020 5 5 0 37.691 28.063
195 2020 5 5 0 31.7 20.395
196 2020 5 5 0 31.762 20.362
197 2020 5 5 0 31.63 20.275
198 2020 5 5 0 31.825 20.295
199 2020 5 5 0 38.409 25.824
200 2020 5 5 0 37.433 25.989
201 2020 5 5 0 37.573 25.987
202 2020 5 5 0 37.619 25.938
203 2020 5 5 0 38.982 25.718
204 2020 5 5 0 41.362 25.672
205 2020 5 5 1.0914 40.175 23.443
206 2020 5 5 0 41.366 25.199
207 2020 5 5 0 41.144 25.395
208 2020 5 5 0.74337 40.877 24.7
209 2020 5 5 0.18431 41.109 24.705
210 2020 5 5 0 41.078 27.438
211 2020 5 5 0 40.964 27.48
212 2020 5 5 0 41.059 27.487
213 2020 5 5 0 40.773 27.421
214 2020 5 5 0 40.644 27.51
215 2020 5 5 0 40.836 27.472
216 2020 5 5 0 37.246 25.949
217 2020 5 5 0 39.048 25.623
218 2020 5 5 0 36.295 25.934
219 2020 5 5 0 36.255 26.165
220 2020 5 5 0 35.67 19.096
221 2020 5 5 0 36.401 26.263
222 2020 5 5 0 36.751 25.819
223 2020 5 5 0 38.746 25.989
224 2020 5 5 0 37.619 26.159
225 2020 5 5 0 37.127 26.278
226 2020 5 5 0 37.115 26.234
227 2020 5 5 0 35.775 26.31
228 2020 5 5 0 35.093 19.19
229 2020 5 5 0 35.142 19.161
230 2020 5 5 0 35.003 19.256
231 2020 5 5 0 35.167 19.193
232 2020 5 5 0 34.925 19.331
233 2020 5 5 0 41.234 26.416
234 2020 5 5 0 41.058 25.648
235 2020 5 5 0 41.076 25.567
236 2020 5 5 0 41.072 26.383
237 2020 5 5 0 41.018 26.167
238 2020 5 5 0 41.137 25.938
239 2020 5 5 0 40.072 26.481
240 2020 5 5 0 38.382 26.166
241 2020 5 5 0 39.536 26.44
242 2020 5 5 0 37.853 26.22
243 2020 5 5 0 37.74 26.237
244 2020 5 5 0 39.027 26.117
245 2020 5 5 0 39.714 26.123
246 2020 5 5 0 38.845 26.246
247 2020 5 5 0 39.87 26.074
248 2020 5 5 0 40.32 26.207
249 2020 5 5 0 40.471 25.984
250 2020 5 5 0 40.352 26.354
251 2020 5 5 0 40.3 25.883
252 2020 5 5 0 40.302 26.205
0 2020 5 5 0 37.613 25.851
