1 2020 4 14 0 41.927 25.934
2 2020 4 14 0 41.614 25.727
3 2020 4 14 0 41.883 26.037
4 2020 4 14 0 41.75 25.776
5 2020 4 14 0 41.345 25.311
6 2020 4 14 0 41.26 25.655
7 2020 4 14 0 41.765 26.05
8 2020 4 14 0 41.627 25.732
9 2020 4 14 0 41.677 25.697
10 2020 4 14 0 41.398 25.499
11 2020 4 14 0 41.602 26.391
12 2020 4 14 0 41.53 26.29
13 2020 4 14 0 41.54 26.334
14 2020 4 14 0 41.616 26.335
15 2020 4 14 0 41.648 26.424
16 2020 4 14 0 41.718 26.418
17 2020 4 14 0 41.78 26.386
18 2020 4 14 0 41.672 26.203
19 2020 4 14 0 39.687 24.986
20 2020 4 14 0 40.377 25.194
21 2020 4 14 0 39.567 24.66
22 2020 4 14 0 39.658 25.165
23 2020 4 14 0 39.806 24.9
24 2020 4 14 0 40.219 25.148
25 2020 4 14 0 39.652 25.277
26 2020 4 14 0 40.019 24.742
27 2020 4 14 0 40.108 25.248
28 2020 4 14 0 40.16 24.735
29 2020 4 14 0 40.373 25.356
30 2020 4 14 0 40.778 25.971
31 2020 4 14 0 40.496 24.497
32 2020 4 14 0 41.156 26.252
33 2020 4 14 0 41.155 26.041
34 2020 4 14 0 41.32 26.014
35 2020 4 14 0 40.972 26.147
36 2020 4 14 0 40.699 26.012
37 2020 4 14 0 41.357 26.202
38 2020 4 14 0 41.172 25.898
39 2020 4 14 0 41.012 25.792
40 2020 4 14 0 40.916 26.005
41 2020 4 14 0 40.926 26.013
42 2020 4 14 0 41.574 25.025
43 2020 4 14 0 41.918 25.532
44 2020 4 14 0 41.889 25.363
45 2020 4 14 0 41.5 25.627
46 2020 4 14 0 41.741 25.159
47 2020 4 14 0 41.745 25.668
48 2020 4 14 0 41.621 25.779
49 2020 4 14 0 41.497 25.294
51 2020 4 14 0 41.857 26.037
52 2020 4 14 0 41.733 26.247
53 2020 4 14 0 41.915 25.88
54 2020 4 14 0 41.821 26.038
55 2020 4 14 0 34.394 24.421
56 2020 4 14 0 36.01 24.655
57 2020 4 14 0 34.33 24.128
58 2020 4 14 0 36.21 24.801
59 2020 4 14 0 35.382 24.246
60 2020 4 14 0 33.932 24.205
61 2020 4 14 0 33.288 20.379
62 2020 4 14 0 38.074 23.875
63 2020 4 14 0 36.982 23.868
64 2020 4 14 0 33.684 20.256
65 2020 4 14 0 34.462 19.683
66 2020 4 14 0 32.942 20.678
67 2020 4 14 0 33.525 20.37
68 2020 4 14 0 34.471 19.63
69 2020 4 14 0 33.508 20.386
70 2020 4 14 0 34.34 19.494
71 2020 4 14 0 32.044 20.16
72 2020 4 14 0 34.658 24.922
73 2020 4 14 0 37.127 25.084
74 2020 4 14 0 34.492 24.904
75 2020 4 14 0 35.074 24.96
76 2020 4 14 0 34.172 24.876
77 2020 4 14 0 32.019 20.175
78 2020 4 14 0 31.944 20.159
79 2020 4 14 0 34.182 24.876
80 2020 4 14 0 38.24 24.654
81 2020 4 14 0 41.837 26.2
82 2020 4 14 0 41.649 25.941
83 2020 4 14 0 41.637 26.216
84 2020 4 14 0 41.694 26.247
85 2020 4 14 0 41.666 26.337
86 2020 4 14 0 41.783 26.341
87 2020 4 14 0 41.768 26.235
88 2020 4 14 0 41.663 26.377
89 2020 4 14 0 41.675 26.106
90 2020 4 14 0 41.731 26.348
91 2020 4 14 0 41.817 25.729
92 2020 4 14 0 41.744 25.795
93 2020 4 14 0 41.891 25.856
94 2020 4 14 0 41.812 25.771
95 2020 4 14 0 40.755 24.728
96 2020 4 14 0 40.099 24.515
97 2020 4 14 0 41.151 24.946
98 2020 4 14 0 40.867 25.118
99 2020 4 14 0 41.431 25.751
100 2020 4 14 0 41.471 25.324
102 2020 4 14 0 41.089 25.725
103 2020 4 14 0 41.521 25.569
104 2020 4 14 0 41.402 25.61
105 2020 4 14 0 41.01 25.866
106 2020 4 14 0 41.69 25.491
107 2020 4 14 0 35.787 20.717
109 2020 4 14 0 35.057 20.918
110 2020 4 14 0 35.421 20.599
111 2020 4 14 0 40.834 26.174
112 2020 4 14 0 34.752 20.876
113 2020 4 14 0 41.958 25.476
114 2020 4 14 0 41.742 25.661
115 2020 4 14 0 42.005 25.433
116 2020 4 14 0 41.969 25.407
117 2020 4 14 0 41.888 25.547
118 2020 4 14 0 41.679 25.762
119 2020 4 14 0 41.598 25.762
120 2020 4 14 0 40.764 24.975
121 2020 4 14 0 41.248 25.389
122 2020 4 14 0 40.77 25.203
123 2020 4 14 0 40.306 25.026
124 2020 4 14 0 40.635 25.212
125 2020 4 14 0 41.134 25.513
126 2020 4 14 0 39.718 24.714
127 2020 4 14 0 40.139 24.581
128 2020 4 14 0 40.643 24.575
129 2020 4 14 0 32.38 20.597
130 2020 4 14 0 32.47 20.759
131 2020 4 14 0 32.255 20.626
132 2020 4 14 0 38.827 24.037
133 2020 4 14 0 32.786 20.44
134 2020 4 14 0 37.828 23.564
135 2020 4 14 0 36.284 23.953
136 2020 4 14 0 39.834 23.62
137 2020 4 14 0 37.148 23.831
138 2020 4 14 0 38.028 23.414
139 2020 4 14 0 37.025 24.084
140 2020 4 14 0 36.924 24.52
141 2020 4 14 0 32.249 20.493
142 2020 4 14 0 41.587 24.353
143 2020 4 14 0 41.108 25.93
144 2020 4 14 0 40.329 25.22
145 2020 4 14 0 39.339 24.55
146 2020 4 14 0 39.154 24.569
147 2020 4 14 0 41.668 26.299
148 2020 4 14 0 41.588 26.349
149 2020 4 14 0 39.744 24.741
150 2020 4 14 0 39.526 24.633
151 2020 4 14 0 40.626 25.988
152 2020 4 14 0 40.363 26.194
153 2020 4 14 0 40.554 25.923
154 2020 4 14 0 40.834 26.222
155 2020 4 14 0 40.234 26.221
156 2020 4 14 0 40.448 26.089
157 2020 4 14 0 40.803 26.135
158 2020 4 14 0 40.535 25.905
159 2020 4 14 0 40.817 26.231
160 2020 4 14 0 40.571 25.872
161 2020 4 14 0 40.898 25.066
162 2020 4 14 0 41.362 25.258
164 2020 4 14 0 40.427 24.873
165 2020 4 14 0 41.068 25.202
166 2020 4 14 0 41.39 25.386
167 2020 4 14 0 40.478 25.018
168 2020 4 14 0 41.191 25.037
169 2020 4 14 0 40.413 24.906
170 2020 4 14 0 41.032 25.164
171 2020 4 14 0 34.54 21.016
172 2020 4 14 0 38.996 26.181
173 2020 4 14 0 34.508 21.319
174 2020 4 14 0 41.645 25.949
175 2020 4 14 0 41.715 25.603
176 2020 4 14 0 41.757 25.818
177 2020 4 14 0 41.452 25.862
178 2020 4 14 0 41.48 26.099
179 2020 4 14 0 41.804 25.904
180 2020 4 14 0 41.556 25.654
181 2020 4 14 0 41.852 25.608
182 2020 4 14 0 34.867 20.58
183 2020 4 14 0 34.438 21.155
184 2020 4 14 0 34.139 21.277
185 2020 4 14 0 34.496 20.579
186 2020 4 14 0 34.499 20.366
187 2020 4 14 0 34.458 20.561
188 2020 4 14 0 41.166 26.015
189 2020 4 14 0 39.715 26.037
190 2020 4 14 0 40.063 26.027
191 2020 4 14 0 39.885 26.185
192 2020 4 14 0 39.627 26.137
195 2020 4 14 0 31.7 20.395
196 2020 4 14 0 31.762 20.362
197 2020 4 14 0 31.63 20.275
198 2020 4 14 0 31.825 20.295
199 2020 4 14 0 39.269 24.944
200 2020 4 14 0 38.104 25.045
201 2020 4 14 0 38.199 25.006
202 2020 4 14 0 38.032 24.762
203 2020 4 14 0 39.731 24.739
204 2020 4 14 0 41.545 26.096
205 2020 4 14 0 40.422 25.237
206 2020 4 14 0 41.497 26.103
207 2020 4 14 0 41.368 25.692
208 2020 4 14 0 41.095 25.425
209 2020 4 14 0 41.26 25.782
210 2020 4 14 0 41.959 25.332
211 2020 4 14 0 41.893 25.422
212 2020 4 14 0 41.954 25.395
213 2020 4 14 0 41.744 25.377
214 2020 4 14 0 41.703 25.476
215 2020 4 14 0 41.81 25.456
216 2020 4 14 0 40.097 24.131
217 2020 4 14 0 40.634 23.878
218 2020 4 14 0 39.388 23.946
219 2020 4 14 0 39.889 24.111
220 2020 4 14 0 35.67 19.096
221 2020 4 14 0 40.169 24.06
222 2020 4 14 0 39.092 23.778
223 2020 4 14 0 41.213 24.434
224 2020 4 14 0 40.679 24.518
225 2020 4 14 0 40.717 24.055
226 2020 4 14 0 40.561 24.294
227 2020 4 14 0 39.76 23.96
228 2020 4 14 0 35.093 19.19
229 2020 4 14 0 35.142 19.161
230 2020 4 14 0 35.003 19.256
231 2020 4 14 0 35.167 19.193
232 2020 4 14 0 34.925 19.331
233 2020 4 14 0 41.541 25.933
234 2020 4 14 0 41.398 25.624
235 2020 4 14 0 41.365 25.608
236 2020 4 14 0 41.465 25.739
237 2020 4 14 0 41.501 25.715
238 2020 4 14 0 41.424 25.749
239 2020 4 14 0 40.675 25.085
240 2020 4 14 0 40.789 24.595
241 2020 4 14 0 40.473 24.934
242 2020 4 14 0 40.653 24.401
243 2020 4 14 0 40.459 24.236
244 2020 4 14 0 40.62 24.553
245 2020 4 14 0 40.746 24.633
246 2020 4 14 0 40.329 24.525
247 2020 4 14 0 41.269 24.618
248 2020 4 14 0 41.087 24.772
249 2020 4 14 0 41.802 24.796
250 2020 4 14 0 41.177 24.984
251 2020 4 14 0 42.057 24.498
252 2020 4 14 0 41.491 25.032
0 2020 4 14 0 37.846 24.991
