1 2020 3 30 0 38.202 20.397
2 2020 3 30 0 37.877 20.319
3 2020 3 30 0 38.294 20.558
4 2020 3 30 0 37.908 20.094
5 2020 3 30 0 37.535 19.961
6 2020 3 30 0 37.892 20.363
7 2020 3 30 0 38.294 20.724
8 2020 3 30 0 37.824 20.002
9 2020 3 30 0 37.861 20.168
10 2020 3 30 0 37.534 19.943
11 2020 3 30 0 38.459 21.086
12 2020 3 30 0 38.355 21.058
13 2020 3 30 0 38.398 21.086
14 2020 3 30 0 38.501 21.107
15 2020 3 30 0 38.529 21.127
16 2020 3 30 0 38.586 21.13
17 2020 3 30 0 38.647 21.151
18 2020 3 30 0 38.478 21.082
19 2020 3 30 0 35.375 17.938
20 2020 3 30 0 36.908 19.366
21 2020 3 30 0 35.288 18.029
22 2020 3 30 0 35.231 17.972
23 2020 3 30 0 35.316 17.992
24 2020 3 30 0 36.203 18.81
25 2020 3 30 0 35.03 17.976
26 2020 3 30 0 36.061 18.542
27 2020 3 30 0 35.709 18.462
28 2020 3 30 0 35.752 18.07
29 2020 3 30 0 37.182 19.705
30 2020 3 30 0 36.415 19.217
31 2020 3 30 0 36.077 18.2
32 2020 3 30 0 37.282 19.961
33 2020 3 30 0 37.919 21.134
34 2020 3 30 0 38.083 21.007
35 2020 3 30 0 37.776 21.28
36 2020 3 30 0 37.454 21.187
37 2020 3 30 0 38.241 21.042
38 2020 3 30 0 37.902 21.214
39 2020 3 30 0 37.719 21.296
40 2020 3 30 0 37.701 21.052
41 2020 3 30 0 37.697 21.345
42 2020 3 30 0 38.066 20.545
43 2020 3 30 0 38.497 21.015
44 2020 3 30 0 38.4 20.84
45 2020 3 30 0 38.253 21.04
46 2020 3 30 0 38.224 20.669
47 2020 3 30 0 38.441 21.16
48 2020 3 30 0 38.416 21.257
49 2020 3 30 0 38.096 20.78
51 2020 3 30 0 38.265 20.452
52 2020 3 30 0 38.431 20.704
53 2020 3 30 0 38.13 20.287
54 2020 3 30 0 38.23 20.337
55 2020 3 30 0 32.311 21.033
56 2020 3 30 0 33.002 20.808
57 2020 3 30 0 32.119 21.069
58 2020 3 30 0 33.632 20.68
59 2020 3 30 0 32.377 20.884
60 2020 3 30 0 32.107 21.112
61 2020 3 30 0 33.288 20.379
62 2020 3 30 0 34.134 20.222
63 2020 3 30 0 33.209 20.68
64 2020 3 30 0 33.684 20.256
65 2020 3 30 0 34.462 19.683
66 2020 3 30 0 32.942 20.678
67 2020 3 30 0 33.525 20.37
68 2020 3 30 0 34.471 19.63
69 2020 3 30 0 33.508 20.386
70 2020 3 30 0 34.34 19.494
71 2020 3 30 0 32.044 20.16
72 2020 3 30 0 33.362 21.026
73 2020 3 30 0 34.958 20.335
74 2020 3 30 0 33.279 21.056
75 2020 3 30 0 33.624 20.919
76 2020 3 30 0 33.068 21.142
77 2020 3 30 0 32.019 20.175
78 2020 3 30 0 31.944 20.159
79 2020 3 30 0 33.078 21.137
80 2020 3 30 0 35.821 19.752
81 2020 3 30 0 38.448 20.823
82 2020 3 30 0 38.507 21.343
83 2020 3 30 0 38.518 21.109
84 2020 3 30 0 38.502 21.049
85 2020 3 30 0 38.496 21.046
86 2020 3 30 0 38.567 21.038
87 2020 3 30 0 38.435 20.858
88 2020 3 30 0 38.485 21.035
89 2020 3 30 0 38.5 21.173
90 2020 3 30 0 38.517 21.019
91 2020 3 30 0 37.923 20.043
92 2020 3 30 0 37.871 19.963
93 2020 3 30 0 38.053 20.185
94 2020 3 30 0 37.966 20.167
95 2020 3 30 0 36.475 18.696
96 2020 3 30 0 35.722 18.396
97 2020 3 30 0 36.938 18.953
98 2020 3 30 0 36.815 19.17
99 2020 3 30 0 37.731 19.918
100 2020 3 30 0 37.428 19.504
102 2020 3 30 0 37.718 21.273
103 2020 3 30 0 38.132 21.133
104 2020 3 30 0 38.053 21.168
105 2020 3 30 0 37.576 21.294
106 2020 3 30 0 38.311 21.079
107 2020 3 30 0 35.787 20.717
109 2020 3 30 0 35.057 20.918
110 2020 3 30 0 35.421 20.599
111 2020 3 30 0 37.664 21.315
112 2020 3 30 0 34.752 20.876
113 2020 3 30 0 38.5 20.97
114 2020 3 30 0 38.501 21.322
115 2020 3 30 0 38.479 20.854
116 2020 3 30 0 38.457 20.873
117 2020 3 30 0 38.5 21.081
118 2020 3 30 0 38.481 21.367
119 2020 3 30 0 38.496 21.556
120 2020 3 30 0 36.604 18.838
121 2020 3 30 0 37.234 19.403
122 2020 3 30 0 36.868 19.135
123 2020 3 30 0 37.147 19.361
124 2020 3 30 0 37.357 19.424
125 2020 3 30 0 37.731 19.713
126 2020 3 30 0 36.962 19.444
127 2020 3 30 0 35.85 18.229
128 2020 3 30 0 36.301 18.379
129 2020 3 30 0 32.38 20.597
130 2020 3 30 0 32.47 20.759
131 2020 3 30 0 32.255 20.626
132 2020 3 30 0 35.675 19.87
133 2020 3 30 0 32.786 20.44
134 2020 3 30 0 34.576 19.993
135 2020 3 30 0 32.761 20.668
136 2020 3 30 0 36.568 19.457
137 2020 3 30 0 33.526 20.44
138 2020 3 30 0 35.091 19.844
139 2020 3 30 0 33.762 20.402
140 2020 3 30 0 33.646 20.573
141 2020 3 30 0 32.249 20.493
142 2020 3 30 0 37.648 19.333
143 2020 3 30 0 37.722 20.057
144 2020 3 30 0 36.443 19.282
145 2020 3 30 0 35.039 18.332
146 2020 3 30 0 34.998 17.614
147 2020 3 30 0 38.406 20.46
148 2020 3 30 0 38.474 20.624
149 2020 3 30 0 35.536 18.776
150 2020 3 30 0 35.272 18.695
151 2020 3 30 0 37.382 21.184
152 2020 3 30 0 37.329 21.493
153 2020 3 30 0 37.285 21.137
154 2020 3 30 0 37.69 21.375
155 2020 3 30 0 37.244 21.521
156 2020 3 30 0 37.347 21.474
157 2020 3 30 0 37.63 21.397
158 2020 3 30 0 37.253 21.126
159 2020 3 30 0 37.687 21.381
160 2020 3 30 0 37.332 21.426
161 2020 3 30 0 37.345 19.731
162 2020 3 30 0 37.415 19.826
164 2020 3 30 0 36.923 19.746
165 2020 3 30 0 37.251 19.816
166 2020 3 30 0 37.441 19.985
167 2020 3 30 0 36.85 19.815
168 2020 3 30 0 37.342 19.683
169 2020 3 30 0 36.846 19.783
170 2020 3 30 0 37.231 19.811
171 2020 3 30 0 34.54 21.016
172 2020 3 30 0.19541 36.277 21.8
173 2020 3 30 0 34.508 21.319
174 2020 3 30 0 38.348 21
175 2020 3 30 0 38.332 21.012
176 2020 3 30 0 38.496 21.179
177 2020 3 30 0 38.153 21.026
178 2020 3 30 0 38.25 21.013
179 2020 3 30 0 38.469 20.978
180 2020 3 30 0 38.213 21.069
181 2020 3 30 0 38.419 20.932
182 2020 3 30 0 34.867 20.58
183 2020 3 30 0 34.438 21.155
184 2020 3 30 0 34.139 21.277
185 2020 3 30 0 34.496 20.579
186 2020 3 30 0 34.499 20.366
187 2020 3 30 0 34.458 20.561
188 2020 3 30 0 37.758 21.447
189 2020 3 30 0 36.749 21.627
190 2020 3 30 0 36.955 21.533
191 2020 3 30 0 36.963 21.6
192 2020 3 30 0 36.747 21.657
195 2020 3 30 0 31.7 20.395
196 2020 3 30 0 31.762 20.362
197 2020 3 30 0 31.63 20.275
198 2020 3 30 0 31.825 20.295
199 2020 3 30 0 35.911 19.976
200 2020 3 30 0 35.224 20.165
201 2020 3 30 0 35.126 20.235
202 2020 3 30 0 34.807 20.306
203 2020 3 30 0 36.315 19.876
204 2020 3 30 0 38.459 21.051
205 2020 3 30 0 36.715 19.655
206 2020 3 30 0 38.409 20.811
207 2020 3 30 0 38.273 21.015
208 2020 3 30 0 37.836 20.59
209 2020 3 30 0 38.076 20.572
210 2020 3 30 0 38.443 20.809
211 2020 3 30 0 38.421 20.93
212 2020 3 30 0 38.452 20.881
213 2020 3 30 0 38.35 20.928
214 2020 3 30 0 38.314 21.063
215 2020 3 30 0 38.38 20.997
216 2020 3 30 0 35.908 19.694
217 2020 3 30 0 36.864 19.418
218 2020 3 30 0 35.155 19.7
219 2020 3 30 0 35.263 19.802
220 2020 3 30 0 35.67 19.096
221 2020 3 30 0 35.27 19.887
222 2020 3 30 0 35.225 19.743
223 2020 3 30 0 37 19.63
224 2020 3 30 0 36.364 19.892
225 2020 3 30 0 35.6 19.909
226 2020 3 30 0 35.86 19.936
227 2020 3 30 0 34.841 19.868
228 2020 3 30 0 35.093 19.19
229 2020 3 30 0 35.142 19.161
230 2020 3 30 0 35.003 19.256
231 2020 3 30 0 35.167 19.193
232 2020 3 30 0 34.925 19.331
233 2020 3 30 0 38.496 21.49
234 2020 3 30 0 38.267 21.065
235 2020 3 30 0 38.258 21.087
236 2020 3 30 0 38.421 21.505
237 2020 3 30 0 38.359 21.222
238 2020 3 30 0 38.369 21.304
239 2020 3 30 0 37.446 19.864
240 2020 3 30 0 36.748 19.789
241 2020 3 30 0 37.187 19.873
242 2020 3 30 0 36.259 19.832
243 2020 3 30 0 35.943 19.712
244 2020 3 30 0 36.941 19.58
245 2020 3 30 0 37.277 19.488
246 2020 3 30 0 36.634 19.61
247 2020 3 30 0 37.481 19.467
248 2020 3 30 0 37.571 19.484
249 2020 3 30 0 37.814 19.435
250 2020 3 30 0 37.534 19.642
251 2020 3 30 0 37.89 19.303
252 2020 3 30 0 37.59 19.649
0 2020 3 30 0 35.514 20.078
