1 2020 3 12 0 30.093 14.717
2 2020 3 12 0 29.738 14.7
3 2020 3 12 0 29.927 14.866
4 2020 3 12 0 30.208 14.664
5 2020 3 12 0 29.508 14.555
6 2020 3 12 0 29.517 14.802
7 2020 3 12 0 29.764 14.925
8 2020 3 12 0 30.224 14.756
9 2020 3 12 0 29.981 14.574
10 2020 3 12 0 29.808 14.524
11 2020 3 12 0 29.213 15.943
12 2020 3 12 0 29.158 15.807
13 2020 3 12 0 29.27 15.635
14 2020 3 12 0 29.557 15.279
15 2020 3 12 0 29.387 15.67
16 2020 3 12 0 29.491 15.53
17 2020 3 12 0 29.641 15.256
18 2020 3 12 0 29.2 15.884
19 2020 3 12 0 26.898 12.512
20 2020 3 12 0 29.46 14.213
21 2020 3 12 0 27.002 12.493
22 2020 3 12 0 26.942 12.602
23 2020 3 12 0 27.571 12.423
24 2020 3 12 0 28.741 13.437
25 2020 3 12 0 27.196 12.662
26 2020 3 12 0 28.595 13.095
27 2020 3 12 0 28.209 13.017
28 2020 3 12 0 27.697 12.231
29 2020 3 12 0 29.979 14.849
30 2020 3 12 0 28.878 13.943
31 2020 3 12 0 28.139 12.05
32 2020 3 12 0 29.862 14.878
33 2020 3 12 0 29.122 15.583
34 2020 3 12 0 29.17 15.167
35 2020 3 12 0 29.132 15.929
36 2020 3 12 0 29.146 15.557
37 2020 3 12 0 29.422 15.185
38 2020 3 12 0 29.041 16.424
39 2020 3 12 0 28.994 17.063
40 2020 3 12 0 29.261 15.187
41 2020 3 12 0 29.063 16.637
42 2020 3 12 0 29.149 15.761
43 2020 3 12 0 29.249 15.91
44 2020 3 12 0 29.207 15.892
45 2020 3 12 0 29.289 15.275
46 2020 3 12 0 29.162 15.825
47 2020 3 12 0 29.318 15.728
48 2020 3 12 0 29.351 15.513
49 2020 3 12 0 29.225 15.61
51 2020 3 12 0 29.904 14.74
52 2020 3 12 0 29.467 14.998
53 2020 3 12 0 30.17 14.593
54 2020 3 12 0 29.902 14.576
55 2020 3 12 0 28.028 18.105
56 2020 3 12 0 28.937 17.467
57 2020 3 12 0 27.924 17.965
58 2020 3 12 0 29.019 17.263
59 2020 3 12 0 28.491 17.454
60 2020 3 12 0 27.724 18.189
61 2020 3 12 0 29.093 17.524
62 2020 3 12 0 28.775 16.124
63 2020 3 12 0 29.104 17.172
64 2020 3 12 0 29.05 17.386
65 2020 3 12 0 29.247 16.637
66 2020 3 12 0 28.714 17.927
67 2020 3 12 0 28.998 17.538
68 2020 3 12 0 29.064 16.276
69 2020 3 12 0 29.069 17.567
70 2020 3 12 0 28.677 15.712
71 2020 3 12 0 28.396 18.298
72 2020 3 12 0 28.556 18.032
73 2020 3 12 0 29.439 16.589
74 2020 3 12 0 28.517 18.088
75 2020 3 12 0 28.725 17.768
76 2020 3 12 0 28.404 18.272
77 2020 3 12 0 28.387 18.317
78 2020 3 12 0 28.335 18.323
79 2020 3 12 0 28.408 18.268
80 2020 3 12 0 30.067 15.82
81 2020 3 12 0 29.791 15.093
82 2020 3 12 0 29.22 15.785
83 2020 3 12 0 29.217 15.387
84 2020 3 12 0 29.28 15.447
85 2020 3 12 0 29.247 15.605
86 2020 3 12 0 29.633 15.306
87 2020 3 12 0 29.553 15.265
88 2020 3 12 0 29.333 15.64
89 2020 3 12 0 29.21 15.764
90 2020 3 12 0 29.521 15.452
91 2020 3 12 0 30.123 14.367
92 2020 3 12 0 30.231 14.568
93 2020 3 12 0 30.309 14.67
94 2020 3 12 0 30.179 14.589
95 2020 3 12 0 28.522 12.561
96 2020 3 12 0 27.728 12.387
97 2020 3 12 0 29.153 12.919
98 2020 3 12 0 28.682 13.194
99 2020 3 12 0 29.375 14.069
100 2020 3 12 0 29.532 13.565
102 2020 3 12 0 28.964 17.443
103 2020 3 12 0 28.952 17.335
104 2020 3 12 0 28.958 17.189
105 2020 3 12 0 28.972 17.639
106 2020 3 12 0 28.95 17.223
107 2020 3 12 0 29.07 16.401
109 2020 3 12 0 28.883 17.313
110 2020 3 12 0 28.948 16.566
111 2020 3 12 0 28.951 16.968
112 2020 3 12 0 28.789 17.53
113 2020 3 12 0 29.216 15.978
114 2020 3 12 0 29.239 15.897
115 2020 3 12 0 29.163 16.175
116 2020 3 12 0 29.124 16.363
117 2020 3 12 0 29.21 15.978
118 2020 3 12 0 29.318 15.721
119 2020 3 12 0 29.27 15.813
120 2020 3 12 0 28.994 13.113
121 2020 3 12 0 29.613 13.851
122 2020 3 12 0 29.358 13.809
123 2020 3 12 0 29.701 14.568
124 2020 3 12 0 29.829 14.692
125 2020 3 12 0 30.178 14.952
126 2020 3 12 0 30.159 15.062
127 2020 3 12 0 28.294 12.443
128 2020 3 12 0 28.59 12.294
129 2020 3 12 0 28.305 18.046
130 2020 3 12 0 28.355 18.13
131 2020 3 12 0 28.197 18.102
132 2020 3 12 0 30.364 16.155
133 2020 3 12 0 28.835 17.533
134 2020 3 12 0 29.607 16.205
135 2020 3 12 0 28.626 17.259
136 2020 3 12 0 30.513 15.179
137 2020 3 12 0 29.045 16.681
138 2020 3 12 0 30.17 16.286
139 2020 3 12 0 29.436 16.821
140 2020 3 12 0 29.339 17.066
141 2020 3 12 0 28.406 17.734
142 2020 3 12 0 30.485 13.928
143 2020 3 12 0 28.827 14.191
144 2020 3 12 0 27.996 13.45
145 2020 3 12 0 26.885 12.732
146 2020 3 12 0 26.542 12.406
147 2020 3 12 0 29.483 14.658
148 2020 3 12 0 29.258 14.808
149 2020 3 12 0 27.368 12.98
150 2020 3 12 0 27.138 12.956
151 2020 3 12 0 29.135 15.591
152 2020 3 12 0 29.044 16.852
153 2020 3 12 0 29.131 15.457
154 2020 3 12 0 29.134 16.199
155 2020 3 12 0 28.986 17.131
156 2020 3 12 0 29.022 17.016
157 2020 3 12 0 29.093 16.526
158 2020 3 12 0 29.131 15.392
159 2020 3 12 0 29.134 16.224
160 2020 3 12 0 28.964 17.474
161 2020 3 12 0 30.267 15.007
162 2020 3 12 0 29.6 14.394
164 2020 3 12 0 30.443 15.466
165 2020 3 12 0 29.858 14.714
166 2020 3 12 0 29.586 14.583
167 2020 3 12 0 30.053 15.201
168 2020 3 12 0 29.923 14.437
169 2020 3 12 0 30.255 15.349
170 2020 3 12 0 29.904 14.777
171 2020 3 12 0 28.853 18.055
172 2020 3 12 0 28.823 18.282
173 2020 3 12 0 28.815 18.351
174 2020 3 12 0 29.12 15.985
175 2020 3 12 0 29.023 16.608
176 2020 3 12 0 29.21 15.909
177 2020 3 12 0 29.049 15.767
178 2020 3 12 0 29.144 15.48
179 2020 3 12 0 29.19 16.025
180 2020 3 12 0 28.987 16.616
181 2020 3 12 0 29.114 16.32
182 2020 3 12 0 28.777 17.046
183 2020 3 12 0 28.756 18.08
184 2020 3 12 0 28.778 18.083
185 2020 3 12 0 28.682 17.336
186 2020 3 12 0 28.696 16.847
187 2020 3 12 0 28.714 17.221
188 2020 3 12 0 28.945 17.822
189 2020 3 12 0 28.872 18.053
190 2020 3 12 0 28.899 18.013
191 2020 3 12 0 28.961 17.384
192 2020 3 12 0 28.87 17.977
195 2020 3 12 0 27.838 18.081
196 2020 3 12 0 28.008 18.069
197 2020 3 12 0 27.97 18.196
198 2020 3 12 0 28.147 18.187
199 2020 3 12 0 29.793 15.938
200 2020 3 12 0 29.431 16.237
201 2020 3 12 0 29.494 16.364
202 2020 3 12 0 29.73 16.613
203 2020 3 12 0 30.329 15.852
204 2020 3 12 0 29.222 15.201
205 2020 3 12 0 28.145 13.757
206 2020 3 12 0 29.22 14.898
207 2020 3 12 0 29.225 14.943
208 2020 3 12 0 28.988 14.46
209 2020 3 12 0 29.08 14.537
210 2020 3 12 0 29.117 16.232
211 2020 3 12 0 29.071 16.621
212 2020 3 12 0 29.112 16.414
213 2020 3 12 0 28.955 16.916
214 2020 3 12 0 28.959 17.208
215 2020 3 12 0 29.015 16.895
216 2020 3 12 0 28.811 14.58
217 2020 3 12 0 30.149 14.441
218 2020 3 12 0 28.179 14.839
219 2020 3 12 0 28.315 14.556
220 2020 3 12 0 28.869 14.226
221 2020 3 12 0 28.667 14.316
222 2020 3 12 0 28.903 15.212
223 2020 3 12 0 29.58 14.093
224 2020 3 12 0 28.942 14.485
225 2020 3 12 0 29.085 14.152
226 2020 3 12 0 28.86 14.39
227 2020 3 12 0 28.465 14.662
228 2020 3 12 0 28.735 15.047
229 2020 3 12 0 29.104 15.613
230 2020 3 12 0 29.093 15.736
231 2020 3 12 0 28.476 14.446
232 2020 3 12 0 29.281 16.145
233 2020 3 12 0 29.232 15.648
234 2020 3 12 0 29.258 15.024
235 2020 3 12 0 29.239 15.009
236 2020 3 12 0 29.257 15.549
237 2020 3 12 0 29.299 15.299
238 2020 3 12 0 29.232 15.303
239 2020 3 12 0 29.469 14.45
240 2020 3 12 0 29.283 14.32
241 2020 3 12 0 29.577 14.24
242 2020 3 12 0 29.189 14.308
243 2020 3 12 0 29.251 14.221
244 2020 3 12 0 29.54 14.133
245 2020 3 12 0 29.66 14.064
246 2020 3 12 0 29.545 14.13
247 2020 3 12 0 29.768 13.913
248 2020 3 12 0 29.637 14.108
249 2020 3 12 0 30.026 13.756
250 2020 3 12 0 29.559 14.294
251 2020 3 12 0 30.209 13.454
252 2020 3 12 0 29.744 14.145
0 2020 3 12 0 29.458 16.548
