1 2020 4 1 0 36.512 21.747
2 2020 4 1 0 35.669 20.96
3 2020 4 1 0 36.496 21.848
4 2020 4 1 0 35.968 21.057
5 2020 4 1 0 35.328 20.271
6 2020 4 1 0 35.541 20.581
7 2020 4 1 0 36.018 21.432
8 2020 4 1 0 35.771 20.852
9 2020 4 1 0 35.871 21.068
10 2020 4 1 0 35.31 20.503
11 2020 4 1 0 35.99 21.852
12 2020 4 1 0 35.78 21.586
13 2020 4 1 0 35.809 21.559
14 2020 4 1 0 35.943 21.546
15 2020 4 1 0 35.992 21.763
16 2020 4 1 0 36.089 21.816
17 2020 4 1 0 36.137 21.771
18 2020 4 1 0 36.196 22.039
19 2020 4 1 0 34.459 19.887
20 2020 4 1 0 35.046 20.739
21 2020 4 1 0 34.577 19.955
22 2020 4 1 0 34.291 19.851
23 2020 4 1 0 34.316 19.567
24 2020 4 1 0 34.736 20.175
25 2020 4 1 0 34.103 19.661
26 2020 4 1 0 34.578 19.879
27 2020 4 1 0 34.536 19.898
28 2020 4 1 0 34.781 19.706
29 2020 4 1 0 35.163 21.056
30 2020 4 1 0 35.087 20.539
31 2020 4 1 0 35.168 19.727
32 2020 4 1 0 35.532 21.179
33 2020 4 1 0 35.34 21.236
34 2020 4 1 0 35.453 21.075
35 2020 4 1 0 35.226 21.35
36 2020 4 1 0 34.881 21.141
37 2020 4 1 0 35.618 21.164
38 2020 4 1 0 35.482 21.662
39 2020 4 1 0 35.439 21.942
40 2020 4 1 0 35.091 21.016
41 2020 4 1 0 35.301 21.69
42 2020 4 1 0 36.559 21.851
43 2020 4 1 0 36.495 22.257
44 2020 4 1 0 36.469 22.103
45 2020 4 1 0 36.746 22.3
46 2020 4 1 0 36.488 21.939
47 2020 4 1 0 36.616 22.415
48 2020 4 1 0 36.706 22.5
49 2020 4 1 0 36.667 22.1
51 2020 4 1 0 36.601 21.865
52 2020 4 1 0 36.718 22.198
53 2020 4 1 0 36.457 21.602
54 2020 4 1 0 36.646 21.795
55 2020 4 1 0 31.108 21.867
56 2020 4 1 0 31.97 21.404
57 2020 4 1 0 31.102 22.085
58 2020 4 1 0 32.228 21.52
59 2020 4 1 0 31.573 21.597
60 2020 4 1 0 30.914 22.158
61 2020 4 1 0 33.288 20.379
62 2020 4 1 0 33.453 20.972
63 2020 4 1 0 33.007 21.461
64 2020 4 1 0 33.684 20.256
65 2020 4 1 0 34.462 19.683
66 2020 4 1 0 32.942 20.678
67 2020 4 1 0.16754 33.525 20.37
68 2020 4 1 0 34.471 19.63
69 2020 4 1 0 33.508 20.386
70 2020 4 1 0 34.34 19.494
71 2020 4 1 0 32.044 20.16
72 2020 4 1 0 31.652 22.259
73 2020 4 1 0.74264 32.976 21.594
74 2020 4 1 0.43275 31.572 22.301
75 2020 4 1 0 31.871 22.155
76 2020 4 1 0 31.401 22.384
77 2020 4 1 0 32.019 20.175
78 2020 4 1 0 31.944 20.159
79 2020 4 1 0.11183 31.407 22.381
80 2020 4 1 0.19115 33.812 21.009
81 2020 4 1 0 36.323 21.817
82 2020 4 1 0 36.515 22.388
83 2020 4 1 0 36.697 22.466
84 2020 4 1 0 36.576 22.354
85 2020 4 1 0 36.378 22.189
86 2020 4 1 0 36.202 21.829
87 2020 4 1 0 36.419 22.033
88 2020 4 1 0 36.198 21.978
89 2020 4 1 0 36.407 22.252
90 2020 4 1 0 36.181 21.864
91 2020 4 1 0 36.287 21.318
92 2020 4 1 0 36.078 21.078
93 2020 4 1 0 36.26 21.339
94 2020 4 1 0 36.137 21.264
95 2020 4 1 0 35.522 20.208
96 2020 4 1 0 35.068 20.089
97 2020 4 1 0 35.675 20.292
98 2020 4 1 0 35.775 20.744
99 2020 4 1 0 36.371 21.456
100 2020 4 1 0 36.056 20.878
102 2020 4 1 0 35.529 22.062
103 2020 4 1 0 35.908 22.17
104 2020 4 1 0 35.798 22.121
105 2020 4 1 0 35.434 21.943
106 2020 4 1 0 36.066 22.239
107 2020 4 1 0 35.787 20.717
109 2020 4 1 0 35.057 20.918
110 2020 4 1 0 35.421 20.599
111 2020 4 1 0 35.119 21.329
112 2020 4 1 0 34.752 20.876
113 2020 4 1 0 36.453 22.19
114 2020 4 1 0 36.532 22.381
115 2020 4 1 0 36.351 22.099
116 2020 4 1 0 36.312 22.121
117 2020 4 1 0 36.45 22.222
118 2020 4 1 0 36.635 22.515
119 2020 4 1 0 36.614 22.537
120 2020 4 1 0 35.219 20.095
121 2020 4 1 0 35.643 20.589
122 2020 4 1 0 35.191 20.327
123 2020 4 1 0 35.027 20.739
124 2020 4 1 0 35.209 20.725
125 2020 4 1 0 35.571 20.894
126 2020 4 1 0 34.809 20.797
127 2020 4 1 0 34.637 19.546
128 2020 4 1 0 35.174 19.726
129 2020 4 1 0 32.38 20.597
130 2020 4 1 0 32.47 20.759
131 2020 4 1 0 32.255 20.626
132 2020 4 1 0 34.516 20.559
133 2020 4 1 0 32.786 20.44
134 2020 4 1 0 33.806 20.703
135 2020 4 1 0 32.279 21.35
136 2020 4 1 0 35.342 20.124
137 2020 4 1 0 33.019 21.169
138 2020 4 1 0 34.306 20.563
139 2020 4 1 0 32.941 21.03
140 2020 4 1 0 32.653 21.135
141 2020 4 1 0 32.249 20.493
142 2020 4 1 0 35.777 19.827
143 2020 4 1 0 36.513 21.801
144 2020 4 1 0 35.655 21.093
145 2020 4 1 0 34.622 20.307
146 2020 4 1 0 34.247 19.691
147 2020 4 1 0 36.868 22.069
148 2020 4 1 0 36.914 22.259
149 2020 4 1 0 35.058 20.655
150 2020 4 1 0 34.894 20.625
151 2020 4 1 0 34.819 21.13
152 2020 4 1 0 34.951 21.572
153 2020 4 1 0 34.719 21.06
154 2020 4 1 0 35.169 21.422
155 2020 4 1 0 34.877 21.553
156 2020 4 1 0 35.02 21.702
157 2020 4 1 0 35.19 21.586
158 2020 4 1 0 34.68 21.038
159 2020 4 1 0 35.17 21.419
160 2020 4 1 0 35.143 21.953
161 2020 4 1 0 35.326 20.467
162 2020 4 1 0 35.126 20.165
164 2020 4 1 0 35.074 20.451
165 2020 4 1 0 35.032 20.232
166 2020 4 1 0 35.187 20.392
167 2020 4 1 0 34.848 20.371
168 2020 4 1 0 35.124 20.076
169 2020 4 1 0 34.946 20.39
170 2020 4 1 0 35.054 20.25
171 2020 4 1 0 34.54 21.016
172 2020 4 1 0 34.232 21.826
173 2020 4 1 0 34.508 21.319
174 2020 4 1 0 35.906 21.718
175 2020 4 1 0 36.028 22.002
176 2020 4 1 0 36.405 22.229
177 2020 4 1 0 35.632 21.429
178 2020 4 1 0 35.66 21.351
179 2020 4 1 0 36.169 21.961
180 2020 4 1 0 35.851 21.89
181 2020 4 1 0 36.175 22.02
182 2020 4 1 0 34.867 20.58
183 2020 4 1 0 34.438 21.155
184 2020 4 1 0 34.139 21.277
185 2020 4 1 0 34.496 20.579
186 2020 4 1 0 34.499 20.366
187 2020 4 1 0 34.458 20.561
188 2020 4 1 0 35.891 22.134
189 2020 4 1 0 34.651 21.89
190 2020 4 1 0 34.863 21.877
191 2020 4 1 0 34.699 21.66
192 2020 4 1 0 34.573 21.765
195 2020 4 1 0 31.7 20.395
196 2020 4 1 0 31.762 20.362
197 2020 4 1 0 31.63 20.275
198 2020 4 1 0 31.825 20.295
199 2020 4 1 0 34.15 20.788
200 2020 4 1 0 33.369 21.19
201 2020 4 1 0 33.43 21.117
202 2020 4 1 0 33.43 20.986
203 2020 4 1 0 34.675 20.58
204 2020 4 1 0 36.779 22.44
205 2020 4 1 0 35.881 21.472
206 2020 4 1 0 36.876 22.367
207 2020 4 1 0 36.814 22.469
208 2020 4 1 0 36.639 22.216
209 2020 4 1 0 36.783 22.255
210 2020 4 1 0 36.318 22.051
211 2020 4 1 0 36.245 22.157
212 2020 4 1 0 36.301 22.123
213 2020 4 1 0 36.114 22.113
214 2020 4 1 0 36.076 22.217
215 2020 4 1 0 36.172 22.2
216 2020 4 1 0 34.505 20.402
217 2020 4 1 0 35.437 20.052
218 2020 4 1 0 33.877 20.408
219 2020 4 1 0 33.865 20.418
220 2020 4 1 0 35.67 19.096
221 2020 4 1 0 33.914 20.417
222 2020 4 1 0 34.115 20.462
223 2020 4 1 0 35.352 20.267
224 2020 4 1 0 34.876 20.639
225 2020 4 1 0 34.281 20.349
226 2020 4 1 0 34.467 20.571
227 2020 4 1 0 33.483 20.338
228 2020 4 1 0 35.093 19.19
229 2020 4 1 0 35.142 19.161
230 2020 4 1 0 35.003 19.256
231 2020 4 1 0 35.167 19.193
232 2020 4 1 0 34.925 19.331
233 2020 4 1 0 36.65 22.542
234 2020 4 1 0 36.79 22.34
235 2020 4 1 0 36.79 22.416
236 2020 4 1 0 36.687 22.545
237 2020 4 1 0 36.741 22.418
238 2020 4 1 0 36.737 22.519
239 2020 4 1 0 35.108 19.79
240 2020 4 1 0 34.996 20.313
241 2020 4 1 0 34.734 19.766
242 2020 4 1 0 34.659 20.289
243 2020 4 1 0 34.353 19.93
244 2020 4 1 0 34.868 19.784
245 2020 4 1 0 35.06 19.563
246 2020 4 1 0 34.483 19.547
247 2020 4 1 0 35.434 19.715
248 2020 4 1 0 35.422 19.547
249 2020 4 1 0 35.646 19.734
250 2020 4 1 0 35.365 19.787
251 2020 4 1 0 35.912 19.717
252 2020 4 1 0 35.378 19.935
0 2020 4 1 2.2451 33.526 21.34
