1 2020 2 21 0 31.859 16.722
2 2020 2 21 0 31.838 16.607
3 2020 2 21 0 31.912 16.781
4 2020 2 21 0 31.598 16.746
5 2020 2 21 0 31.533 16.382
6 2020 2 21 0 31.927 16.292
7 2020 2 21 0 32.296 16.528
8 2020 2 21 0 31.464 16.817
9 2020 2 21 0 31.723 16.542
10 2020 2 21 0 31.405 16.547
11 2020 2 21 0 32.125 17.32
12 2020 2 21 0 32.022 17.256
13 2020 2 21 0 32.146 17.138
14 2020 2 21 0 32.476 16.826
15 2020 2 21 0 32.371 16.99
16 2020 2 21 0 32.487 16.799
17 2020 2 21 0 32.688 16.501
18 2020 2 21 0 32.049 17.345
19 2020 2 21 0 29.211 13.359
20 2020 2 21 0 30.167 15.999
21 2020 2 21 0 29.545 13.717
22 2020 2 21 0 28.996 13.455
23 2020 2 21 0 29.087 13.941
24 2020 2 21 0 29.697 15.209
25 2020 2 21 0 28.827 13.518
26 2020 2 21 0 29.699 15.24
27 2020 2 21 0 29.311 14.511
28 2020 2 21 0 29.504 13.812
29 2020 2 21 0 30.455 16.243
30 2020 2 21 0 29.724 14.998
31 2020 2 21 0 29.907 14.025
32 2020 2 21 0 30.376 15.965
33 2020 2 21 0 31.788 17.391
34 2020 2 21 0 31.741 17.143
35 2020 2 21 0 31.894 17.725
36 2020 2 21 0 31.762 17.511
37 2020 2 21 0 32.072 17.273
38 2020 2 21 0 31.807 17.401
39 2020 2 21 0 31.771 17.267
40 2020 2 21 0 31.793 17.29
41 2020 2 21 0 31.85 17.543
42 2020 2 21 0 32.123 17.04
43 2020 2 21 0 32.288 17.283
44 2020 2 21 0 32.246 17.161
45 2020 2 21 0 32.142 17.444
46 2020 2 21 0 32.172 17.073
47 2020 2 21 0 32.307 17.481
48 2020 2 21 0 32.281 17.591
49 2020 2 21 0 32.146 17.275
51 2020 2 21 0 31.838 16.832
52 2020 2 21 0 31.735 17.122
53 2020 2 21 0 31.869 16.646
54 2020 2 21 0 31.866 16.778
55 2020 2 21 0 28.954 18.102
56 2020 2 21 0 29.297 17.752
57 2020 2 21 0 29.161 18.147
58 2020 2 21 0 29.427 17.69
59 2020 2 21 0 29.296 17.818
60 2020 2 21 0 28.971 18.18
61 2020 2 21 0 30.38 17.861
62 2020 2 21 0 30.775 17.738
63 2020 2 21 0 30.588 17.799
64 2020 2 21 0 30.395 17.966
65 2020 2 21 0 30.808 17.628
66 2020 2 21 0 29.863 18.301
67 2020 2 21 0 30.295 18.045
68 2020 2 21 0 30.812 17.634
69 2020 2 21 0 30.384 17.984
70 2020 2 21 0 30.807 17.748
71 2020 2 21 0 29.43 18.168
72 2020 2 21 0 29.483 18.063
73 2020 2 21 0 29.8 17.435
74 2020 2 21 0 29.484 18.073
75 2020 2 21 0 29.536 17.96
76 2020 2 21 0 29.438 18.153
77 2020 2 21 0 29.421 18.18
78 2020 2 21 0 29.374 18.188
79 2020 2 21 0 29.443 18.148
80 2020 2 21 0 30.203 16.577
81 2020 2 21 0 32.252 16.68
82 2020 2 21 0 32.036 17.544
83 2020 2 21 0 31.742 17.424
84 2020 2 21 0 31.734 17.335
85 2020 2 21 0 31.838 17.316
86 2020 2 21 0 32.462 16.669
87 2020 2 21 0 31.928 17.021
88 2020 2 21 0 32.048 17.182
89 2020 2 21 0 31.97 17.419
90 2020 2 21 0 32.289 16.889
91 2020 2 21 0 31.631 16.451
92 2020 2 21 0 31.452 16.727
93 2020 2 21 0 31.727 16.753
94 2020 2 21 0 31.73 16.628
95 2020 2 21 0 30.423 14.699
96 2020 2 21 0 30.05 14.371
97 2020 2 21 0 30.645 15.089
98 2020 2 21 0 30.808 15.348
99 2020 2 21 0 31.488 16.303
100 2020 2 21 0 31.175 15.685
102 2020 2 21 0 31.841 17.333
103 2020 2 21 0 31.918 17.496
104 2020 2 21 0 31.834 17.362
105 2020 2 21 0 31.972 17.615
106 2020 2 21 0 31.912 17.478
107 2020 2 21 0 31.755 17.93
109 2020 2 21 0 31.262 17.764
110 2020 2 21 0 31.354 17.764
111 2020 2 21 0 31.319 17.701
112 2020 2 21 0 30.982 17.678
113 2020 2 21 0 32.265 17.211
114 2020 2 21 0 32.224 17.514
115 2020 2 21 0 32.215 17.114
116 2020 2 21 0 32.169 17.168
117 2020 2 21 0 32.236 17.291
118 2020 2 21 0 32.288 17.624
119 2020 2 21 0 32.228 17.731
120 2020 2 21 0 30.322 15.377
121 2020 2 21 0 30.884 16.065
122 2020 2 21 0 30.486 15.99
123 2020 2 21 0 30.52 16.235
124 2020 2 21 0 30.821 16.362
125 2020 2 21 0 31.237 16.686
126 2020 2 21 0 30.602 16.189
127 2020 2 21 0 29.633 14.742
128 2020 2 21 0 30.028 14.544
129 2020 2 21 0 29.679 18.366
130 2020 2 21 0 29.479 18.457
131 2020 2 21 0 29.505 18.394
132 2020 2 21 0 31.107 16.467
133 2020 2 21 0 30.002 17.92
134 2020 2 21 0 31.069 16.871
135 2020 2 21 0 29.615 17.772
136 2020 2 21 0 31.902 16.059
137 2020 2 21 0 30.496 17.52
138 2020 2 21 0 31.422 16.44
139 2020 2 21 0 30.185 17.169
140 2020 2 21 0 29.737 17.412
141 2020 2 21 0 29.548 18.069
142 2020 2 21 0 31.73 15.886
143 2020 2 21 0 31.5 16.614
144 2020 2 21 0 30.78 15.627
145 2020 2 21 0 29.852 14.351
146 2020 2 21 0 29.173 13.184
147 2020 2 21 0 31.863 17.052
148 2020 2 21 0 31.818 17.212
149 2020 2 21 0 30.293 14.991
150 2020 2 21 0 30.186 14.908
151 2020 2 21 0 31.552 17.59
152 2020 2 21 0 31.749 17.833
153 2020 2 21 0 31.435 17.482
154 2020 2 21 0 31.949 17.964
155 2020 2 21 0 31.574 17.848
156 2020 2 21 0 31.722 17.614
157 2020 2 21 0 31.89 17.755
158 2020 2 21 0 31.538 17.388
159 2020 2 21 0 31.958 17.996
160 2020 2 21 0 31.682 17.243
161 2020 2 21 0 31.317 16.44
162 2020 2 21 0 31.309 16.469
164 2020 2 21 0 31.031 16.41
165 2020 2 21 0 31.239 16.465
166 2020 2 21 0 31.411 16.73
167 2020 2 21 0 30.935 16.455
168 2020 2 21 0 31.247 16.236
169 2020 2 21 0 30.96 16.409
170 2020 2 21 0 31.194 16.453
171 2020 2 21 0 31.077 17.17
172 2020 2 21 0 31.092 17.423
173 2020 2 21 0 31.069 17.488
174 2020 2 21 0 31.997 17.214
175 2020 2 21 0 31.938 17.319
176 2020 2 21 0 32.138 17.392
177 2020 2 21 0 31.738 17.156
178 2020 2 21 0 31.862 17.122
179 2020 2 21 0 32.186 17.227
180 2020 2 21 0 31.819 17.329
181 2020 2 21 0 32.106 17.21
182 2020 2 21 0 30.888 17.62
183 2020 2 21 0 30.914 17.676
184 2020 2 21 0 30.995 18.01
185 2020 2 21 0 30.604 17.567
186 2020 2 21 0 30.459 17.595
187 2020 2 21 0 30.601 17.646
188 2020 2 21 0 32.173 18.06
189 2020 2 21 0 31.381 17.467
190 2020 2 21 0 31.61 17.646
191 2020 2 21 0 31.518 17.767
192 2020 2 21 0 31.276 17.641
195 2020 2 21 0 29.255 18.231
196 2020 2 21 0 29.485 18.25
197 2020 2 21 0 29.29 18.233
198 2020 2 21 0 29.446 18.231
199 2020 2 21 0 30.309 16.857
200 2020 2 21 0 29.831 17.217
201 2020 2 21 0 29.901 17.238
202 2020 2 21 0 30.027 17.142
203 2020 2 21 0 30.746 16.564
204 2020 2 21 0 31.861 17.425
205 2020 2 21 0 31.025 16.023
206 2020 2 21 0 31.87 17.303
207 2020 2 21 0 31.96 17.374
208 2020 2 21 0 31.715 16.972
209 2020 2 21 0 31.789 17.065
210 2020 2 21 0 32.181 17.117
211 2020 2 21 0 32.094 17.264
212 2020 2 21 0 32.158 17.19
213 2020 2 21 0 31.975 17.341
214 2020 2 21 0 31.942 17.49
215 2020 2 21 0 32.01 17.365
216 2020 2 21 0 31.428 17.648
217 2020 2 21 0 31.882 16.387
218 2020 2 21 0 30.864 17.877
219 2020 2 21 0 30.9 17.758
220 2020 2 21 0 30.216 16.591
221 2020 2 21 0 30.637 17.185
222 2020 2 21 0 31.217 17.37
223 2020 2 21 0 31.845 17.23
224 2020 2 21 0 31.78 18.096
225 2020 2 21 0 30.292 16.473
226 2020 2 21 0 31.104 17.532
227 2020 2 21 0 30.757 17.526
228 2020 2 21 0 30.657 17.327
229 2020 2 21 0 30.9 17.402
230 2020 2 21 0 30.93 17.481
231 2020 2 21 0 30.398 17.137
232 2020 2 21 0 30.957 17.485
233 2020 2 21 0 32.005 17.681
234 2020 2 21 0 32.046 17.411
235 2020 2 21 0 32.015 17.415
236 2020 2 21 0 32.144 17.708
237 2020 2 21 0 32.161 17.538
238 2020 2 21 0 32.031 17.566
239 2020 2 21 0 31.436 15.642
240 2020 2 21 0 31.627 17.515
241 2020 2 21 0 31.108 16.128
242 2020 2 21 0 31.117 17.184
243 2020 2 21 0 30.637 16.551
244 2020 2 21 0 31.189 16.684
245 2020 2 21 0 31.227 15.974
246 2020 2 21 0 30.764 16.23
247 2020 2 21 0 31.569 15.971
248 2020 2 21 0 31.528 15.19
249 2020 2 21 0 31.574 15.734
250 2020 2 21 0 31.503 15.551
251 2020 2 21 0 31.801 15.951
252 2020 2 21 0 31.456 16.017
0 2020 2 21 0 30.005 17.119
