1 2020 5 22 0 42.579 26.661
2 2020 5 22 0 41.393 26.256
3 2020 5 22 0 42.585 26.682
4 2020 5 22 0 41.711 26.458
5 2020 5 22 0 40.389 25.839
6 2020 5 22 0 41 26.007
7 2020 5 22 0 42.122 26.419
8 2020 5 22 0 41.323 26.365
9 2020 5 22 0 41.754 26.405
10 2020 5 22 0 40.901 26.209
11 2020 5 22 0 41.965 26.823
12 2020 5 22 0 41.333 26.795
13 2020 5 22 0 41.514 26.694
14 2020 5 22 0 42.004 26.52
15 2020 5 22 0 42.173 26.691
16 2020 5 22 0 42.427 26.665
17 2020 5 22 0 42.596 26.574
18 2020 5 22 0 41.978 27.004
19 2020 5 22 0 42.154 26.885
20 2020 5 22 0 40.479 25.916
21 2020 5 22 0 41.999 26.497
22 2020 5 22 0 41.798 26.888
23 2020 5 22 0 40.87 26.08
24 2020 5 22 0 40.525 25.965
25 2020 5 22 0 41.324 26.73
26 2020 5 22 0 40.136 25.567
27 2020 5 22 0 40.729 26.163
28 2020 5 22 0 41.751 26.029
29 2020 5 22 0 40.399 26.093
30 2020 5 22 0 41.394 26.74
31 2020 5 22 0 41.938 25.559
32 2020 5 22 0 41.44 26.841
33 2020 5 22 0 39.616 26.762
34 2020 5 22 0 39.957 26.644
35 2020 5 22 0 39.313 26.784
36 2020 5 22 0 39.301 26.631
37 2020 5 22 0 40.853 26.477
38 2020 5 22 0 39.601 27.147
39 2020 5 22 0 39.314 27.323
40 2020 5 22 0 39.908 26.502
41 2020 5 22 0 39.119 27.042
42 2020 5 22 0 41.687 27.653
43 2020 5 22 0 41.619 27.815
44 2020 5 22 0 41.446 27.684
45 2020 5 22 0 42.541 28.002
46 2020 5 22 0 41.435 27.58
47 2020 5 22 0 41.981 28.041
48 2020 5 22 0 42.333 28.137
49 2020 5 22 0 42.145 27.937
51 2020 5 22 0 42.688 26.825
52 2020 5 22 0 42.751 26.991
53 2020 5 22 0 42.542 26.671
54 2020 5 22 0 42.809 26.952
55 2020 5 22 0 35.733 26.345
56 2020 5 22 0 36.731 26.321
57 2020 5 22 0 35.18 26.216
58 2020 5 22 0 36.889 26.296
59 2020 5 22 0 35.834 26.257
60 2020 5 22 0 35.174 26.263
61 2020 5 22 0 33.288 20.379
62 2020 5 22 0 35.973 26.377
63 2020 5 22 0 35.16 26.547
64 2020 5 22 0 33.684 20.256
65 2020 5 22 0 34.462 19.683
66 2020 5 22 0 32.942 20.678
67 2020 5 22 0 33.525 20.37
68 2020 5 22 0 34.471 19.63
69 2020 5 22 0 33.508 20.386
70 2020 5 22 0 34.34 19.494
71 2020 5 22 0 32.044 20.16
72 2020 5 22 0 36.097 26.56
73 2020 5 22 0 37.329 26.208
74 2020 5 22 0 36.018 26.575
75 2020 5 22 0 36.3 26.508
76 2020 5 22 0 35.849 26.624
77 2020 5 22 0 32.019 20.175
78 2020 5 22 0 31.944 20.159
79 2020 5 22 0 35.861 26.618
80 2020 5 22 0 38.033 25.841
81 2020 5 22 0 42.583 26.645
82 2020 5 22 0 42.163 27.396
83 2020 5 22 0 42.593 27.118
84 2020 5 22 0 42.46 26.917
85 2020 5 22 0 42.316 26.831
86 2020 5 22 0 42.563 26.641
87 2020 5 22 0 42.476 26.73
88 2020 5 22 0 42.265 26.756
89 2020 5 22 0 42.137 27.141
90 2020 5 22 0 42.414 26.688
91 2020 5 22 0 42.319 26.48
92 2020 5 22 0 41.791 26.44
93 2020 5 22 0 42.132 26.558
94 2020 5 22 0 42.061 26.512
95 2020 5 22 0 42.166 25.733
96 2020 5 22 0 42.059 25.813
97 2020 5 22 0 41.938 25.742
98 2020 5 22 0 42.382 26.212
99 2020 5 22 0 42.72 26.782
100 2020 5 22 0 42.339 26.155
102 2020 5 22 0 39.478 27.666
103 2020 5 22 0 40.482 27.938
104 2020 5 22 0 40.213 27.711
105 2020 5 22 0 39.312 27.896
106 2020 5 22 0 40.882 27.957
107 2020 5 22 0 35.787 20.717
109 2020 5 22 0 35.057 20.918
110 2020 5 22 0 35.421 20.599
111 2020 5 22 0 39.101 26.753
112 2020 5 22 0 34.752 20.876
113 2020 5 22 0 41.501 27.701
114 2020 5 22 0 41.9 27.744
115 2020 5 22 0 41.269 27.63
116 2020 5 22 0 41.19 27.711
117 2020 5 22 0 41.605 27.641
118 2020 5 22 0 42.136 28.025
119 2020 5 22 0 42.187 27.873
120 2020 5 22 0 41.085 25.762
121 2020 5 22 0 41.423 26.106
122 2020 5 22 0 40.706 25.901
123 2020 5 22 0 40.168 25.639
124 2020 5 22 0 40.413 25.726
125 2020 5 22 0 40.853 25.989
126 2020 5 22 0 39.48 25.604
127 2020 5 22 0 40.499 25.453
128 2020 5 22 0 41.389 25.402
129 2020 5 22 0 32.38 20.597
130 2020 5 22 0 32.47 20.759
131 2020 5 22 0 32.255 20.626
132 2020 5 22 0 38.69 25.929
133 2020 5 22 0 32.786 20.44
134 2020 5 22 0 37.167 26.042
135 2020 5 22 0 35.767 26.273
136 2020 5 22 0 38.96 25.793
137 2020 5 22 0 35.921 26.321
138 2020 5 22 0 37.806 25.932
139 2020 5 22 0 37.096 26.121
140 2020 5 22 0 37.305 26.213
141 2020 5 22 0 32.249 20.493
142 2020 5 22 0 40.071 25.707
143 2020 5 22 0 43.004 27.302
144 2020 5 22 0 42.527 26.685
145 2020 5 22 0 42.008 26.393
146 2020 5 22 0 41.781 26.943
147 2020 5 22 0 43.071 27.352
148 2020 5 22 0 43.084 27.442
149 2020 5 22 0 42.217 26.316
150 2020 5 22 0 42.144 26.363
151 2020 5 22 0 39.029 26.631
152 2020 5 22 0 38.504 26.874
153 2020 5 22 0 38.992 26.59
154 2020 5 22 0 39.076 26.803
155 2020 5 22 0 38.377 26.85
156 2020 5 22 0 38.537 26.977
157 2020 5 22 0 38.969 26.917
158 2020 5 22 0 39.129 26.573
159 2020 5 22 0 39.048 26.801
160 2020 5 22 0 38.586 27.287
161 2020 5 22 0 40.376 25.974
162 2020 5 22 0 40.28 25.932
164 2020 5 22 0 39.98 25.895
165 2020 5 22 0 40.295 26
166 2020 5 22 0 40.362 25.975
167 2020 5 22 0 39.945 25.989
168 2020 5 22 0 40.264 25.955
169 2020 5 22 0 39.948 25.948
170 2020 5 22 0 40.245 25.979
171 2020 5 22 0 34.54 21.016
172 2020 5 22 0.39731 36.984 27.018
173 2020 5 22 0.12291 34.508 21.319
174 2020 5 22 0 41.066 27.124
175 2020 5 22 0 40.871 27.633
176 2020 5 22 0 41.861 27.422
177 2020 5 22 0 40.139 27.046
178 2020 5 22 0 40.649 26.775
179 2020 5 22 0 41.6 27.227
180 2020 5 22 0 40.477 27.552
181 2020 5 22 0 41.179 27.534
182 2020 5 22 0 34.867 20.58
183 2020 5 22 0 34.438 21.155
184 2020 5 22 0 34.139 21.277
185 2020 5 22 0 34.496 20.579
186 2020 5 22 0 34.499 20.366
187 2020 5 22 0 34.458 20.561
188 2020 5 22 0 39.711 28.222
189 2020 5 22 0.10369 37.727 27.178
190 2020 5 22 0 38.205 27.506
191 2020 5 22 0 37.966 26.899
192 2020 5 22 0 37.65 26.956
195 2020 5 22 0 31.7 20.395
196 2020 5 22 0 31.762 20.362
197 2020 5 22 0 31.63 20.275
198 2020 5 22 0 31.825 20.295
199 2020 5 22 0 38.989 26.012
200 2020 5 22 0 37.978 26.119
201 2020 5 22 0 38.155 26.146
202 2020 5 22 0 38.217 26.127
203 2020 5 22 0 39.481 25.947
204 2020 5 22 0 42.775 27.422
205 2020 5 22 0 42.682 26.988
206 2020 5 22 0 43.022 27.547
207 2020 5 22 0 42.96 27.697
208 2020 5 22 0 43.027 27.555
209 2020 5 22 0 43.13 27.601
210 2020 5 22 0 41.152 27.639
211 2020 5 22 0 41.116 27.794
212 2020 5 22 0 41.177 27.738
213 2020 5 22 0 40.949 27.858
214 2020 5 22 0 40.891 27.987
215 2020 5 22 0 41.033 27.87
216 2020 5 22 0 37.592 26.206
217 2020 5 22 0 38.933 25.842
218 2020 5 22 0 36.836 26.198
219 2020 5 22 0 36.828 26.39
220 2020 5 22 0 35.67 19.096
221 2020 5 22 0 36.93 26.459
222 2020 5 22 0 37.114 26.139
223 2020 5 22 0 38.757 26.125
224 2020 5 22 0 37.878 26.415
225 2020 5 22 0 37.555 26.404
226 2020 5 22 0 37.498 26.454
227 2020 5 22 0 36.411 26.517
228 2020 5 22 0 35.093 19.19
229 2020 5 22 0 35.142 19.161
230 2020 5 22 0 35.003 19.256
231 2020 5 22 0 35.167 19.193
232 2020 5 22 0 34.925 19.331
233 2020 5 22 0 42.433 27.525
234 2020 5 22 0 42.84 27.832
235 2020 5 22 0 42.883 27.776
236 2020 5 22 0 42.502 27.836
237 2020 5 22 0 42.588 27.962
238 2020 5 22 0 42.703 27.706
239 2020 5 22 0 40.215 25.861
240 2020 5 22 0 38.488 26.367
241 2020 5 22 0 39.684 26.156
242 2020 5 22 0 38.1 26.411
243 2020 5 22 0 38.084 26.341
244 2020 5 22 0 39.02 26.258
245 2020 5 22 0 39.637 26.014
246 2020 5 22 0 38.993 26.246
247 2020 5 22 0 39.77 25.853
248 2020 5 22 0 40.271 25.619
249 2020 5 22 0 40.398 25.692
250 2020 5 22 0 40.335 25.651
251 2020 5 22 0 40.051 25.704
252 2020 5 22 0 40.33 25.778
0 2020 5 22 0 37.899 26.135
