1 2020 2 9 0 28.431 12.655
2 2020 2 9 0 28.631 12.53
3 2020 2 9 0 28.333 12.742
4 2020 2 9 0 28.77 12.333
5 2020 2 9 0 28.79 12.499
6 2020 2 9 0 28.822 12.859
7 2020 2 9 0 28.775 12.681
8 2020 2 9 0 28.871 12.211
9 2020 2 9 0 28.546 12.406
10 2020 2 9 0 28.493 12.207
11 2020 2 9 0 27.505 13.424
12 2020 2 9 0 27.636 13.858
13 2020 2 9 0 27.918 13.768
14 2020 2 9 0 28.621 13.416
15 2020 2 9 0 28.027 13.262
16 2020 2 9 0 28.259 13.04
17 2020 2 9 0 28.742 12.865
18 2020 2 9 0 27.47 13.367
19 2020 2 9 0 25.859 8.2001
20 2020 2 9 0 28.464 10.497
21 2020 2 9 0 25.857 8.4024
22 2020 2 9 0 26.011 8.4039
23 2020 2 9 0 26.591 8.9086
24 2020 2 9 0 27.735 9.9847
25 2020 2 9 0 26.314 8.7568
26 2020 2 9 0 27.594 9.7528
27 2020 2 9 0 27.224 9.6179
28 2020 2 9 0 26.491 8.7533
29 2020 2 9 0 28.855 10.848
30 2020 2 9 0 27.794 10.51
31 2020 2 9 0 26.73 9.0146
32 2020 2 9 0 28.676 11.322
33 2020 2 9 0 28.561 15.31
34 2020 2 9 0 28.343 14.947
35 2020 2 9 0 28.871 15.73
36 2020 2 9 0 28.828 15.398
37 2020 2 9 0 28.501 14.484
38 2020 2 9 0 28.504 15.345
39 2020 2 9 0 28.502 15.422
40 2020 2 9 0 28.605 14.915
41 2020 2 9 0 28.774 15.75
42 2020 2 9 0 27.461 12.714
43 2020 2 9 0 27.639 13.262
44 2020 2 9 0 27.586 13.155
45 2020 2 9 0 27.836 12.701
46 2020 2 9 0 27.521 12.947
47 2020 2 9 0 27.857 13.227
48 2020 2 9 0 27.976 13.103
49 2020 2 9 0 27.6 12.73
51 2020 2 9 0 28.279 12.583
52 2020 2 9 0 27.849 12.73
53 2020 2 9 0 28.547 12.508
54 2020 2 9 0 28.33 12.337
55 2020 2 9 0 27.11 13.338
56 2020 2 9 0 27.585 13.449
57 2020 2 9 0 27.406 14.257
58 2020 2 9 0 27.629 13.029
59 2020 2 9 0 27.593 14.04
60 2020 2 9 0 27.048 13.57
61 2020 2 9 0 29.012 14.798
62 2020 2 9 0 29.323 14.405
63 2020 2 9 0 29.243 14.695
64 2020 2 9 0 29.137 14.915
65 2020 2 9 0 29.599 14.454
66 2020 2 9 0 28.555 15.272
67 2020 2 9 0 29.033 15.017
68 2020 2 9 0 29.588 14.466
69 2020 2 9 0 29.09 14.962
70 2020 2 9 0 29.537 14.466
71 2020 2 9 0 27.131 12.807
72 2020 2 9 0 27.253 12.739
73 2020 2 9 0 27.922 12.318
74 2020 2 9 0 27.23 12.71
75 2020 2 9 0 27.373 12.684
76 2020 2 9 0 27.141 12.777
77 2020 2 9 0 27.122 12.834
78 2020 2 9 0 27.103 12.851
79 2020 2 9 0 27.147 12.768
80 2020 2 9 0 28.474 11.388
81 2020 2 9 0 28.454 12.808
82 2020 2 9 0 27.538 13.298
83 2020 2 9 0 27.563 13.075
84 2020 2 9 0 27.586 13.194
85 2020 2 9 0 27.546 13.276
86 2020 2 9 0 28.451 12.895
87 2020 2 9 0 27.966 13.021
88 2020 2 9 0 27.722 13.241
89 2020 2 9 0 27.503 13.311
90 2020 2 9 0 28.14 13.044
91 2020 2 9 0 28.554 12.17
92 2020 2 9 0 28.829 12.096
93 2020 2 9 0 28.792 12.429
94 2020 2 9 0 28.638 12.424
95 2020 2 9 0 27.043 9.7707
96 2020 2 9 0 26.385 9.1139
97 2020 2 9 0 27.649 10.411
98 2020 2 9 0 27.228 10.408
99 2020 2 9 0 27.872 11.567
100 2020 2 9 0 27.96 11.223
102 2020 2 9 0 28.385 15.27
103 2020 2 9 0 28.156 14.779
104 2020 2 9 0 28.215 14.909
105 2020 2 9 0 28.444 15.393
106 2020 2 9 0 28.043 14.548
107 2020 2 9 0 29.153 16.164
109 2020 2 9 0 29.192 16.501
110 2020 2 9 0 29.234 16.196
111 2020 2 9 0 29.175 16.281
112 2020 2 9 0 29.234 16.587
113 2020 2 9 0 27.537 13.256
114 2020 2 9 0 27.598 13.29
115 2020 2 9 0 27.527 13.401
116 2020 2 9 0 27.614 13.59
117 2020 2 9 0 27.512 13.272
118 2020 2 9 0 27.847 13.266
119 2020 2 9 0 27.696 13.298
120 2020 2 9 0 27.722 10.365
121 2020 2 9 0 28.281 11.237
122 2020 2 9 0 28.203 10.797
123 2020 2 9 0 28.652 10.632
124 2020 2 9 0 28.699 10.968
125 2020 2 9 0 28.933 11.579
126 2020 2 9 0 28.888 10.652
127 2020 2 9 0 27.163 9.4428
128 2020 2 9 0 27.213 9.5467
129 2020 2 9 0 27.829 14.647
130 2020 2 9 0 28.054 15.216
131 2020 2 9 0 27.737 14.719
132 2020 2 9 0 28.815 12.584
133 2020 2 9 0 28.564 14.763
134 2020 2 9 0 28.914 13.423
135 2020 2 9 0 28.02 14.48
136 2020 2 9 0 29.573 12.435
137 2020 2 9 0 28.839 14.245
138 2020 2 9 0 28.95 12.9
139 2020 2 9 0 28.223 13.501
140 2020 2 9 0 27.93 13.372
141 2020 2 9 0 27.999 14.66
142 2020 2 9 0 29.924 12.203
143 2020 2 9 0 27.454 11.328
144 2020 2 9 0 26.695 10.213
145 2020 2 9 0 25.721 8.7597
146 2020 2 9 0 25.436 7.7069
147 2020 2 9 0 27.994 12.179
148 2020 2 9 0 27.77 12.27
149 2020 2 9 0 26.13 9.4471
150 2020 2 9 0 25.927 9.2608
151 2020 2 9 0 29.057 15.55
152 2020 2 9 0 29.067 16.238
153 2020 2 9 0 29.047 15.423
154 2020 2 9 0 29.089 16.05
155 2020 2 9 0 29.136 16.418
156 2020 2 9 0 28.931 16.084
157 2020 2 9 0 28.964 15.979
158 2020 2 9 0 28.894 15.277
159 2020 2 9 0 29.113 16.094
160 2020 2 9 0 28.648 15.772
161 2020 2 9 0 28.912 12.006
162 2020 2 9 0 28.947 12.436
164 2020 2 9 0 28.807 12.173
165 2020 2 9 0 28.563 12.188
166 2020 2 9 0 28.647 12.51
167 2020 2 9 0 28.797 12.375
168 2020 2 9 0 29.187 12.271
169 2020 2 9 0 28.817 12.307
170 2020 2 9 0 28.847 12.31
171 2020 2 9 0 29.019 16.409
172 2020 2 9 0 29.076 16.642
173 2020 2 9 0 29.103 16.726
174 2020 2 9 0 27.733 13.984
175 2020 2 9 0 27.919 14.308
176 2020 2 9 0 27.506 13.306
177 2020 2 9 0 28.147 14.81
178 2020 2 9 0 27.957 14.357
179 2020 2 9 0 27.472 13.383
180 2020 2 9 0 28.117 14.724
181 2020 2 9 0 27.663 13.748
182 2020 2 9 0 29.312 16.39
183 2020 2 9 0 29.259 16.78
184 2020 2 9 0 29.596 16.913
185 2020 2 9 0 29.408 16.515
186 2020 2 9 0 29.69 16.224
187 2020 2 9 0 29.561 16.474
188 2020 2 9 0 28.441 15.244
189 2020 2 9 0 28.879 16.312
190 2020 2 9 0 28.743 16.029
191 2020 2 9 0 29.096 16.451
192 2020 2 9 0 29.087 16.627
195 2020 2 9 0 27.288 14.079
196 2020 2 9 0 27.269 13.794
197 2020 2 9 0 27.139 13.525
198 2020 2 9 0 27.192 13.414
199 2020 2 9 0 28.275 12.708
200 2020 2 9 0 27.963 12.7
201 2020 2 9 0 27.985 12.909
202 2020 2 9 0 28.126 12.878
203 2020 2 9 0 28.638 12.432
204 2020 2 9 0 27.655 12.729
205 2020 2 9 0 26.847 10.558
206 2020 2 9 0 27.733 12.32
207 2020 2 9 0 27.754 12.305
208 2020 2 9 0 27.592 11.669
209 2020 2 9 0 27.681 11.787
210 2020 2 9 0 27.571 13.458
211 2020 2 9 0 27.741 13.87
212 2020 2 9 0 27.64 13.642
213 2020 2 9 0 27.889 14.199
214 2020 2 9 0 28.037 14.517
215 2020 2 9 0 27.873 14.171
216 2020 2 9 0 29.745 14.006
217 2020 2 9 0 29.936 12.811
218 2020 2 9 0 29.516 14.342
219 2020 2 9 0 29.608 14.405
220 2020 2 9 0 29.513 14.199
221 2020 2 9 0 29.601 14.325
222 2020 2 9 0 29.443 13.814
223 2020 2 9 0 30.108 13.607
224 2020 2 9 0 29.983 14.406
225 2020 2 9 0 29.531 14.09
226 2020 2 9 0 29.765 14.391
227 2020 2 9 0 29.615 14.427
228 2020 2 9 0 29.668 14.349
229 2020 2 9 0 29.817 14.206
230 2020 2 9 0 29.782 14.255
231 2020 2 9 0 29.523 14.432
232 2020 2 9 0 29.801 14.235
233 2020 2 9 0 27.594 13.195
234 2020 2 9 0 27.832 12.432
235 2020 2 9 0 27.785 12.385
236 2020 2 9 0 27.714 13.007
237 2020 2 9 0 27.883 12.8
238 2020 2 9 0 27.694 12.724
239 2020 2 9 0 28.98 12.765
240 2020 2 9 0 29.884 14.079
241 2020 2 9 0 29.099 13.435
242 2020 2 9 0 29.712 14.137
243 2020 2 9 0 29.472 13.854
244 2020 2 9 0 29.628 13.613
245 2020 2 9 0 29.478 12.973
246 2020 2 9 0 29.305 13.536
247 2020 2 9 0 29.732 12.726
248 2020 2 9 0 29.317 12.078
249 2020 2 9 0 29.659 12.141
250 2020 2 9 0 29.059 12.106
251 2020 2 9 0 30.173 12.47
252 2020 2 9 0 29.221 12.267
0 2020 2 9 0 28.04 11.918
