1 2020 2 1 0 27.664 10.587
2 2020 2 1 0 27.043 10.965
3 2020 2 1 0 27.521 10.764
4 2020 2 1 0 27.483 10.592
5 2020 2 1 0 26.902 10.733
6 2020 2 1 0 26.967 10.875
7 2020 2 1 0 27.096 11.147
8 2020 2 1 0 27.4 10.63
9 2020 2 1 0 27.302 10.68
10 2020 2 1 0 26.96 10.779
11 2020 2 1 0 26.921 11.374
12 2020 2 1 0 26.955 11.532
13 2020 2 1 0 26.966 11.513
14 2020 2 1 0 27.032 11.491
15 2020 2 1 0 26.914 11.403
16 2020 2 1 0 26.933 11.386
17 2020 2 1 0 26.956 11.447
18 2020 2 1 0 27.077 11.487
19 2020 2 1 0 24.478 7.9261
20 2020 2 1 0 27.006 9.81
21 2020 2 1 0 24.597 8.1213
22 2020 2 1 0 24.537 8.0571
23 2020 2 1 0 25.068 8.2548
24 2020 2 1 0 26.214 9.2316
25 2020 2 1 0 24.821 8.258
26 2020 2 1 0 26.005 8.9586
27 2020 2 1 0 25.708 8.8603
28 2020 2 1 0 25.132 8.0852
29 2020 2 1 0 27.432 10.212
30 2020 2 1 0 26.361 9.6802
31 2020 2 1 0 25.505 8.1577
32 2020 2 1 0 27.261 10.476
33 2020 2 1 0 27.57 12.276
34 2020 2 1 0 27.287 11.953
35 2020 2 1 0 27.857 12.554
36 2020 2 1 0 27.973 12.392
37 2020 2 1 0 27.237 11.658
38 2020 2 1 0 27.764 12.591
39 2020 2 1 0 28.024 12.835
40 2020 2 1 0 27.65 11.981
41 2020 2 1 0 28.03 12.792
42 2020 2 1 0 27.58 11.921
43 2020 2 1 0 27.63 12.024
44 2020 2 1 0 27.583 11.995
45 2020 2 1 0 27.657 11.67
46 2020 2 1 0 27.57 11.961
47 2020 2 1 0 27.911 12.072
48 2020 2 1 0 27.959 11.969
49 2020 2 1 0 27.708 11.905
51 2020 2 1 0 27.551 10.678
52 2020 2 1 0 27.293 10.98
53 2020 2 1 0 27.683 10.506
54 2020 2 1 0 27.535 10.587
55 2020 2 1 0 26.258 12.899
56 2020 2 1 0 26.631 12.789
57 2020 2 1 0 26.537 13.039
58 2020 2 1 0 26.585 12.511
59 2020 2 1 0 26.719 12.846
60 2020 2 1 0 26.233 12.906
61 2020 2 1 0 27.913 12.854
62 2020 2 1 0 27.706 11.981
63 2020 2 1 0 28.06 12.611
64 2020 2 1 0 28.064 12.803
65 2020 2 1 0 28.71 12.167
66 2020 2 1 0 27.386 13.313
67 2020 2 1 0 27.926 12.938
68 2020 2 1 0 28.537 12.148
69 2020 2 1 0 27.965 12.917
70 2020 2 1 0 28.04 11.962
71 2020 2 1 0 26.205 12.596
72 2020 2 1 0 26.274 12.499
73 2020 2 1 0 26.677 11.911
74 2020 2 1 0 26.259 12.485
75 2020 2 1 0 26.347 12.413
76 2020 2 1 0 26.208 12.569
77 2020 2 1 0 26.202 12.619
78 2020 2 1 0 26.188 12.641
79 2020 2 1 0 26.212 12.56
80 2020 2 1 0 27.104 10.945
81 2020 2 1 0 27.264 11.054
82 2020 2 1 0 27.433 11.792
83 2020 2 1 0 27.264 11.391
84 2020 2 1 0 27.228 11.313
85 2020 2 1 0 27.087 11.3
86 2020 2 1 0 27.052 11.29
87 2020 2 1 0 27.242 11.085
88 2020 2 1 0 27.019 11.273
89 2020 2 1 0 27.239 11.58
90 2020 2 1 0 27.046 11.263
91 2020 2 1 0 27.56 10.25
92 2020 2 1 0 27.525 10.345
93 2020 2 1 0 27.682 10.514
94 2020 2 1 0 27.555 10.541
95 2020 2 1 0 25.941 8.7221
96 2020 2 1 0 25.211 8.4717
97 2020 2 1 0 26.507 9.0143
98 2020 2 1 0 26.21 9.3072
99 2020 2 1 0 26.998 10.152
100 2020 2 1 0 26.974 9.5969
102 2020 2 1 0 28.098 12.995
103 2020 2 1 0 27.768 12.801
104 2020 2 1 0 27.774 12.74
105 2020 2 1 0 28.235 13.236
106 2020 2 1 0 27.599 12.654
107 2020 2 1 0 28.128 12.811
109 2020 2 1 0 28.326 13.169
110 2020 2 1 0 28.381 12.855
111 2020 2 1 0 28.183 13.019
112 2020 2 1 0 28.522 13.244
113 2020 2 1 0 27.51 12.001
114 2020 2 1 0 27.628 12.042
115 2020 2 1 0 27.405 12.028
116 2020 2 1 0 27.443 12.147
117 2020 2 1 0 27.484 11.988
118 2020 2 1 0 27.898 12.079
119 2020 2 1 0 27.785 12.103
120 2020 2 1 0 26.313 9.117
121 2020 2 1 0 26.921 9.7369
122 2020 2 1 0 26.652 9.5917
123 2020 2 1 0 27.128 9.9061
124 2020 2 1 0 27.137 10.009
125 2020 2 1 0 27.397 10.31
126 2020 2 1 0 27.411 10.09
127 2020 2 1 0 25.623 8.5176
128 2020 2 1 0 25.903 8.4596
129 2020 2 1 0 26.875 13.226
130 2020 2 1 0 26.934 13.457
131 2020 2 1 0 26.768 13.292
132 2020 2 1 0 27.609 11.084
133 2020 2 1 0 27.522 12.937
134 2020 2 1 0 27.679 11.383
135 2020 2 1 0 27.1 12.819
136 2020 2 1 0 27.955 10.389
137 2020 2 1 0 27.612 12.197
138 2020 2 1 0 27.85 11.031
139 2020 2 1 0 27.219 12.072
140 2020 2 1 0 26.913 12.397
141 2020 2 1 0 27.02 13.057
142 2020 2 1 0 27.629 10.208
143 2020 2 1 0 26.628 10.411
144 2020 2 1 0 25.695 9.5663
145 2020 2 1 0 24.53 8.5514
146 2020 2 1 0 24.186 7.7226
147 2020 2 1 0 27.276 10.816
148 2020 2 1 0 27.151 10.99
149 2020 2 1 0 25.014 9.025
150 2020 2 1 0 24.794 8.9569
151 2020 2 1 0 28.052 12.424
152 2020 2 1 0 28.054 12.983
153 2020 2 1 0 28.065 12.35
154 2020 2 1 0 28.013 12.738
155 2020 2 1 0 28.088 13.11
156 2020 2 1 0 28.112 13
157 2020 2 1 0 28.069 12.826
158 2020 2 1 0 28.055 12.321
159 2020 2 1 0 28.016 12.751
160 2020 2 1 0 28.246 13.099
161 2020 2 1 0 27.302 10.619
162 2020 2 1 0 26.821 10.79
164 2020 2 1 0 27.291 10.864
165 2020 2 1 0 26.878 10.862
166 2020 2 1 0 26.857 10.947
167 2020 2 1 0 27.003 10.989
168 2020 2 1 0 26.951 10.698
169 2020 2 1 0 27.143 10.94
170 2020 2 1 0 26.924 10.857
171 2020 2 1 0 28.054 13.14
172 2020 2 1 0 28.074 13.418
173 2020 2 1 0 28.067 13.498
174 2020 2 1 0 27.164 11.846
175 2020 2 1 0 27.437 12.342
176 2020 2 1 0 27.374 11.821
177 2020 2 1 0 27.324 12.163
178 2020 2 1 0 27.093 11.763
179 2020 2 1 0 27.162 11.689
180 2020 2 1 0 27.506 12.472
181 2020 2 1 0 27.352 12.068
182 2020 2 1 0 28.701 13.031
183 2020 2 1 0 28.412 13.496
184 2020 2 1 0 28.603 13.62
185 2020 2 1 0 28.915 13.151
186 2020 2 1 0 28.886 12.987
187 2020 2 1 0 28.955 13.139
188 2020 2 1 0 28.204 13.424
189 2020 2 1 0 28.165 13.416
190 2020 2 1 0 28.188 13.438
191 2020 2 1 0 28.069 13.201
192 2020 2 1 0 28.094 13.432
195 2020 2 1 0 26.451 12.964
196 2020 2 1 0 26.432 12.763
197 2020 2 1 0 26.296 12.788
198 2020 2 1 0 26.324 12.706
199 2020 2 1 0 26.931 11.466
200 2020 2 1 0 26.694 11.845
201 2020 2 1 0 26.75 11.943
202 2020 2 1 0 26.96 11.948
203 2020 2 1 0 27.258 11.156
204 2020 2 1 0 27.29 11.354
205 2020 2 1 0 25.909 9.9146
206 2020 2 1 0 27.188 11.122
207 2020 2 1 0 27.262 11.233
208 2020 2 1 0 26.866 10.744
209 2020 2 1 0 26.962 10.82
210 2020 2 1 0 27.435 12.083
211 2020 2 1 0 27.487 12.298
212 2020 2 1 0 27.456 12.179
213 2020 2 1 0 27.513 12.451
214 2020 2 1 0 27.616 12.658
215 2020 2 1 0 27.527 12.455
216 2020 2 1 0 27.584 11.145
217 2020 2 1 0 27.903 10.438
218 2020 2 1 0 27.41 11.465
219 2020 2 1 0 27.771 11.649
220 2020 2 1 0 28.454 11.814
221 2020 2 1 0 28.212 11.816
222 2020 2 1 0 27.579 11.18
223 2020 2 1 0 27.826 10.877
224 2020 2 1 0 27.794 11.418
225 2020 2 1 0 28.468 11.7
226 2020 2 1 0 28.067 11.644
227 2020 2 1 0 28.31 11.97
228 2020 2 1 0 28.687 11.917
229 2020 2 1 0 29.026 11.726
230 2020 2 1 0 28.915 11.806
231 2020 2 1 0 28.368 12.045
232 2020 2 1 0 29.034 11.812
233 2020 2 1 0 27.536 11.817
234 2020 2 1 0 27.415 11.374
235 2020 2 1 0 27.348 11.334
236 2020 2 1 0 27.652 11.87
237 2020 2 1 0 27.677 11.692
238 2020 2 1 0 27.444 11.578
239 2020 2 1 0 27.223 10.398
240 2020 2 1 0 27.894 11.115
241 2020 2 1 0 27.823 10.688
242 2020 2 1 0 28.119 11.323
243 2020 2 1 0 28.254 11.187
244 2020 2 1 0 27.921 10.664
245 2020 2 1 0 27.636 10.291
246 2020 2 1 0 28.088 10.683
247 2020 2 1 0 27.529 10.274
248 2020 2 1 0 27.089 9.9966
249 2020 2 1 0 27.215 10.203
250 2020 2 1 0 26.916 10.24
251 2020 2 1 0 27.662 10.145
252 2020 2 1 0 26.993 10.459
0 2020 2 1 0 26.782 11.49
