1 2020 3 3 0 34.013 18.768
2 2020 3 3 0 33.569 18.554
3 2020 3 3 0 33.915 18.864
4 2020 3 3 0 33.861 18.709
5 2020 3 3 0 33.21 18.102
6 2020 3 3 0 33.011 18.328
7 2020 3 3 0 33.656 18.734
8 2020 3 3 0 33.771 18.731
9 2020 3 3 0 33.736 18.573
10 2020 3 3 0 33.446 18.496
11 2020 3 3 0 33.435 19.3
12 2020 3 3 0 33.197 19.312
13 2020 3 3 0 33.219 19.237
14 2020 3 3 0 33.311 19.039
15 2020 3 3 0 33.456 19.165
16 2020 3 3 0 33.55 19.094
17 2020 3 3 0 33.58 18.976
18 2020 3 3 0 33.516 19.404
19 2020 3 3 0 31.049 17.062
20 2020 3 3 0 33.089 18.031
21 2020 3 3 0 31.098 17.278
22 2020 3 3 0 31.144 17.194
23 2020 3 3 0 31.623 17.422
24 2020 3 3 0 32.55 17.879
25 2020 3 3 0 31.448 17.343
26 2020 3 3 0 32.319 17.804
27 2020 3 3 0 32.209 17.735
28 2020 3 3 0 31.66 17.249
29 2020 3 3 0 33.38 18.1
30 2020 3 3 0 32.91 18.097
31 2020 3 3 0 31.984 17.322
32 2020 3 3 0 33.644 18.454
33 2020 3 3 0 32.276 19.322
34 2020 3 3 0 32.578 19.275
35 2020 3 3 0 31.997 19.342
36 2020 3 3 0 31.795 19.134
37 2020 3 3 0 32.812 19.173
38 2020 3 3 0 32.099 19.548
39 2020 3 3 0 31.821 19.711
40 2020 3 3 0 32.182 19.098
41 2020 3 3 0 31.819 19.564
42 2020 3 3 0 33.7 19.175
43 2020 3 3 0 33.731 19.647
44 2020 3 3 0 33.659 19.459
45 2020 3 3 0 33.828 19.937
46 2020 3 3 0 33.635 19.274
47 2020 3 3 0 33.891 19.722
48 2020 3 3 0 33.955 19.904
49 2020 3 3 0 33.816 19.448
51 2020 3 3 0 33.936 19.018
52 2020 3 3 0 33.739 19.373
53 2020 3 3 0 34.033 18.749
54 2020 3 3 0 33.939 19.151
55 2020 3 3 0 29.23 19.548
56 2020 3 3 0 30.226 19.264
57 2020 3 3 0 29.176 19.623
58 2020 3 3 0 30.565 19.273
59 2020 3 3 0 29.784 19.272
60 2020 3 3 0 28.985 19.66
61 2020 3 3 0 30.213 19.288
62 2020 3 3 0 30.97 18.658
63 2020 3 3 0 30.418 19.107
64 2020 3 3 0 30.015 19.29
65 2020 3 3 0 30.266 18.781
66 2020 3 3 0 29.603 19.722
67 2020 3 3 0 29.941 19.398
68 2020 3 3 0 30.461 18.731
69 2020 3 3 0 30.072 19.372
70 2020 3 3 0 30.85 18.598
71 2020 3 3 0 29.477 19.893
72 2020 3 3 0 29.793 19.789
73 2020 3 3 0 31.49 19.175
74 2020 3 3 0 29.719 19.801
75 2020 3 3 0 30.112 19.692
76 2020 3 3 0 29.5 19.876
77 2020 3 3 0 29.458 19.906
78 2020 3 3 0 29.417 19.891
79 2020 3 3 0 29.506 19.873
80 2020 3 3 0 32.327 18.266
81 2020 3 3 0 33.774 18.921
82 2020 3 3 0 33.741 19.846
83 2020 3 3 0 33.678 19.625
84 2020 3 3 0 33.648 19.359
85 2020 3 3 0 33.556 19.289
86 2020 3 3 0 33.646 19.007
87 2020 3 3 0 33.703 19.072
88 2020 3 3 0 33.537 19.205
89 2020 3 3 0 33.622 19.562
90 2020 3 3 0 33.604 19.083
91 2020 3 3 0 33.898 18.578
92 2020 3 3 0 33.864 18.74
93 2020 3 3 0 34.02 18.734
94 2020 3 3 0 33.922 18.642
95 2020 3 3 0 32.388 17.761
96 2020 3 3 0 31.677 17.641
97 2020 3 3 0 32.918 17.837
98 2020 3 3 0 32.657 18.282
99 2020 3 3 0 33.437 18.973
100 2020 3 3 0 33.359 18.216
102 2020 3 3 0 31.954 19.881
103 2020 3 3 0 32.296 19.821
104 2020 3 3 0 32.147 19.75
105 2020 3 3 0 32.161 20.041
106 2020 3 3 0 32.395 19.747
107 2020 3 3 0 31.573 19.349
109 2020 3 3 0 30.971 19.417
110 2020 3 3 0 31.073 19.246
111 2020 3 3 0 31.219 19.386
112 2020 3 3 0 30.59 19.362
113 2020 3 3 0 33.672 19.624
114 2020 3 3 0 33.805 19.954
115 2020 3 3 0 33.446 19.505
116 2020 3 3 0 33.262 19.544
117 2020 3 3 0 33.688 19.722
118 2020 3 3 0 33.929 19.967
119 2020 3 3 0 33.925 20.19
120 2020 3 3 0 32.727 17.997
121 2020 3 3 0 33.296 18.376
122 2020 3 3 0 32.987 18.277
123 2020 3 3 0 33.135 18.079
124 2020 3 3 0 33.261 18.283
125 2020 3 3 0 33.596 18.564
126 2020 3 3 0 33.109 17.848
127 2020 3 3 0 32.075 17.652
128 2020 3 3 0 32.352 17.543
129 2020 3 3 0 29.424 19.925
130 2020 3 3 0 29.254 19.906
131 2020 3 3 0 29.292 19.923
132 2020 3 3 0 32.226 18.104
133 2020 3 3 0 29.981 19.351
134 2020 3 3 0 31.341 18.214
135 2020 3 3 0 29.932 19.202
136 2020 3 3 0 32.71 17.607
137 2020 3 3 0 30.68 18.779
138 2020 3 3 0 31.697 17.986
139 2020 3 3 0 30.899 18.693
140 2020 3 3 0 30.8 18.949
141 2020 3 3 0 29.566 19.515
142 2020 3 3 0 33.542 17.583
143 2020 3 3 0 33.166 19.689
144 2020 3 3 0 32.19 18.78
145 2020 3 3 0 31.001 17.713
146 2020 3 3 0 30.697 16.872
147 2020 3 3 0 33.776 19.781
148 2020 3 3 0 33.678 19.974
149 2020 3 3 0 31.485 18.216
150 2020 3 3 0 31.267 18.101
151 2020 3 3 0 31.697 19.12
152 2020 3 3 0 31.609 19.504
153 2020 3 3 0 31.652 19.06
154 2020 3 3 0 31.832 19.372
155 2020 3 3 0 31.411 19.501
156 2020 3 3 0 31.581 19.591
157 2020 3 3 0 31.762 19.49
158 2020 3 3 0 31.652 19.034
159 2020 3 3 0 31.823 19.377
160 2020 3 3 0 31.571 19.814
161 2020 3 3 0 33.365 18.283
162 2020 3 3 0 33.29 18.217
164 2020 3 3 0 33.193 18.194
165 2020 3 3 0 33.26 18.301
166 2020 3 3 0 33.363 18.339
167 2020 3 3 0 33.053 18.307
168 2020 3 3 0 33.284 18.147
169 2020 3 3 0 33.099 18.224
170 2020 3 3 0 33.264 18.274
171 2020 3 3 0 30.846 19.004
172 2020 3 3 0 30.926 19.403
173 2020 3 3 0 30.927 19.507
174 2020 3 3 0 33.073 19.409
175 2020 3 3 0 32.705 19.599
176 2020 3 3 0 33.667 19.709
177 2020 3 3 0 32.565 19.435
178 2020 3 3 0 32.919 19.312
179 2020 3 3 0 33.492 19.423
180 2020 3 3 0 32.417 19.618
181 2020 3 3 0 33.162 19.508
182 2020 3 3 0 30.417 19.186
183 2020 3 3 0 30.585 19.491
184 2020 3 3 0 30.426 19.385
185 2020 3 3 0 29.996 19.159
186 2020 3 3 0 29.941 19.116
187 2020 3 3 0 29.955 19.18
188 2020 3 3 0 32.555 20.157
189 2020 3 3 0 31.301 19.803
190 2020 3 3 0 31.676 19.927
191 2020 3 3 0 31.383 19.572
192 2020 3 3 0 31.15 19.667
195 2020 3 3 0 29.086 19.781
196 2020 3 3 0 29.18 19.909
197 2020 3 3 0 29.131 19.853
198 2020 3 3 0 29.259 19.92
199 2020 3 3 0 32.449 18.544
200 2020 3 3 0 31.871 18.894
201 2020 3 3 0 31.824 18.902
202 2020 3 3 0 31.637 18.766
203 2020 3 3 0 32.78 18.278
204 2020 3 3 0 33.725 19.982
205 2020 3 3 0 32.431 19.177
206 2020 3 3 0 33.696 20.12
207 2020 3 3 0 33.745 20.306
208 2020 3 3 0 33.421 20.063
209 2020 3 3 0 33.522 20.147
210 2020 3 3 0 33.324 19.491
211 2020 3 3 0 33.004 19.606
212 2020 3 3 0 33.211 19.563
213 2020 3 3 0 32.611 19.653
214 2020 3 3 0 32.444 19.759
215 2020 3 3 0 32.732 19.666
216 2020 3 3 0 32.107 18.177
217 2020 3 3 0 32.899 17.657
218 2020 3 3 0 31.389 18.278
219 2020 3 3 0 31.364 18.361
220 2020 3 3 0 31.07 18.276
221 2020 3 3 0 31.304 18.385
222 2020 3 3 0 31.651 18.107
223 2020 3 3 0 32.922 18.099
224 2020 3 3 0 32.433 18.528
225 2020 3 3 0 31.333 18.257
226 2020 3 3 0 31.858 18.477
227 2020 3 3 0 30.858 18.447
228 2020 3 3 0 30.592 18.438
229 2020 3 3 0 30.38 18.393
230 2020 3 3 0 30.414 18.458
231 2020 3 3 0 30.853 18.44
232 2020 3 3 0 30.296 18.505
233 2020 3 3 0 33.839 20.109
234 2020 3 3 0 33.791 20.244
235 2020 3 3 0 33.777 20.311
236 2020 3 3 0 33.905 20.342
237 2020 3 3 0 33.878 20.136
238 2020 3 3 0 33.822 20.316
239 2020 3 3 0 32.273 17.812
240 2020 3 3 0 32.389 18.331
241 2020 3 3 0 31.862 17.963
242 2020 3 3 0 31.888 18.302
243 2020 3 3 0 31.358 18.018
244 2020 3 3 0 32.067 17.961
245 2020 3 3 0 32.26 17.688
246 2020 3 3 0 31.482 17.812
247 2020 3 3 0 32.827 17.651
248 2020 3 3 0 32.745 17.433
249 2020 3 3 0 33.452 17.641
250 2020 3 3 0 32.953 17.658
251 2020 3 3 0 33.543 17.52
252 2020 3 3 0 33.282 17.883
0 2020 3 3 0 31.56 18.92
