1 2020 5 17 0 40.78 27.13
2 2020 5 17 0 39.726 26.639
3 2020 5 17 0 40.934 27.179
4 2020 5 17 0 39.923 26.543
5 2020 5 17 0 39.24 26.4
6 2020 5 17 0 39.786 26.774
7 2020 5 17 0 40.35 26.972
8 2020 5 17 0 39.661 26.296
9 2020 5 17 0 39.86 26.701
10 2020 5 17 0 39.146 26.268
11 2020 5 17 0 40.984 27.366
12 2020 5 17 0 40.76 27.427
13 2020 5 17 0 40.71 27.351
14 2020 5 17 0 40.618 27.228
15 2020 5 17 0 40.849 27.278
16 2020 5 17 0 40.88 27.257
17 2020 5 17 0 40.798 27.22
18 2020 5 17 0 41.2 27.581
19 2020 5 17 0 40.991 26.94
20 2020 5 17 0 39.431 26.137
21 2020 5 17 0 40.838 26.75
22 2020 5 17 0 40.624 26.846
23 2020 5 17 0 39.768 26.062
24 2020 5 17 0 39.47 26.006
25 2020 5 17 0 40.13 26.668
26 2020 5 17 0 39.144 25.561
27 2020 5 17 0 39.607 26.146
28 2020 5 17 0 40.57 26.268
29 2020 5 17 0 39.341 26.387
30 2020 5 17 0 40.173 26.738
31 2020 5 17 0 40.697 26.058
32 2020 5 17 0 40.239 26.93
33 2020 5 17 0 40.305 27.755
34 2020 5 17 0 40.348 27.58
35 2020 5 17 0 40.177 27.86
36 2020 5 17 0 40.073 27.686
37 2020 5 17 0 40.347 27.332
38 2020 5 17 0 40.523 28.112
39 2020 5 17 0 40.471 28.382
40 2020 5 17 0 40.147 27.47
41 2020 5 17 0 40.226 28.18
42 2020 5 17 0 41.164 28.156
43 2020 5 17 0 41.258 28.429
44 2020 5 17 0 41.157 28.343
45 2020 5 17 0 41.65 28.325
46 2020 5 17 0 41.095 28.212
47 2020 5 17 0 41.323 28.432
48 2020 5 17 0 41.481 28.426
49 2020 5 17 0 41.359 28.253
51 2020 5 17 0 41.065 27.243
52 2020 5 17 0 41.647 27.41
53 2020 5 17 0 40.608 27.081
54 2020 5 17 0 41.096 27.291
55 2020 5 17 0 34.894 26.443
56 2020 5 17 0 35.824 26.31
57 2020 5 17 0 34.469 26.415
58 2020 5 17 0 35.98 26.337
59 2020 5 17 0 35 26.339
60 2020 5 17 0 34.441 26.46
61 2020 5 17 0 33.288 20.379
62 2020 5 17 0 35.013 26.186
63 2020 5 17 0 34.628 26.318
64 2020 5 17 0 33.684 20.256
65 2020 5 17 0 34.462 19.683
66 2020 5 17 0 32.942 20.678
67 2020 5 17 0 33.525 20.37
68 2020 5 17 0 34.471 19.63
69 2020 5 17 0 33.508 20.386
70 2020 5 17 0 34.34 19.494
71 2020 5 17 0 32.044 20.16
72 2020 5 17 0 35.368 26.616
73 2020 5 17 0 36.454 26.344
74 2020 5 17 0 35.3 26.633
75 2020 5 17 0 35.546 26.575
76 2020 5 17 0 35.156 26.669
77 2020 5 17 0 32.019 20.175
78 2020 5 17 0 31.944 20.159
79 2020 5 17 0 35.161 26.667
80 2020 5 17 0 37.162 26.098
81 2020 5 17 0 40.869 27.2
82 2020 5 17 0 41.472 27.96
83 2020 5 17 0 41.844 27.622
84 2020 5 17 0 41.665 27.469
85 2020 5 17 0 41.465 27.385
86 2020 5 17 0 40.886 27.234
87 2020 5 17 0 41.222 27.271
88 2020 5 17 0 41.16 27.303
89 2020 5 17 0 41.426 27.716
90 2020 5 17 0 40.96 27.256
91 2020 5 17 0 40.461 26.819
92 2020 5 17 0 40.145 26.449
93 2020 5 17 0 40.281 26.76
94 2020 5 17 0 40.14 26.79
95 2020 5 17 0 40.786 26.296
96 2020 5 17 0 40.779 26.373
97 2020 5 17 0 40.456 26.181
98 2020 5 17 0 40.942 26.69
99 2020 5 17 0 41.157 27.135
100 2020 5 17 0 40.654 26.63
102 2020 5 17 0 40.642 28.601
103 2020 5 17 0 41.296 28.51
104 2020 5 17 0 41.103 28.422
105 2020 5 17 0 40.504 28.77
106 2020 5 17 0 41.545 28.427
107 2020 5 17 0 35.787 20.717
109 2020 5 17 0 35.057 20.918
110 2020 5 17 0 35.421 20.599
111 2020 5 17 0 40.087 27.868
112 2020 5 17 0 34.752 20.876
113 2020 5 17 0 41.24 28.405
114 2020 5 17 0 41.35 28.326
115 2020 5 17 0 41.235 28.384
116 2020 5 17 0 41.296 28.414
117 2020 5 17 0 41.265 28.338
118 2020 5 17 0 41.398 28.418
119 2020 5 17 0 41.427 28.338
120 2020 5 17 0 39.801 25.843
121 2020 5 17 0 39.961 26.142
122 2020 5 17 0 39.46 25.81
123 2020 5 17 0 39.033 25.897
124 2020 5 17 0 39.124 25.879
125 2020 5 17 0 39.392 26.039
126 2020 5 17 0 38.468 25.961
127 2020 5 17 0 39.457 25.469
128 2020 5 17 0 40.163 25.748
129 2020 5 17 0 32.38 20.597
130 2020 5 17 0 32.47 20.759
131 2020 5 17 0 32.255 20.626
132 2020 5 17 0 37.608 25.853
133 2020 5 17 0 32.786 20.44
134 2020 5 17 0 36.212 25.945
135 2020 5 17 0 34.991 26.259
136 2020 5 17 0 37.966 25.682
137 2020 5 17 0 35.131 26.196
138 2020 5 17 0 36.888 25.82
139 2020 5 17 0 36.159 26.1
140 2020 5 17 0 36.323 26.182
141 2020 5 17 0 32.249 20.493
142 2020 5 17 0 39.012 25.689
143 2020 5 17 0 41.781 27.53
144 2020 5 17 0 41.255 27.092
145 2020 5 17 0 40.776 26.811
146 2020 5 17 0 40.776 26.874
147 2020 5 17 0 41.745 27.558
148 2020 5 17 0 42.035 27.673
149 2020 5 17 0 40.926 26.841
150 2020 5 17 0 40.871 26.879
151 2020 5 17 0 40.04 27.705
152 2020 5 17 0 39.707 28.098
153 2020 5 17 0 40.021 27.651
154 2020 5 17 0 40.063 27.936
155 2020 5 17 0 39.599 28.085
156 2020 5 17 0 39.81 28.221
157 2020 5 17 0 40.068 28.09
158 2020 5 17 0 40.023 27.623
159 2020 5 17 0 40.042 27.941
160 2020 5 17 0 40.001 28.527
161 2020 5 17 0 38.898 25.956
162 2020 5 17 0 38.885 26.142
164 2020 5 17 0 38.558 25.878
165 2020 5 17 0 38.715 26.032
166 2020 5 17 0 38.992 26.247
167 2020 5 17 0 38.415 25.952
168 2020 5 17 0 38.737 25.94
169 2020 5 17 0 38.471 25.913
170 2020 5 17 0 38.72 26.026
171 2020 5 17 0 34.54 21.016
172 2020 5 17 0 38.683 28.402
173 2020 5 17 0 34.508 21.319
174 2020 5 17 0 40.931 27.798
175 2020 5 17 0 41.289 28.228
176 2020 5 17 0 41.305 28.051
177 2020 5 17 0 40.711 27.855
178 2020 5 17 0 40.613 27.549
179 2020 5 17 0 41.073 27.889
180 2020 5 17 0 41.154 28.192
181 2020 5 17 0 41.21 28.207
182 2020 5 17 0 34.867 20.58
183 2020 5 17 0 34.438 21.155
184 2020 5 17 0 34.139 21.277
185 2020 5 17 0 34.496 20.579
186 2020 5 17 0 34.499 20.366
187 2020 5 17 0 34.458 20.561
188 2020 5 17 0 40.765 28.934
189 2020 5 17 0 39.296 28.485
190 2020 5 17 0 39.639 28.615
191 2020 5 17 0 39.346 28.195
192 2020 5 17 0 39.167 28.304
195 2020 5 17 0 31.7 20.395
196 2020 5 17 0 31.762 20.362
197 2020 5 17 0 31.63 20.275
198 2020 5 17 0 31.825 20.295
199 2020 5 17 0 37.596 25.989
200 2020 5 17 0 36.808 26.173
201 2020 5 17 0 36.941 26.144
202 2020 5 17 0 37.094 26.102
203 2020 5 17 0 38.146 25.911
204 2020 5 17 0 41.899 27.832
205 2020 5 17 0 41.502 27.423
206 2020 5 17 0 42.041 27.862
207 2020 5 17 0 41.992 28.129
208 2020 5 17 0 41.998 28.014
209 2020 5 17 0 42.067 27.938
210 2020 5 17 0 41.217 28.368
211 2020 5 17 0 41.383 28.418
212 2020 5 17 0 41.311 28.419
213 2020 5 17 0 41.482 28.375
214 2020 5 17 0 41.533 28.45
215 2020 5 17 0 41.476 28.417
216 2020 5 17 0 36.133 26.018
217 2020 5 17 0 37.889 25.731
218 2020 5 17 0 35.334 26.058
219 2020 5 17 0 35.786 26.184
220 2020 5 17 0 35.67 19.096
221 2020 5 17 0 36.504 26.229
222 2020 5 17 0 35.819 25.987
223 2020 5 17 0 37.496 25.961
224 2020 5 17 0 36.352 26.12
225 2020 5 17 0 37.58 26.261
226 2020 5 17 0 36.639 26.185
227 2020 5 17 0 36.153 26.289
228 2020 5 17 0 35.093 19.19
229 2020 5 17 0 35.142 19.161
230 2020 5 17 0 35.003 19.256
231 2020 5 17 0 35.167 19.193
232 2020 5 17 0 34.925 19.331
233 2020 5 17 0 41.63 28.025
234 2020 5 17 0 41.898 28.25
235 2020 5 17 0 41.931 28.22
236 2020 5 17 0 41.618 28.28
237 2020 5 17 0 41.69 28.332
238 2020 5 17 0 41.792 28.162
239 2020 5 17 0 39.61 26.741
240 2020 5 17 0 37.422 26.281
241 2020 5 17 0 39.752 26.86
242 2020 5 17 0 37.477 26.341
243 2020 5 17 0 37.993 26.516
244 2020 5 17 0 38.587 26.499
245 2020 5 17 0 39.191 26.503
246 2020 5 17 0 39.178 26.779
247 2020 5 17 0 38.926 26.214
248 2020 5 17 0 39.359 26.357
249 2020 5 17 0 39.271 25.955
250 2020 5 17 0 39.269 26.337
251 2020 5 17 0 39.088 25.835
252 2020 5 17 0 39.122 26.124
0 2020 5 17 0 37.1 26.286
