1 2020 4 13 0 42.802 24.926
2 2020 4 13 0 42.199 24.894
3 2020 4 13 0 42.747 25.019
4 2020 4 13 0 42.573 25.021
5 2020 4 13 0 41.702 24.769
6 2020 4 13 0 41.567 24.916
7 2020 4 13 0 42.383 25.005
8 2020 4 13 0 42.464 25.086
9 2020 4 13 0 42.413 24.806
10 2020 4 13 0 42.066 24.81
11 2020 4 13 0 42.221 25.146
12 2020 4 13 0 41.89 25.33
13 2020 4 13 0 41.906 25.345
14 2020 4 13 0 42.034 25.276
15 2020 4 13 0 42.235 25.158
16 2020 4 13 0 42.363 25.121
17 2020 4 13 0 42.401 25.131
18 2020 4 13 0 42.331 25.159
19 2020 4 13 0 40.163 23.886
20 2020 4 13 0 41.536 24.712
21 2020 4 13 0 40.16 23.401
22 2020 4 13 0 40.092 24.255
23 2020 4 13 0 40.399 24.262
24 2020 4 13 0 41.095 24.675
25 2020 4 13 0 40.06 24.599
26 2020 4 13 0 40.979 24.197
27 2020 4 13 0 40.76 24.79
28 2020 4 13 0 40.806 23.835
29 2020 4 13 0 41.567 24.845
30 2020 4 13 0 41.374 25.591
31 2020 4 13 0 41.26 23.532
32 2020 4 13 0 41.977 25.856
33 2020 4 13 0 40.923 25.971
34 2020 4 13 0 41.087 25.911
35 2020 4 13 0 40.754 26.085
36 2020 4 13 0 40.15 25.798
37 2020 4 13 0 41.346 25.628
38 2020 4 13 0 41.132 25.779
39 2020 4 13 0 41.015 25.671
40 2020 4 13 0 40.448 25.653
41 2020 4 13 0 40.832 25.971
42 2020 4 13 0 41.993 24.112
43 2020 4 13 0 42.405 24.909
44 2020 4 13 0 42.322 24.712
45 2020 4 13 0 42.265 24.74
46 2020 4 13 0 42.153 24.408
47 2020 4 13 0 42.324 24.944
48 2020 4 13 0 42.322 24.997
49 2020 4 13 0 42.041 24.324
51 2020 4 13 0 42.793 25.006
52 2020 4 13 0 42.745 25.254
53 2020 4 13 0 42.786 24.858
54 2020 4 13 0 42.799 24.939
55 2020 4 13 0 35.691 24.342
56 2020 4 13 0 36.859 24.647
57 2020 4 13 0 35.968 24.388
58 2020 4 13 0 37.223 24.483
59 2020 4 13 0 36.578 24.596
60 2020 4 13 0 35.584 24.265
61 2020 4 13 0 33.288 20.379
62 2020 4 13 0 39.485 24.177
63 2020 4 13 0 38.359 24.337
64 2020 4 13 0 33.684 20.256
65 2020 4 13 0 34.462 19.683
66 2020 4 13 0 32.942 20.678
67 2020 4 13 0 33.525 20.37
68 2020 4 13 0 34.471 19.63
69 2020 4 13 0 33.508 20.386
70 2020 4 13 0 34.34 19.494
71 2020 4 13 0 32.044 20.16
72 2020 4 13 0 36.216 24.25
73 2020 4 13 0 38.372 24.292
74 2020 4 13 0 36.089 24.227
75 2020 4 13 0 36.573 24.267
76 2020 4 13 0 35.806 24.218
77 2020 4 13 0 32.019 20.175
78 2020 4 13 0 31.944 20.159
79 2020 4 13 0 35.818 24.215
80 2020 4 13 0 39.407 23.931
81 2020 4 13 0 42.597 25.051
82 2020 4 13 0 42.418 25.212
83 2020 4 13 0 42.608 25.381
84 2020 4 13 0 42.601 25.377
85 2020 4 13 0 42.486 25.323
86 2020 4 13 0 42.474 25.102
87 2020 4 13 0 42.6 25.198
88 2020 4 13 0 42.398 25.213
89 2020 4 13 0 42.426 25.231
90 2020 4 13 0 42.433 25.129
91 2020 4 13 0 42.68 24.809
92 2020 4 13 0 42.634 25.096
93 2020 4 13 0 42.752 25.014
94 2020 4 13 0 42.629 24.875
95 2020 4 13 0 41.582 23.667
96 2020 4 13 0 40.85 23.291
97 2020 4 13 0 41.993 24.075
98 2020 4 13 0 41.74 23.962
99 2020 4 13 0 42.403 24.598
100 2020 4 13 0 42.329 24.345
102 2020 4 13 0 41.169 25.534
103 2020 4 13 0 41.812 25.133
104 2020 4 13 0 41.618 25.253
105 2020 4 13 0 41.06 25.707
106 2020 4 13 0 42.066 24.957
107 2020 4 13 0 35.787 20.717
109 2020 4 13 0 35.057 20.918
110 2020 4 13 0 35.421 20.599
111 2020 4 13 0 40.566 26.097
112 2020 4 13 0 34.752 20.876
113 2020 4 13 0 42.419 24.885
114 2020 4 13 0 42.377 25.048
115 2020 4 13 0 42.396 24.848
116 2020 4 13 0 42.351 24.84
117 2020 4 13 0 42.404 24.943
118 2020 4 13 0 42.351 25.079
119 2020 4 13 0 42.342 25.139
120 2020 4 13 0 41.614 24.289
121 2020 4 13 0 42.119 24.701
122 2020 4 13 0 41.714 24.603
123 2020 4 13 0 41.611 24.33
124 2020 4 13 0 41.869 24.416
125 2020 4 13 0 42.269 24.71
126 2020 4 13 0 41.026 24.031
127 2020 4 13 0 40.964 23.956
128 2020 4 13 0 41.475 23.794
129 2020 4 13 0 32.38 20.597
130 2020 4 13 0 32.47 20.759
131 2020 4 13 0 32.255 20.626
132 2020 4 13 0 39.789 23.988
133 2020 4 13 0 32.786 20.44
134 2020 4 13 0 39.174 23.896
135 2020 4 13 0 37.521 24.511
136 2020 4 13 0 41.112 23.641
137 2020 4 13 0 38.484 24.269
138 2020 4 13 0 39.338 23.683
139 2020 4 13 0 38.059 24.354
140 2020 4 13 0 37.722 24.581
141 2020 4 13 0 32.249 20.493
142 2020 4 13 0 42.661 24.089
143 2020 4 13 0 42.207 24.627
144 2020 4 13 0 41.23 23.826
145 2020 4 13 0 39.986 23.073
146 2020 4 13 0 39.647 23.326
147 2020 4 13 0 42.797 25.111
148 2020 4 13 0 42.742 25.203
149 2020 4 13 0 40.511 23.263
150 2020 4 13 0 40.244 23.118
151 2020 4 13 0 40.036 25.777
152 2020 4 13 0 40.213 26.217
153 2020 4 13 0 39.855 25.668
154 2020 4 13 0 40.657 26.184
155 2020 4 13 0 40.077 26.253
156 2020 4 13 0 40.317 26.107
157 2020 4 13 0 40.665 26.114
158 2020 4 13 0 39.793 25.627
159 2020 4 13 0 40.651 26.203
160 2020 4 13 0 40.488 25.871
161 2020 4 13 0 41.752 24.492
162 2020 4 13 0 41.877 24.718
164 2020 4 13 0 41.093 24.358
165 2020 4 13 0 41.637 24.631
166 2020 4 13 0 41.835 24.829
167 2020 4 13 0 41.101 24.498
168 2020 4 13 0 41.894 24.504
169 2020 4 13 0 41.037 24.413
170 2020 4 13 0 41.595 24.607
171 2020 4 13 0 34.54 21.016
172 2020 4 13 0 38.837 26.315
173 2020 4 13 0 34.508 21.319
174 2020 4 13 0 41.934 25.255
175 2020 4 13 0 42.009 25.099
176 2020 4 13 0 42.384 25.074
177 2020 4 13 0 41.405 25.682
178 2020 4 13 0 41.549 25.612
179 2020 4 13 0 42.298 24.996
180 2020 4 13 0 41.731 25.302
181 2020 4 13 0 42.224 24.971
182 2020 4 13 0 34.867 20.58
183 2020 4 13 0 34.438 21.155
184 2020 4 13 0 34.139 21.277
185 2020 4 13 0 34.496 20.579
186 2020 4 13 0 34.499 20.366
187 2020 4 13 0 34.458 20.561
188 2020 4 13 0 41.359 25.893
189 2020 4 13 0 39.594 26.101
190 2020 4 13 0 40.011 26.01
191 2020 4 13 0 39.725 26.249
192 2020 4 13 0 39.468 26.225
195 2020 4 13 0 31.7 20.395
196 2020 4 13 0 31.762 20.362
197 2020 4 13 0 31.63 20.275
198 2020 4 13 0 31.825 20.295
199 2020 4 13 0 39.975 24.502
200 2020 4 13 0 39.023 24.478
201 2020 4 13 0 39.012 24.553
202 2020 4 13 0 38.754 24.509
203 2020 4 13 0 40.386 24.349
204 2020 4 13 0 42.562 25.197
205 2020 4 13 0 41.344 23.909
206 2020 4 13 0 42.595 25.063
207 2020 4 13 0 42.381 24.787
208 2020 4 13 0 42.103 24.398
209 2020 4 13 0 42.35 24.671
210 2020 4 13 0 42.34 24.768
211 2020 4 13 0 42.276 24.862
212 2020 4 13 0 42.336 24.83
213 2020 4 13 0 42.134 24.829
214 2020 4 13 0 42.076 24.944
215 2020 4 13 0 42.196 24.901
216 2020 4 13 0 41.503 24.107
217 2020 4 13 0 41.975 23.845
218 2020 4 13 0 40.836 24.046
219 2020 4 13 0 40.829 24.089
220 2020 4 13 0 35.67 19.096
221 2020 4 13 0 40.632 24.004
222 2020 4 13 0 40.525 23.926
223 2020 4 13 0 42.482 24.222
224 2020 4 13 0 42.063 24.351
225 2020 4 13 0 40.808 23.912
226 2020 4 13 0 41.406 24.174
227 2020 4 13 0 40.019 23.929
228 2020 4 13 0 35.093 19.19
229 2020 4 13 0 35.142 19.161
230 2020 4 13 0 35.003 19.256
231 2020 4 13 0 35.167 19.193
232 2020 4 13 0 34.925 19.331
233 2020 4 13 0 42.426 25.247
234 2020 4 13 0 42.33 24.755
235 2020 4 13 0 42.328 24.746
236 2020 4 13 0 42.326 25.047
237 2020 4 13 0 42.333 24.913
238 2020 4 13 0 42.367 24.97
239 2020 4 13 0 40.544 24.376
240 2020 4 13 0 41.591 24.168
241 2020 4 13 0 39.745 24.091
242 2020 4 13 0 41.077 24.028
243 2020 4 13 0 40.21 23.758
244 2020 4 13 0 40.608 23.821
245 2020 4 13 0 40.687 23.868
246 2020 4 13 0 39.52 23.677
247 2020 4 13 0 41.833 24.107
248 2020 4 13 0 41.494 24.221
249 2020 4 13 0 42.582 24.355
250 2020 4 13 0 41.601 24.467
251 2020 4 13 0 43.082 24.174
252 2020 4 13 0 42.075 24.537
0 2020 4 13 0 39.093 24.243
