1 2020 4 25 0 39.014 25.518
2 2020 4 25 0 38.332 25.31
3 2020 4 25 0 39.178 25.544
4 2020 4 25 0 38.251 25.26
5 2020 4 25 0 38.114 24.929
6 2020 4 25 0 38.522 24.855
7 2020 4 25 0 38.981 25.473
8 2020 4 25 0 38.039 25.168
9 2020 4 25 0 38.254 25.307
10 2020 4 25 0 37.588 25.086
11 2020 4 25 0 39.307 25.696
12 2020 4 25 0 38.847 25.451
13 2020 4 25 0 38.892 25.401
14 2020 4 25 0 39.069 25.364
15 2020 4 25 0 39.293 25.617
16 2020 4 25 0 39.404 25.646
17 2020 4 25 0 39.422 25.586
18 2020 4 25 0 39.434 25.769
19 2020 4 25 0 37.781 23.811
20 2020 4 25 0 37.477 24.981
21 2020 4 25 0 37.654 23.609
22 2020 4 25 0 37.48 23.875
23 2020 4 25 0 36.882 23.569
24 2020 4 25 0 37.112 24.305
25 2020 4 25 0 37.08 23.894
26 2020 4 25 0 36.786 23.849
27 2020 4 25 0 36.978 24.056
28 2020 4 25 0 37.629 23.597
29 2020 4 25 0 37.702 25.451
30 2020 4 25 0 37.722 24.882
31 2020 4 25 0 37.862 23.503
32 2020 4 25 0 38.225 25.627
33 2020 4 25 0 37.556 24.878
34 2020 4 25 0 37.813 24.759
35 2020 4 25 0 37.293 24.944
36 2020 4 25 0 37.138 24.821
37 2020 4 25 0 38.327 24.913
38 2020 4 25 0 37.687 25.282
39 2020 4 25 0 37.591 25.528
40 2020 4 25 0 37.581 24.754
41 2020 4 25 0 37.321 25.246
42 2020 4 25 0 38.673 25.624
43 2020 4 25 0 39.388 26.071
44 2020 4 25 0 39.163 25.932
45 2020 4 25 0 39.395 25.841
46 2020 4 25 0 38.875 25.754
47 2020 4 25 0 39.474 26.176
48 2020 4 25 0 39.582 26.168
49 2020 4 25 0 38.961 25.775
51 2020 4 25 0 39.131 25.46
52 2020 4 25 0 39.532 25.464
53 2020 4 25 0 38.823 25.455
54 2020 4 25 0 39.021 25.349
55 2020 4 25 0 33.725 25.643
56 2020 4 25 0 34.649 25.604
57 2020 4 25 0 33.375 25.496
58 2020 4 25 0 34.878 25.614
59 2020 4 25 0 33.844 25.443
60 2020 4 25 0 33.335 25.575
61 2020 4 25 0 33.288 20.379
62 2020 4 25 0 34.41 24.645
63 2020 4 25 0 34.138 24.943
64 2020 4 25 0 33.684 20.256
65 2020 4 25 0 34.462 19.683
66 2020 4 25 0 32.942 20.678
67 2020 4 25 0 33.525 20.37
68 2020 4 25 0 34.471 19.63
69 2020 4 25 0 33.508 20.386
70 2020 4 25 0 34.34 19.494
71 2020 4 25 0 32.044 20.16
72 2020 4 25 0 34.445 25.746
73 2020 4 25 0 35.502 25.602
74 2020 4 25 0 34.385 25.751
75 2020 4 25 0 34.619 25.729
76 2020 4 25 0 34.246 25.77
77 2020 4 25 0 32.019 20.175
78 2020 4 25 0 31.944 20.159
79 2020 4 25 0 34.252 25.768
80 2020 4 25 0 36.249 25.309
81 2020 4 25 0 39.286 25.586
82 2020 4 25 0 39.68 26.008
83 2020 4 25 0 39.828 25.709
84 2020 4 25 0 39.765 25.704
85 2020 4 25 0 39.636 25.677
86 2020 4 25 0 39.398 25.619
87 2020 4 25 0 39.46 25.611
88 2020 4 25 0 39.457 25.656
89 2020 4 25 0 39.612 25.847
90 2020 4 25 0 39.386 25.634
91 2020 4 25 0 38.632 25.24
92 2020 4 25 0 38.358 25.12
93 2020 4 25 0 38.572 25.369
94 2020 4 25 0 38.451 25.36
95 2020 4 25 0 38.115 23.854
96 2020 4 25 0 37.828 23.57
97 2020 4 25 0 38.106 24.155
98 2020 4 25 0 38.335 24.245
99 2020 4 25 0 38.797 24.908
100 2020 4 25 0 38.489 24.69
102 2020 4 25 0 37.878 25.757
103 2020 4 25 0 38.518 25.948
104 2020 4 25 0 38.265 25.816
105 2020 4 25 0 37.974 25.792
106 2020 4 25 0 38.735 26.006
107 2020 4 25 0 35.787 20.717
109 2020 4 25 0 35.057 20.918
110 2020 4 25 0 35.421 20.599
111 2020 4 25 0 37.094 24.899
112 2020 4 25 0 34.752 20.876
113 2020 4 25 0 39.345 26.017
114 2020 4 25 0 39.56 26.148
115 2020 4 25 0 39.194 25.938
116 2020 4 25 0 39.108 25.952
117 2020 4 25 0 39.405 26.032
118 2020 4 25 0 39.629 26.247
119 2020 4 25 0 39.702 26.267
120 2020 4 25 0 37.468 23.981
121 2020 4 25 0 37.903 24.551
122 2020 4 25 0 37.402 24.346
123 2020 4 25 0 37.463 25.051
124 2020 4 25 0 37.636 25.037
125 2020 4 25 0 37.975 25.2
126 2020 4 25 0 37.273 25.227
127 2020 4 25 0 36.843 23.375
128 2020 4 25 0 37.564 23.557
129 2020 4 25 0 32.38 20.597
130 2020 4 25 0 32.47 20.759
131 2020 4 25 0 32.255 20.626
132 2020 4 25 0 36.739 24.703
133 2020 4 25 0 32.786 20.44
134 2020 4 25 0 35.46 24.518
135 2020 4 25 0 34.038 25.121
136 2020 4 25 0 37.203 24.225
137 2020 4 25 0 34.415 24.849
138 2020 4 25 0 36.191 24.399
139 2020 4 25 0 35.142 25.063
140 2020 4 25 0 35.192 25.376
141 2020 4 25 0 32.249 20.493
142 2020 4 25 0 37.86 24.45
143 2020 4 25 0 38.972 24.778
144 2020 4 25 0 38.31 24.185
145 2020 4 25 0 37.578 23.593
146 2020 4 25 0 37.401 23.492
147 2020 4 25 0 39.293 25.216
148 2020 4 25 0 39.5 25.244
149 2020 4 25 0 37.858 23.785
150 2020 4 25 0 37.738 23.728
151 2020 4 25 0 37.032 24.799
152 2020 4 25 0 36.868 25.094
153 2020 4 25 0 37.003 24.76
154 2020 4 25 0 37.11 24.972
155 2020 4 25 0 36.784 25.071
156 2020 4 25 0 36.963 25.225
157 2020 4 25 0 37.142 25.126
158 2020 4 25 0 37.02 24.76
159 2020 4 25 0 37.083 24.959
160 2020 4 25 0 37.199 25.519
161 2020 4 25 0 37.627 24.953
162 2020 4 25 0 37.559 24.959
164 2020 4 25 0 37.456 24.951
165 2020 4 25 0 37.355 24.968
166 2020 4 25 0 37.724 25.124
167 2020 4 25 0 37.159 24.951
168 2020 4 25 0 37.348 24.824
169 2020 4 25 0 37.289 24.924
170 2020 4 25 0 37.399 24.969
171 2020 4 25 0 34.54 21.016
172 2020 4 25 0 36.217 25.349
173 2020 4 25 0 34.508 21.319
174 2020 4 25 0 38.775 25.539
175 2020 4 25 0 38.721 25.777
176 2020 4 25 0 39.495 25.972
177 2020 4 25 0 38.059 25.13
178 2020 4 25 0 38.36 25.12
179 2020 4 25 0 39.254 25.821
180 2020 4 25 0 38.385 25.614
181 2020 4 25 0 39.016 25.846
182 2020 4 25 0 34.867 20.58
183 2020 4 25 0 34.438 21.155
184 2020 4 25 0 34.139 21.277
185 2020 4 25 0 34.496 20.579
186 2020 4 25 0 34.499 20.366
187 2020 4 25 0 34.458 20.561
188 2020 4 25 0 38.337 26.032
189 2020 4 25 0 36.701 25.448
190 2020 4 25 0 37.16 25.587
191 2020 4 25 0 36.622 25.17
192 2020 4 25 0 36.51 25.268
195 2020 4 25 0 31.7 20.395
196 2020 4 25 0 31.762 20.362
197 2020 4 25 0 31.63 20.275
198 2020 4 25 0 31.825 20.295
199 2020 4 25 0 36.497 25.112
200 2020 4 25 0 35.752 25.376
201 2020 4 25 0 35.855 25.337
202 2020 4 25 0 35.994 25.31
203 2020 4 25 0 37.085 24.98
204 2020 4 25 0 39.672 25.621
205 2020 4 25 0 38.515 24.427
206 2020 4 25 0 39.518 25.369
207 2020 4 25 0 39.459 25.515
208 2020 4 25 0 39.144 25.114
209 2020 4 25 0 39.25 25.119
210 2020 4 25 0 39.084 25.906
211 2020 4 25 0 39.003 25.971
212 2020 4 25 0 39.08 25.956
213 2020 4 25 0 38.825 25.93
214 2020 4 25 0 38.753 26.006
215 2020 4 25 0 38.898 25.992
216 2020 4 25 0 35.36 24.346
217 2020 4 25 0 37.047 24.249
218 2020 4 25 0 34.57 24.321
219 2020 4 25 0 34.568 24.36
220 2020 4 25 0 35.67 19.096
221 2020 4 25 0 34.863 24.364
222 2020 4 25 0 35.114 24.322
223 2020 4 25 0 36.61 24.409
224 2020 4 25 0 35.625 24.48
225 2020 4 25 0 35.679 24.336
226 2020 4 25 0 35.386 24.428
227 2020 4 25 0 34.332 24.338
228 2020 4 25 0 35.093 19.19
229 2020 4 25 0 35.142 19.161
230 2020 4 25 0 35.003 19.256
231 2020 4 25 0 35.167 19.193
232 2020 4 25 0 34.925 19.331
233 2020 4 25 0 39.794 26.056
234 2020 4 25 0 39.46 25.652
235 2020 4 25 0 39.461 25.616
236 2020 4 25 0 39.676 26.087
237 2020 4 25 0 39.558 25.937
238 2020 4 25 0 39.606 25.826
239 2020 4 25 0 38.064 24.192
240 2020 4 25 0 36.32 24.343
241 2020 4 25 0 37.524 24.125
242 2020 4 25 0 36.043 24.313
243 2020 4 25 0 36.147 24.175
244 2020 4 25 0 36.936 24.103
245 2020 4 25 0 37.581 24.048
246 2020 4 25 0 36.981 24.012
247 2020 4 25 0 37.697 24.204
248 2020 4 25 0 38.235 24.155
249 2020 4 25 0 38.029 24.503
250 2020 4 25 0 38.192 24.462
251 2020 4 25 0 37.954 24.339
252 2020 4 25 0 37.892 24.691
0 2020 4 25 0 36.09 25.485
