1 2020 2 10 0 29.306 12.314
2 2020 2 10 0 29.55 12.678
3 2020 2 10 0 29.217 12.459
4 2020 2 10 0 29.56 12.108
5 2020 2 10 0 29.866 12.831
6 2020 2 10 0 30.194 13.289
7 2020 2 10 0 29.729 12.823
8 2020 2 10 0 29.609 12.023
9 2020 2 10 0 29.447 12.374
10 2020 2 10 0 29.377 12.381
11 2020 2 10 0 28.561 13.386
12 2020 2 10 0 28.846 13.881
13 2020 2 10 0 29.153 13.862
14 2020 2 10 0 29.89 13.691
15 2020 2 10 0 29.094 13.354
16 2020 2 10 0 29.269 13.158
17 2020 2 10 0 29.763 13.104
18 2020 2 10 0 28.522 13.274
19 2020 2 10 0 26.347 8.1468
20 2020 2 10 0 28.799 10.425
21 2020 2 10 0 26.48 8.3754
22 2020 2 10 0 26.419 8.3271
23 2020 2 10 0 26.917 8.8484
24 2020 2 10 0 28.052 9.8989
25 2020 2 10 0 26.648 8.6537
26 2020 2 10 0 27.916 9.6949
27 2020 2 10 0 27.529 9.5166
28 2020 2 10 0 26.924 8.7634
29 2020 2 10 0 29.218 10.847
30 2020 2 10 0 28.156 10.336
31 2020 2 10 0 27.228 9.0824
32 2020 2 10 0 29.069 11.184
33 2020 2 10 0 30.357 15.659
34 2020 2 10 0 30.035 15.176
35 2020 2 10 0 30.837 16.258
36 2020 2 10 0 30.846 15.969
37 2020 2 10 0 30.211 14.802
38 2020 2 10 0 30.21 15.618
39 2020 2 10 0 30.231 15.703
40 2020 2 10 0 30.523 15.354
41 2020 2 10 0 30.684 16.212
42 2020 2 10 0 28.688 12.787
43 2020 2 10 0 28.825 13.14
44 2020 2 10 0 28.762 13.135
45 2020 2 10 0 28.856 12.383
46 2020 2 10 0 28.7 13.007
47 2020 2 10 0 29.009 12.846
48 2020 2 10 0 29.06 12.602
49 2020 2 10 0 28.805 12.579
51 2020 2 10 0 29.131 12.27
52 2020 2 10 0 28.68 12.439
53 2020 2 10 0 29.415 12.195
54 2020 2 10 0 29.162 12.059
55 2020 2 10 0 27.717 14.019
56 2020 2 10 0 28.135 14.104
57 2020 2 10 0 28.294 15.136
58 2020 2 10 0 28.134 13.57
59 2020 2 10 0 28.388 14.868
60 2020 2 10 0 27.812 14.328
61 2020 2 10 0 29.765 15.711
62 2020 2 10 0 30.366 15.242
63 2020 2 10 0 30.054 15.614
64 2020 2 10 0 29.941 15.917
65 2020 2 10 0 30.534 15.592
66 2020 2 10 0 29.305 16.205
67 2020 2 10 0 29.811 15.995
68 2020 2 10 0 30.574 15.513
69 2020 2 10 0 29.848 15.91
70 2020 2 10 0 30.624 15.38
71 2020 2 10 0 27.649 13.359
72 2020 2 10 0 27.757 13.266
73 2020 2 10 0 28.348 12.713
74 2020 2 10 0 27.735 13.243
75 2020 2 10 0 27.861 13.186
76 2020 2 10 0 27.658 13.327
77 2020 2 10 0 27.642 13.385
78 2020 2 10 0 27.626 13.407
79 2020 2 10 0 27.663 13.317
80 2020 2 10 0 28.882 11.754
81 2020 2 10 0 29.392 12.742
82 2020 2 10 0 28.622 13.069
83 2020 2 10 0 28.464 12.76
84 2020 2 10 0 28.493 12.889
85 2020 2 10 0 28.486 13.058
86 2020 2 10 0 29.428 12.976
87 2020 2 10 0 28.879 12.809
88 2020 2 10 0 28.7 13.134
89 2020 2 10 0 28.536 13.124
90 2020 2 10 0 29.123 13.043
91 2020 2 10 0 29.341 11.837
92 2020 2 10 0 29.503 11.702
93 2020 2 10 0 29.584 12.079
94 2020 2 10 0 29.491 12.197
95 2020 2 10 0 27.661 9.7834
96 2020 2 10 0 27.045 9.1687
97 2020 2 10 0 28.231 10.321
98 2020 2 10 0 27.938 10.347
99 2020 2 10 0 28.652 11.388
100 2020 2 10 0 28.674 11.044
102 2020 2 10 0 29.976 15.415
103 2020 2 10 0 29.472 14.704
104 2020 2 10 0 29.633 14.927
105 2020 2 10 0 30.009 15.497
106 2020 2 10 0 29.265 14.414
107 2020 2 10 0 31.297 16.857
109 2020 2 10 0 31.506 17.26
110 2020 2 10 0 31.491 16.978
111 2020 2 10 0 31.326 17.014
112 2020 2 10 0 31.659 17.409
113 2020 2 10 0 28.737 13.245
114 2020 2 10 0 28.775 13.104
115 2020 2 10 0 28.735 13.478
116 2020 2 10 0 28.826 13.634
117 2020 2 10 0 28.706 13.245
118 2020 2 10 0 28.986 12.847
119 2020 2 10 0 28.858 12.954
120 2020 2 10 0 28.203 10.212
121 2020 2 10 0 28.856 10.959
122 2020 2 10 0 28.672 10.591
123 2020 2 10 0 29.087 10.684
124 2020 2 10 0 29.231 10.989
125 2020 2 10 0 29.559 11.479
126 2020 2 10 0 29.31 10.85
127 2020 2 10 0 27.516 9.3969
128 2020 2 10 0 27.66 9.5516
129 2020 2 10 0 28.699 15.564
130 2020 2 10 0 28.841 16.141
131 2020 2 10 0 28.605 15.637
132 2020 2 10 0 29.773 12.957
133 2020 2 10 0 29.358 15.679
134 2020 2 10 0 30.098 14.138
135 2020 2 10 0 28.901 15.394
136 2020 2 10 0 30.737 12.96
137 2020 2 10 0 29.824 15.089
138 2020 2 10 0 30.164 13.507
139 2020 2 10 0 29.115 14.169
140 2020 2 10 0 28.593 13.959
141 2020 2 10 0 28.838 15.569
142 2020 2 10 0 30.82 12.722
143 2020 2 10 0 28.227 11.239
144 2020 2 10 0 27.491 10.186
145 2020 2 10 0 26.517 8.7567
146 2020 2 10 0 26.051 7.6055
147 2020 2 10 0 28.783 11.985
148 2020 2 10 0 28.555 12.089
149 2020 2 10 0 26.953 9.4632
150 2020 2 10 0 26.778 9.282
151 2020 2 10 0 30.95 16.236
152 2020 2 10 0 31.17 16.868
153 2020 2 10 0 30.892 16.121
154 2020 2 10 0 31.159 16.69
155 2020 2 10 0 31.315 17.098
156 2020 2 10 0 30.968 16.646
157 2020 2 10 0 30.989 16.556
158 2020 2 10 0 30.83 15.911
159 2020 2 10 0 31.197 16.743
160 2020 2 10 0 30.524 16.161
161 2020 2 10 0 29.729 12.148
162 2020 2 10 0 29.928 12.789
164 2020 2 10 0 29.6 12.281
165 2020 2 10 0 29.456 12.481
166 2020 2 10 0 29.561 12.768
167 2020 2 10 0 29.676 12.575
168 2020 2 10 0 30.141 12.659
169 2020 2 10 0 29.665 12.454
170 2020 2 10 0 29.765 12.582
171 2020 2 10 0 31.359 17.105
172 2020 2 10 0 31.353 17.323
173 2020 2 10 0 31.382 17.42
174 2020 2 10 0 28.989 14.01
175 2020 2 10 0 29.176 14.259
176 2020 2 10 0 28.638 13.206
177 2020 2 10 0 29.637 14.89
178 2020 2 10 0 29.362 14.446
179 2020 2 10 0 28.617 13.412
180 2020 2 10 0 29.475 14.695
181 2020 2 10 0 28.875 13.772
182 2020 2 10 0 31.771 17.273
183 2020 2 10 0 31.661 17.605
184 2020 2 10 0 32.043 17.997
185 2020 2 10 0 31.999 17.51
186 2020 2 10 0 32.132 17.429
187 2020 2 10 0 32.156 17.616
188 2020 2 10 0 29.867 15.366
189 2020 2 10 0 30.916 16.826
190 2020 2 10 0 30.592 16.374
191 2020 2 10 0 31.253 17.106
192 2020 2 10 0 31.279 17.287
195 2020 2 10 0 28.185 14.931
196 2020 2 10 0 28.097 14.565
197 2020 2 10 0 27.879 14.239
198 2020 2 10 0 27.891 14.091
199 2020 2 10 0 29.043 12.788
200 2020 2 10 0 28.567 12.919
201 2020 2 10 0 28.635 13.127
202 2020 2 10 0 28.755 13.224
203 2020 2 10 0 29.409 12.544
204 2020 2 10 0 28.55 12.478
205 2020 2 10 0 27.652 10.525
206 2020 2 10 0 28.553 12.142
207 2020 2 10 0 28.616 12.139
208 2020 2 10 0 28.378 11.582
209 2020 2 10 0 28.454 11.685
210 2020 2 10 0 28.774 13.52
211 2020 2 10 0 28.953 13.856
212 2020 2 10 0 28.855 13.673
213 2020 2 10 0 29.111 14.096
214 2020 2 10 0 29.26 14.38
215 2020 2 10 0 29.081 14.097
216 2020 2 10 0 31.058 14.721
217 2020 2 10 0 31.056 13.432
218 2020 2 10 0 30.793 15.145
219 2020 2 10 0 30.933 15.229
220 2020 2 10 0 31.088 15.412
221 2020 2 10 0 31.051 15.319
222 2020 2 10 0 30.732 14.549
223 2020 2 10 0 31.288 14.263
224 2020 2 10 0 31.33 15.099
225 2020 2 10 0 31.171 15.319
226 2020 2 10 0 31.241 15.317
227 2020 2 10 0 30.874 15.313
228 2020 2 10 0 30.935 15.475
229 2020 2 10 0 30.968 15.449
230 2020 2 10 0 30.887 15.432
231 2020 2 10 0 30.934 15.469
232 2020 2 10 0 30.841 15.478
233 2020 2 10 0 28.653 12.878
234 2020 2 10 0 28.731 12.194
235 2020 2 10 0 28.677 12.187
236 2020 2 10 0 28.789 12.689
237 2020 2 10 0 28.88 12.435
238 2020 2 10 0 28.674 12.484
239 2020 2 10 0 30.679 13.441
240 2020 2 10 0 31.32 14.801
241 2020 2 10 0 30.863 14.151
242 2020 2 10 0 31.263 15.029
243 2020 2 10 0 31.118 14.814
244 2020 2 10 0 31.193 14.393
245 2020 2 10 0 31.024 13.73
246 2020 2 10 0 31.007 14.342
247 2020 2 10 0 31.045 13.418
248 2020 2 10 0 30.724 12.757
249 2020 2 10 0 30.66 12.689
250 2020 2 10 0 30.323 12.64
251 2020 2 10 0 31.153 13.098
252 2020 2 10 0 30.268 12.724
0 2020 2 10 0 28.502 12.304
