1 2020 5 23 0 42.255 27.305
2 2020 5 23 0 41.404 26.71
3 2020 5 23 0 42.39 27.307
4 2020 5 23 0 41.339 26.844
5 2020 5 23 0 40.859 26.279
6 2020 5 23 0 41.839 26.435
7 2020 5 23 0 42.253 26.911
8 2020 5 23 0 40.982 26.655
9 2020 5 23 0 41.465 26.861
10 2020 5 23 0 40.647 26.472
11 2020 5 23 0 42.476 27.468
12 2020 5 23 0 42.487 27.163
13 2020 5 23 0 42.609 27.076
14 2020 5 23 0 42.854 26.97
15 2020 5 23 0 42.672 27.244
16 2020 5 23 0 42.759 27.206
17 2020 5 23 0 42.922 27.03
18 2020 5 23 0 42.494 27.617
19 2020 5 23 0 41.651 26.049
20 2020 5 23 0 40.135 26.497
21 2020 5 23 0 41.417 25.836
22 2020 5 23 0 41.345 26.16
23 2020 5 23 0 40.456 25.854
24 2020 5 23 0 40.152 26.219
25 2020 5 23 0 40.923 26.317
26 2020 5 23 0 39.749 25.762
27 2020 5 23 0 40.354 26.228
28 2020 5 23 0 41.277 25.772
29 2020 5 23 0 40.109 26.81
30 2020 5 23 0 41.027 26.936
31 2020 5 23 0 41.433 25.608
32 2020 5 23 0 41.092 27.316
33 2020 5 23 0 42.634 26.735
34 2020 5 23 0 42.684 26.453
35 2020 5 23 0 42.642 27.029
36 2020 5 23 0 42.231 26.801
37 2020 5 23 0 42.816 26.743
38 2020 5 23 0 42.499 27.163
39 2020 5 23 0 42.073 27.38
40 2020 5 23 0 42.348 26.599
41 2020 5 23 0 42.29 27.259
42 2020 5 23 0 42.204 27.985
43 2020 5 23 0 42.413 28.181
44 2020 5 23 0 42.279 28.042
45 2020 5 23 0 42.691 28.164
46 2020 5 23 0 42.167 27.935
47 2020 5 23 0 42.495 28.409
48 2020 5 23 0 42.63 28.452
49 2020 5 23 0 42.424 28.204
51 2020 5 23 0 42.397 27.315
52 2020 5 23 0 42.664 27.385
53 2020 5 23 0 42.14 27.238
54 2020 5 23 0 42.423 27.262
55 2020 5 23 0 35.624 26.75
56 2020 5 23 0 36.741 26.755
57 2020 5 23 0 35.312 26.688
58 2020 5 23 0 36.797 26.749
59 2020 5 23 0 36.035 26.741
60 2020 5 23 0 35.159 26.698
61 2020 5 23 0 33.288 20.379
62 2020 5 23 0 36.314 26.701
63 2020 5 23 0 35.276 26.759
64 2020 5 23 0 33.684 20.256
65 2020 5 23 0 34.462 19.683
66 2020 5 23 0 32.942 20.678
67 2020 5 23 0 33.525 20.37
68 2020 5 23 0 34.471 19.63
69 2020 5 23 0 33.508 20.386
70 2020 5 23 0 34.34 19.494
71 2020 5 23 0 32.044 20.16
72 2020 5 23 0 35.756 26.849
73 2020 5 23 0 37.16 26.753
74 2020 5 23 0 35.66 26.849
75 2020 5 23 0 35.99 26.84
76 2020 5 23 0 35.472 26.865
77 2020 5 23 0 32.019 20.175
78 2020 5 23 0 31.944 20.159
79 2020 5 23 0 35.482 26.861
80 2020 5 23 0 37.93 26.546
81 2020 5 23 0 42.603 27.214
82 2020 5 23 0 42.588 27.945
83 2020 5 23 0 42.751 27.638
84 2020 5 23 0 42.663 27.566
85 2020 5 23 0 42.614 27.498
86 2020 5 23 0 42.766 27.169
87 2020 5 23 0 42.565 27.37
88 2020 5 23 0 42.582 27.402
89 2020 5 23 0 42.571 27.737
90 2020 5 23 0 42.66 27.27
91 2020 5 23 0 41.893 27.023
92 2020 5 23 0 41.389 26.805
93 2020 5 23 0 41.727 27.052
94 2020 5 23 0 41.67 27.019
95 2020 5 23 0 41.649 25.9
96 2020 5 23 0 41.461 25.683
97 2020 5 23 0 41.484 26.12
98 2020 5 23 0 41.874 26.283
99 2020 5 23 0 42.285 26.901
100 2020 5 23 0 41.888 26.6
102 2020 5 23 0 42.005 27.527
103 2020 5 23 0 42.721 27.774
104 2020 5 23 0 42.576 27.643
105 2020 5 23 0 41.85 27.487
106 2020 5 23 0 42.987 27.871
107 2020 5 23 0 35.787 20.717
109 2020 5 23 0 35.057 20.918
110 2020 5 23 0 35.421 20.599
111 2020 5 23 0 42.603 27.141
112 2020 5 23 0 34.752 20.876
113 2020 5 23 0 42.38 28.08
114 2020 5 23 0 42.504 28.185
115 2020 5 23 0 42.407 27.955
116 2020 5 23 0 42.51 27.95
117 2020 5 23 0 42.412 28.058
118 2020 5 23 0 42.573 28.418
119 2020 5 23 0 42.593 28.327
120 2020 5 23 0 40.657 25.962
121 2020 5 23 0 41.008 26.386
122 2020 5 23 0 40.323 26.113
123 2020 5 23 0 39.888 26.253
124 2020 5 23 0 40.137 26.217
125 2020 5 23 0 40.565 26.413
126 2020 5 23 0 39.297 26.374
127 2020 5 23 0 40.066 25.507
128 2020 5 23 0 40.931 25.629
129 2020 5 23 0 32.38 20.597
130 2020 5 23 0 32.47 20.759
131 2020 5 23 0 32.255 20.626
132 2020 5 23 0 38.71 26.234
133 2020 5 23 0 32.786 20.44
134 2020 5 23 0 37.394 26.334
135 2020 5 23 0 36.06 26.699
136 2020 5 23 0 39.063 25.939
137 2020 5 23 0 36.167 26.644
138 2020 5 23 0 37.901 26.149
139 2020 5 23 0 37.258 26.52
140 2020 5 23 0 37.373 26.638
141 2020 5 23 0 32.249 20.493
142 2020 5 23 0 40.244 25.807
143 2020 5 23 0 42.597 26.946
144 2020 5 23 0 41.971 26.329
145 2020 5 23 0 41.326 25.779
146 2020 5 23 0 41.222 25.818
147 2020 5 23 0 42.761 27.272
148 2020 5 23 0 42.895 27.34
149 2020 5 23 0 41.555 25.924
150 2020 5 23 0 41.464 25.878
151 2020 5 23 0 42.062 26.855
152 2020 5 23 0 41.876 27.136
153 2020 5 23 0 41.876 26.76
154 2020 5 23 0 42.633 27.206
155 2020 5 23 0 41.758 27.098
156 2020 5 23 0 41.744 27.186
157 2020 5 23 0 42.354 27.247
158 2020 5 23 0 41.885 26.69
159 2020 5 23 0 42.642 27.211
160 2020 5 23 0 41.403 27.285
161 2020 5 23 0 40.238 26.256
162 2020 5 23 0 40.577 26.114
164 2020 5 23 0 39.94 26.25
165 2020 5 23 0 40.214 26.242
166 2020 5 23 0 40.534 26.366
167 2020 5 23 0 40.005 26.163
168 2020 5 23 0 40.447 25.954
169 2020 5 23 0 39.978 26.192
170 2020 5 23 0 40.363 26.149
171 2020 5 23 0 34.54 21.016
172 2020 5 23 0 39.823 26.85
173 2020 5 23 0 34.508 21.319
174 2020 5 23 0 42.562 27.318
175 2020 5 23 0 42.811 27.617
176 2020 5 23 0 42.484 27.926
177 2020 5 23 0 42.706 26.807
178 2020 5 23 0 42.605 26.777
179 2020 5 23 0 42.398 27.729
180 2020 5 23 0 42.838 27.394
181 2020 5 23 0 42.556 27.769
182 2020 5 23 0 34.867 20.58
183 2020 5 23 0 34.438 21.155
184 2020 5 23 0 34.139 21.277
185 2020 5 23 0 34.496 20.579
186 2020 5 23 0 34.499 20.366
187 2020 5 23 0 34.458 20.561
188 2020 5 23 0 42.092 27.757
189 2020 5 23 0 40.519 27.052
190 2020 5 23 0 40.888 27.185
191 2020 5 23 0 41.158 27.03
192 2020 5 23 0 40.666 26.985
195 2020 5 23 0 31.7 20.395
196 2020 5 23 0 31.762 20.362
197 2020 5 23 0 31.63 20.275
198 2020 5 23 0 31.825 20.295
199 2020 5 23 0.18215 38.901 26.41
200 2020 5 23 0.26111 37.856 26.613
201 2020 5 23 0.17769 38.059 26.588
202 2020 5 23 0 38.188 26.558
203 2020 5 23 0 39.448 26.325
204 2020 5 23 0 42.815 27.667
205 2020 5 23 0 42.207 26.642
206 2020 5 23 0 42.906 27.516
207 2020 5 23 0 42.899 27.746
208 2020 5 23 0 42.804 27.439
209 2020 5 23 0 42.881 27.389
210 2020 5 23 0 42.402 27.898
211 2020 5 23 0 42.668 27.931
212 2020 5 23 0 42.542 27.947
213 2020 5 23 0 42.856 27.831
214 2020 5 23 0 42.969 27.874
215 2020 5 23 0 42.833 27.909
216 2020 5 23 0 38.193 26.596
217 2020 5 23 0 39.204 26.039
218 2020 5 23 0 37.485 26.684
219 2020 5 23 0 37.599 26.477
220 2020 5 23 0 35.67 19.096
221 2020 5 23 0 37.869 26.062
222 2020 5 23 0 37.588 26.516
223 2020 5 23 0 39.269 26.368
224 2020 5 23 0 38.535 26.748
225 2020 5 23 0 38.829 25.586
226 2020 5 23 0 38.434 26.293
227 2020 5 23 0 37.2 26.074
228 2020 5 23 0 35.093 19.19
229 2020 5 23 0 35.142 19.161
230 2020 5 23 0 35.003 19.256
231 2020 5 23 0 35.167 19.193
232 2020 5 23 0 34.925 19.331
233 2020 5 23 0 42.686 28.028
234 2020 5 23 0 42.854 27.929
235 2020 5 23 0 42.872 27.869
236 2020 5 23 0 42.712 28.189
237 2020 5 23 0 42.748 28.186
238 2020 5 23 0 42.795 27.952
239 2020 5 23 0 41.375 25.842
240 2020 5 23 0 39.256 26.376
241 2020 5 23 0 40.971 25.692
242 2020 5 23 0 39.071 26.079
243 2020 5 23 0 39.165 25.663
244 2020 5 23 0 39.952 25.856
245 2020 5 23 0 40.556 25.682
246 2020 5 23 0 40.125 25.533
247 2020 5 23 0 40.463 25.852
248 2020 5 23 0 41.036 25.712
249 2020 5 23 0 40.778 25.804
250 2020 5 23 0 40.958 25.907
251 2020 5 23 0 40.461 25.851
252 2020 5 23 0 40.732 25.97
0 2020 5 23 0.5242 37.701 26.674
