1 2020 4 17 0 39.207 25.876
2 2020 4 17 0 38.92 25.057
3 2020 4 17 0 39.247 25.839
4 2020 4 17 0 39.124 25.391
5 2020 4 17 0.16994 38.492 24.168
6 2020 4 17 0 38.676 24.221
7 2020 4 17 0 39.19 25.288
8 2020 4 17 0 39.115 25.175
9 2020 4 17 0 39.024 25.409
10 2020 4 17 0 38.86 24.988
11 2020 4 17 0 39.159 25.607
12 2020 4 17 0 38.749 25.339
13 2020 4 17 0 38.86 25.252
14 2020 4 17 0 39.119 25.1
15 2020 4 17 0 39.265 25.49
16 2020 4 17 0 39.381 25.542
17 2020 4 17 0 39.435 25.435
18 2020 4 17 0 39.021 25.72
19 2020 4 17 0 37.34 24.483
20 2020 4 17 0.13165 38.19 24.995
21 2020 4 17 0 37.403 24.402
22 2020 4 17 0.11275 37.061 24.456
23 2020 4 17 0.15288 36.819 24.013
24 2020 4 17 0.11752 37.532 24.523
25 2020 4 17 0.18938 36.718 24.356
26 2020 4 17 0.10993 37.338 24.058
27 2020 4 17 0.23284 37.099 24.377
28 2020 4 17 0 37.44 24.208
29 2020 4 17 0.42762 38.52 25.304
30 2020 4 17 0.39999 37.864 25.22
31 2020 4 17 0 37.765 24.186
32 2020 4 17 0.21902 38.707 25.824
33 2020 4 17 0 37.404 24.731
34 2020 4 17 0 37.732 24.589
35 2020 4 17 0 37.144 24.795
36 2020 4 17 0 37.045 24.471
37 2020 4 17 0 38.409 24.543
38 2020 4 17 0 37.278 25.074
39 2020 4 17 0 37.011 25.141
40 2020 4 17 0 37.583 24.31
41 2020 4 17 0 36.953 24.963
42 2020 4 17 0 38.722 25.747
43 2020 4 17 0 38.371 25.879
44 2020 4 17 0 38.318 25.79
45 2020 4 17 0 38.801 25.893
46 2020 4 17 0 38.423 25.721
47 2020 4 17 0 38.57 25.934
48 2020 4 17 0 38.698 25.963
49 2020 4 17 0 38.901 25.87
51 2020 4 17 0 39.249 25.894
52 2020 4 17 0 39.317 25.908
53 2020 4 17 0 39.185 25.841
54 2020 4 17 0 39.258 25.898
55 2020 4 17 0.44265 34.385 24.929
56 2020 4 17 0.59551 35.204 24.92
57 2020 4 17 0 34.25 24.804
58 2020 4 17 1.411 35.545 24.983
59 2020 4 17 0 34.652 24.729
60 2020 4 17 0 34.148 24.876
61 2020 4 17 0 33.288 20.379
62 2020 4 17 0 35.476 24.012
63 2020 4 17 0 34.747 24.173
64 2020 4 17 0.29046 33.684 20.256
65 2020 4 17 0.18831 34.462 19.683
66 2020 4 17 0.16045 32.942 20.678
67 2020 4 17 1.1893 33.525 20.37
68 2020 4 17 0 34.471 19.63
69 2020 4 17 0 33.508 20.386
70 2020 4 17 0 34.34 19.494
71 2020 4 17 1.1776 32.044 20.16
72 2020 4 17 0.8649 35.045 25.173
73 2020 4 17 2.0258 36.397 25.074
74 2020 4 17 3.6792 34.973 25.173
75 2020 4 17 0.30502 35.264 25.165
76 2020 4 17 3.612 34.795 25.182
77 2020 4 17 1.5084 32.019 20.175
78 2020 4 17 1.2631 31.944 20.159
79 2020 4 17 1.9405 34.803 25.181
80 2020 4 17 0.77417 37.276 24.668
81 2020 4 17 0 39.336 25.689
82 2020 4 17 0 38.866 25.93
83 2020 4 17 0 39.206 25.928
84 2020 4 17 0 39.22 25.874
85 2020 4 17 0 39.24 25.774
86 2020 4 17 0 39.396 25.586
87 2020 4 17 0 39.281 25.778
88 2020 4 17 0 39.272 25.676
89 2020 4 17 0 38.993 25.834
90 2020 4 17 0 39.334 25.621
91 2020 4 17 0 39.044 25.592
92 2020 4 17 0 39.066 25.307
93 2020 4 17 0 39.189 25.612
94 2020 4 17 0 39.114 25.598
95 2020 4 17 0 38.12 24.572
96 2020 4 17 0 37.748 24.442
97 2020 4 17 0 38.282 24.658
98 2020 4 17 0 38.396 24.994
99 2020 4 17 0 38.967 25.584
100 2020 4 17 0 38.688 25.198
102 2020 4 17 0 37.127 25.251
103 2020 4 17 0 37.71 25.683
104 2020 4 17 0 37.531 25.558
105 2020 4 17 0 37.142 25.139
106 2020 4 17 0 37.913 25.872
107 2020 4 17 0 35.787 20.717
109 2020 4 17 0 35.057 20.918
110 2020 4 17 0 35.421 20.599
111 2020 4 17 0 36.998 24.765
112 2020 4 17 0 34.752 20.876
113 2020 4 17 0 38.32 25.863
114 2020 4 17 0 38.553 25.956
115 2020 4 17 0 38.206 25.823
116 2020 4 17 0 38.138 25.835
117 2020 4 17 0 38.404 25.883
118 2020 4 17 0 38.621 25.986
119 2020 4 17 0 38.684 26.028
120 2020 4 17 0 37.89 24.345
121 2020 4 17 0 38.471 24.824
122 2020 4 17 0 38.126 24.493
123 2020 4 17 0 38.455 24.835
124 2020 4 17 0 38.685 24.823
125 2020 4 17 0 39.054 25.018
126 2020 4 17 0.1874 38.355 24.735
127 2020 4 17 0.11835 37.18 23.784
128 2020 4 17 0 37.715 24.083
129 2020 4 17 0.48539 32.38 20.597
130 2020 4 17 0.2963 32.47 20.759
131 2020 4 17 0 32.255 20.626
132 2020 4 17 0.30864 37.684 24.006
133 2020 4 17 0 32.786 20.44
134 2020 4 17 0 36.561 23.787
135 2020 4 17 0 34.917 24.372
136 2020 4 17 0 38.535 23.55
137 2020 4 17 0 35.31 24.123
138 2020 4 17 0 37.215 23.616
139 2020 4 17 0 35.995 24.337
140 2020 4 17 0.12327 35.853 24.691
141 2020 4 17 0 32.249 20.493
142 2020 4 17 0 39.582 23.972
143 2020 4 17 0 39.01 25.67
144 2020 4 17 0 38.302 25.161
145 2020 4 17 0 37.461 24.6
146 2020 4 17 0 37.156 24.205
147 2020 4 17 0 39.389 25.943
148 2020 4 17 0 39.387 25.94
149 2020 4 17 0 37.807 24.836
150 2020 4 17 0 37.675 24.8
151 2020 4 17 0 36.946 24.453
152 2020 4 17 0 36.549 24.998
153 2020 4 17 0 36.924 24.346
154 2020 4 17 0 36.966 24.87
155 2020 4 17 0 36.463 25.019
156 2020 4 17 0 36.551 24.992
157 2020 4 17 0 36.869 24.914
158 2020 4 17 0 36.936 24.305
159 2020 4 17 0 36.948 24.884
160 2020 4 17 0 36.556 25.008
161 2020 4 17 0 38.894 24.618
162 2020 4 17 0 38.669 24.464
164 2020 4 17 0.24264 38.585 24.457
165 2020 4 17 0 38.686 24.606
166 2020 4 17 0.15926 38.557 24.545
167 2020 4 17 1.1999 38.458 24.568
168 2020 4 17 0 38.929 24.52
169 2020 4 17 0.90711 38.5 24.485
170 2020 4 17 0.18712 38.668 24.566
171 2020 4 17 0 34.54 21.016
172 2020 4 17 0 35.472 25.306
173 2020 4 17 0 34.508 21.319
174 2020 4 17 0 38.375 25.433
175 2020 4 17 0 38.008 25.668
176 2020 4 17 0 38.687 25.862
177 2020 4 17 0 37.731 25.035
178 2020 4 17 0 38.223 25.009
179 2020 4 17 0 38.673 25.707
180 2020 4 17 0 37.773 25.487
181 2020 4 17 0 38.234 25.733
182 2020 4 17 0 34.867 20.58
183 2020 4 17 0 34.438 21.155
184 2020 4 17 0 34.139 21.277
185 2020 4 17 0 34.496 20.579
186 2020 4 17 0 34.499 20.366
187 2020 4 17 0 34.458 20.561
188 2020 4 17 0 37.378 25.277
189 2020 4 17 0 35.979 25.173
190 2020 4 17 0 36.362 25.203
191 2020 4 17 0 36.163 25.091
192 2020 4 17 0 35.928 25.145
195 2020 4 17 0 31.7 20.395
196 2020 4 17 0.35005 31.762 20.362
197 2020 4 17 0.14098 31.63 20.275
198 2020 4 17 0.58893 31.825 20.295
199 2020 4 17 0.88751 37.582 24.636
200 2020 4 17 1.9522 36.773 24.893
201 2020 4 17 1.523 36.807 24.84
202 2020 4 17 0.17374 36.758 24.703
203 2020 4 17 0.86767 38.088 24.433
204 2020 4 17 0 39.15 25.941
205 2020 4 17 0 38.383 25.311
206 2020 4 17 0 39.214 25.914
207 2020 4 17 0 38.948 25.864
208 2020 4 17 0 38.78 25.667
209 2020 4 17 0 39.023 25.778
210 2020 4 17 0 38.112 25.771
211 2020 4 17 0 38.081 25.853
212 2020 4 17 0 38.129 25.836
213 2020 4 17 0 37.952 25.798
214 2020 4 17 0 37.932 25.858
215 2020 4 17 0 38.017 25.875
216 2020 4 17 0 37.005 23.92
217 2020 4 17 0 38.64 23.681
218 2020 4 17 0 36.212 23.872
219 2020 4 17 0 36.074 23.925
220 2020 4 17 0 35.67 19.096
221 2020 4 17 0 36.132 23.856
222 2020 4 17 0 36.565 23.773
223 2020 4 17 0 38.265 23.998
224 2020 4 17 0 37.231 24.133
225 2020 4 17 0 36.68 23.736
226 2020 4 17 0.10753 36.76 23.986
227 2020 4 17 0 35.553 23.812
228 2020 4 17 0 35.093 19.19
229 2020 4 17 0 35.142 19.161
230 2020 4 17 0 35.003 19.256
231 2020 4 17 0 35.167 19.193
232 2020 4 17 0.18129 34.925 19.331
233 2020 4 17 0 38.933 26.007
234 2020 4 17 0 38.841 25.859
235 2020 4 17 0 38.861 25.861
236 2020 4 17 0 38.793 26
237 2020 4 17 0 38.769 25.924
238 2020 4 17 0 38.893 25.946
239 2020 4 17 0 38.24 23.458
240 2020 4 17 0 37.628 23.932
241 2020 4 17 0 37.898 23.448
242 2020 4 17 0 37.156 23.821
243 2020 4 17 0 36.86 23.541
244 2020 4 17 0 37.859 23.584
245 2020 4 17 0 38.29 23.449
246 2020 4 17 0 37.442 23.344
247 2020 4 17 0 38.726 23.636
248 2020 4 17 0 38.734 23.445
249 2020 4 17 0 39.4 24.006
250 2020 4 17 0 38.639 23.719
251 2020 4 17 0 39.568 23.843
252 2020 4 17 0 38.918 24.124
0 2020 4 17 6.2179 37.01 24.955
