1 2020 3 16 0 33.544 18.01
2 2020 3 16 0 33.592 17.797
3 2020 3 16 0 33.662 17.945
4 2020 3 16 0 33.337 18.16
5 2020 3 16 0 33.724 17.194
6 2020 3 16 0 34.396 17.379
7 2020 3 16 0 34.068 17.867
8 2020 3 16 0 33.294 18.188
9 2020 3 16 0 33.388 18.015
10 2020 3 16 0 33.138 17.993
11 2020 3 16 0 34.044 17.467
12 2020 3 16 0 34.256 17.546
13 2020 3 16 0 34.384 17.675
14 2020 3 16 0 34.652 17.908
15 2020 3 16 0 34.282 17.684
16 2020 3 16 0 34.31 17.768
17 2020 3 16 0 34.509 17.935
18 2020 3 16 0 33.975 17.422
19 2020 3 16 0 30.356 15.016
20 2020 3 16 0 32.292 17.567
21 2020 3 16 0 30.496 15.007
22 2020 3 16 0 30.238 15.152
23 2020 3 16 0 30.505 15.468
24 2020 3 16 0 31.503 16.747
25 2020 3 16 0 30.252 15.264
26 2020 3 16 0 31.392 16.516
27 2020 3 16 0 30.97 16.156
28 2020 3 16 0 30.833 15.381
29 2020 3 16 0 32.789 18.031
30 2020 3 16 0 31.604 17.017
31 2020 3 16 0 31.235 15.495
32 2020 3 16 0 32.518 18.081
33 2020 3 16 0 35.119 18.195
34 2020 3 16 0 34.922 17.976
35 2020 3 16 0 35.383 18.491
36 2020 3 16 0 35.347 18.41
37 2020 3 16 0 34.957 17.967
38 2020 3 16 0 35.104 18.093
39 2020 3 16 0 35.124 18.095
40 2020 3 16 0 35.146 18.135
41 2020 3 16 0 35.328 18.405
42 2020 3 16 0 33.568 16.622
43 2020 3 16 0 34.049 17.153
44 2020 3 16 0 33.957 16.953
45 2020 3 16 0 33.761 17.383
46 2020 3 16 0 33.765 16.756
47 2020 3 16 0 33.985 17.372
48 2020 3 16 0 33.943 17.552
49 2020 3 16 0 33.605 16.955
51 2020 3 16 0 33.549 17.884
52 2020 3 16 0 33.616 17.653
53 2020 3 16 0 33.491 18.042
54 2020 3 16 0 33.494 17.826
55 2020 3 16 0 32.118 19.292
56 2020 3 16 0 32.067 19.295
57 2020 3 16 0 33.474 19.662
58 2020 3 16 0 32.126 19.211
59 2020 3 16 0 32.667 19.396
60 2020 3 16 0 32.702 19.436
61 2020 3 16 0 35.589 19.619
62 2020 3 16 0 35.557 18.855
63 2020 3 16 0 35.874 19.403
64 2020 3 16 0 36.057 19.504
65 2020 3 16 0 36.655 18.852
66 2020 3 16 0 35.328 19.972
67 2020 3 16 0 35.93 19.634
68 2020 3 16 0 36.421 18.834
69 2020 3 16 0 35.947 19.653
70 2020 3 16 0 35.912 18.728
71 2020 3 16 0 32.708 19.388
72 2020 3 16 0 32.647 19.35
73 2020 3 16 0 32.369 19.09
74 2020 3 16 0 32.682 19.339
75 2020 3 16 0 32.586 19.32
76 2020 3 16 0 32.712 19.372
77 2020 3 16 0 32.701 19.401
78 2020 3 16 0 32.643 19.389
79 2020 3 16 0 32.715 19.37
80 2020 3 16 0 32.777 18.474
81 2020 3 16 0 34.013 17.923
82 2020 3 16 0 33.933 17.606
83 2020 3 16 0 33.743 17.628
84 2020 3 16 0 33.763 17.641
85 2020 3 16 0 33.85 17.575
86 2020 3 16 0 34.255 17.868
87 2020 3 16 0 33.825 17.761
88 2020 3 16 0 33.978 17.613
89 2020 3 16 0 33.915 17.518
90 2020 3 16 0 34.128 17.759
91 2020 3 16 0 33.269 17.899
92 2020 3 16 0 33.215 18.042
93 2020 3 16 0 33.432 18.169
94 2020 3 16 0 33.39 18.106
95 2020 3 16 0 31.72 15.985
96 2020 3 16 0 31.03 15.447
97 2020 3 16 0 32.177 16.572
98 2020 3 16 0 32.087 16.407
99 2020 3 16 0 32.975 17.249
100 2020 3 16 0 32.71 17.12
102 2020 3 16 0 35.017 17.906
103 2020 3 16 0 34.849 17.511
104 2020 3 16 0 34.901 17.65
105 2020 3 16 0 34.986 17.946
106 2020 3 16 0 34.767 17.358
107 2020 3 16 0 35.477 18.79
109 2020 3 16 0 35.156 19.064
110 2020 3 16 0 35.375 18.844
111 2020 3 16 0 35.175 18.938
112 2020 3 16 0 35.064 19.129
113 2020 3 16 0 34.05 17.074
114 2020 3 16 0 34.016 17.457
115 2020 3 16 0 34.141 16.963
116 2020 3 16 0 34.253 17.003
117 2020 3 16 0 34.037 17.188
118 2020 3 16 0 34.011 17.581
119 2020 3 16 0 34 17.715
120 2020 3 16 0 31.878 16.67
121 2020 3 16 0 32.543 17.363
122 2020 3 16 0 32.219 17.214
123 2020 3 16 0 32.716 17.67
124 2020 3 16 0 32.909 17.705
125 2020 3 16 0 33.269 17.996
126 2020 3 16 0 33.087 17.913
127 2020 3 16 0 31.096 15.987
128 2020 3 16 0 31.507 15.962
129 2020 3 16 0 34.35 19.833
130 2020 3 16 0 34.733 20.062
131 2020 3 16 0 34.256 19.881
132 2020 3 16 0 34.437 18.165
133 2020 3 16 0 34.798 19.643
134 2020 3 16 0 35.229 18.282
135 2020 3 16 0 33.495 19.468
136 2020 3 16 0 35.871 17.551
137 2020 3 16 0 34.93 18.997
138 2020 3 16 0 35.52 17.997
139 2020 3 16 0 33.552 18.828
140 2020 3 16 0 32.602 19.057
141 2020 3 16 0 34.127 19.71
142 2020 3 16 0 34.966 17.487
143 2020 3 16 0 32.905 16.925
144 2020 3 16 0 31.769 16.124
145 2020 3 16 0 30.452 15.108
146 2020 3 16 0 30.133 14.553
147 2020 3 16 0 33.54 17.537
148 2020 3 16 0 33.582 17.425
149 2020 3 16 0 30.969 15.561
150 2020 3 16 0 30.747 15.36
151 2020 3 16 0 35.396 18.447
152 2020 3 16 0 35.345 18.84
153 2020 3 16 0 35.349 18.382
154 2020 3 16 0 35.54 18.702
155 2020 3 16 0 35.238 19.003
156 2020 3 16 0 35.291 18.689
157 2020 3 16 0 35.448 18.613
158 2020 3 16 0 35.314 18.349
159 2020 3 16 0 35.554 18.729
160 2020 3 16 0 35.138 18.364
161 2020 3 16 0 33.604 18.006
162 2020 3 16 0 33.322 17.573
164 2020 3 16 0 33.384 18.177
165 2020 3 16 0 33.17 17.915
166 2020 3 16 0 33.266 17.575
167 2020 3 16 0 33.118 18.177
168 2020 3 16 0 33.47 17.86
169 2020 3 16 0 33.258 18.181
170 2020 3 16 0 33.209 17.898
171 2020 3 16 0 34.813 18.98
172 2020 3 16 0 34.783 19.189
173 2020 3 16 0 34.756 19.275
174 2020 3 16 0 34.366 17.43
175 2020 3 16 0 34.599 17.353
176 2020 3 16 0 33.995 17.38
177 2020 3 16 0 34.782 17.767
178 2020 3 16 0 34.553 17.712
179 2020 3 16 0 34.066 17.2
180 2020 3 16 0 34.8 17.568
181 2020 3 16 0 34.304 17.155
182 2020 3 16 0 35.21 18.998
183 2020 3 16 0 34.873 19.304
184 2020 3 16 0 34.975 19.366
185 2020 3 16 0 35.115 19.106
186 2020 3 16 0 35.24 19.127
187 2020 3 16 0 35.16 19.132
188 2020 3 16 0 35.127 17.957
189 2020 3 16 0 34.906 18.866
190 2020 3 16 0 34.886 18.563
191 2020 3 16 0 35.149 19.03
192 2020 3 16 0 34.929 19.184
195 2020 3 16 0 33.506 19.656
196 2020 3 16 0 33.353 19.595
197 2020 3 16 0 32.995 19.517
198 2020 3 16 0 33.066 19.525
199 2020 3 16 0 32.611 18.568
200 2020 3 16 0 32.161 18.914
201 2020 3 16 0 32.273 18.916
202 2020 3 16 0 32.602 18.844
203 2020 3 16 0 33.254 18.36
204 2020 3 16 0 33.713 17.572
205 2020 3 16 0 32.098 16.312
206 2020 3 16 0 33.622 17.44
207 2020 3 16 0 33.655 17.473
208 2020 3 16 0 33.249 17.112
209 2020 3 16 0 33.366 17.205
210 2020 3 16 0 34.19 16.915
211 2020 3 16 0 34.409 17.102
212 2020 3 16 0 34.288 17.018
213 2020 3 16 0 34.641 17.139
214 2020 3 16 0 34.759 17.339
215 2020 3 16 0 34.567 17.211
216 2020 3 16 0 35.661 18.173
217 2020 3 16 0 35.911 17.616
218 2020 3 16 0 35.331 18.364
219 2020 3 16 0 35.617 18.424
220 2020 3 16 0 36.264 18.468
221 2020 3 16 0 36.07 18.508
222 2020 3 16 0 35.599 18.147
223 2020 3 16 0 35.839 18.03
224 2020 3 16 0 36.006 18.479
225 2020 3 16 0 36.469 18.462
226 2020 3 16 0 36.188 18.536
227 2020 3 16 0 35.94 18.505
228 2020 3 16 0 36.356 18.425
229 2020 3 16 0 36.859 18.3
230 2020 3 16 0 36.764 18.408
231 2020 3 16 0 35.936 18.534
232 2020 3 16 0 36.957 18.451
233 2020 3 16 0 33.881 17.772
234 2020 3 16 0 33.715 17.473
235 2020 3 16 0 33.694 17.49
236 2020 3 16 0 33.892 17.739
237 2020 3 16 0 33.843 17.56
238 2020 3 16 0 33.782 17.64
239 2020 3 16 0 34.913 17.022
240 2020 3 16 0 35.984 18.139
241 2020 3 16 0 35.328 17.328
242 2020 3 16 0 36.171 18.252
243 2020 3 16 0 36.096 18.049
244 2020 3 16 0 35.777 17.612
245 2020 3 16 0 35.399 17.179
246 2020 3 16 0 35.658 17.484
247 2020 3 16 0 35.315 17.268
248 2020 3 16 0 34.795 16.803
249 2020 3 16 0 34.408 17.274
250 2020 3 16 0 34.211 16.905
251 2020 3 16 0 35.314 17.357
252 2020 3 16 0 33.921 17.3
0 2020 3 16 0 32.698 18.76
