1 2020 2 19 0 33.821 17.243
2 2020 2 19 0 34.248 18.325
3 2020 2 19 0 33.976 17.351
4 2020 2 19 0 33.802 18.032
5 2020 2 19 0 34.018 18.157
6 2020 2 19 0 34.321 18.298
7 2020 2 19 0 34.645 18.294
8 2020 2 19 0 33.792 18.295
9 2020 2 19 0 33.918 17.993
10 2020 2 19 0 33.864 18.581
11 2020 2 19 0 34.682 18.125
12 2020 2 19 0 34.721 18.462
13 2020 2 19 0 34.803 18.573
14 2020 2 19 0 34.994 18.72
15 2020 2 19 0 34.89 18.411
16 2020 2 19 0 34.944 18.391
17 2020 2 19 0 35.109 18.567
18 2020 2 19 0 34.567 17.802
19 2020 2 19 0 30.693 13.383
20 2020 2 19 0 32.354 16.368
21 2020 2 19 0 30.788 13.506
22 2020 2 19 0 30.626 13.697
23 2020 2 19 0 30.791 14.375
24 2020 2 19 0 31.752 15.749
25 2020 2 19 0 30.688 14.068
26 2020 2 19 0 31.523 15.676
27 2020 2 19 0 31.339 15.18
28 2020 2 19 0 30.974 13.89
29 2020 2 19 0 32.84 16.678
30 2020 2 19 0 32.294 16.012
31 2020 2 19 0 31.226 13.928
32 2020 2 19 0 33.237 17.035
33 2020 2 19 0 34.563 19.176
34 2020 2 19 0 34.659 19.098
35 2020 2 19 0 34.492 19.321
36 2020 2 19 0 34.532 19.348
37 2020 2 19 0 34.796 19.032
38 2020 2 19 0 34.404 18.939
39 2020 2 19 0 34.238 18.808
40 2020 2 19 0 34.652 19.223
41 2020 2 19 0 34.322 19.112
42 2020 2 19 0 34.769 17.311
43 2020 2 19 0 34.793 17.482
44 2020 2 19 0 34.813 17.435
45 2020 2 19 0 34.228 17.251
46 2020 2 19 0 34.783 17.367
47 2020 2 19 0 34.701 17.499
48 2020 2 19 0 34.492 17.446
49 2020 2 19 0 34.63 17.326
51 2020 2 19 0 33.771 17.156
52 2020 2 19 0 33.806 17.035
53 2020 2 19 0 33.767 17.307
54 2020 2 19 0 33.653 17.083
55 2020 2 19 0 30.172 18.523
56 2020 2 19 0 30.738 18.664
57 2020 2 19 0 29.809 18.712
58 2020 2 19 0 31.129 18.336
59 2020 2 19 0 30.234 18.684
60 2020 2 19 0 29.896 18.448
61 2020 2 19 0 30.812 18.96
62 2020 2 19 0 31.789 18.949
63 2020 2 19 0 31.155 18.962
64 2020 2 19 0 30.953 19.217
65 2020 2 19 0 31.659 19.063
66 2020 2 19 0 30.288 19.418
67 2020 2 19 0 30.802 19.263
68 2020 2 19 0 31.894 19.158
69 2020 2 19 0 30.833 19.158
70 2020 2 19 0 32.157 19.231
71 2020 2 19 0 30.668 18.275
72 2020 2 19 0 30.877 18.2
73 2020 2 19 0 31.94 17.685
74 2020 2 19 0.35319 30.837 18.192
75 2020 2 19 0 31.073 18.115
76 2020 2 19 0 30.69 18.26
77 2020 2 19 0 30.652 18.29
78 2020 2 19 0 30.616 18.303
79 2020 2 19 0 30.697 18.251
80 2020 2 19 0 32.44 16.838
81 2020 2 19 0 34.479 17.885
82 2020 2 19 0 34.365 17.48
83 2020 2 19 0 33.99 17.12
84 2020 2 19 0 34.093 17.231
85 2020 2 19 0 34.284 17.518
86 2020 2 19 0 34.827 18.242
87 2020 2 19 0 34.221 17.52
88 2020 2 19 0 34.504 17.873
89 2020 2 19 0 34.395 17.539
90 2020 2 19 0 34.686 18.1
91 2020 2 19 0 33.528 17.124
92 2020 2 19 0 33.553 17.653
93 2020 2 19 0 33.783 17.683
94 2020 2 19 0 33.795 17.709
95 2020 2 19 0 31.732 14.59
96 2020 2 19 0 31.129 14.017
97 2020 2 19 0 32.235 15.364
98 2020 2 19 0 32.165 15.244
99 2020 2 19 0 33.075 16.381
100 2020 2 19 0 32.831 16.02
102 2020 2 19 0 34.287 18.722
103 2020 2 19 0 34.402 18.446
104 2020 2 19 0 34.332 18.5
105 2020 2 19 0 34.442 18.947
106 2020 2 19 0 34.414 18.275
107 2020 2 19 0 34.331 19.494
109 2020 2 19 0 34.031 19.656
110 2020 2 19 0 34.174 19.593
111 2020 2 19 0 34.129 19.571
112 2020 2 19 0 33.917 19.741
113 2020 2 19 0 34.807 17.466
114 2020 2 19 0 34.577 17.51
115 2020 2 19 0 34.832 17.553
116 2020 2 19 0 34.77 17.664
117 2020 2 19 0 34.727 17.492
118 2020 2 19 0 34.564 17.517
119 2020 2 19 0 34.438 17.534
120 2020 2 19 0 32.063 15.892
121 2020 2 19 0 32.807 16.787
122 2020 2 19 0 32.466 16.748
123 2020 2 19 0 32.675 16.785
124 2020 2 19 0 33.001 17.226
125 2020 2 19 0 33.487 17.788
126 2020 2 19 0 32.81 16.583
127 2020 2 19 0 31.243 15.118
128 2020 2 19 0 31.522 14.718
129 2020 2 19 0 30.16 18.996
130 2020 2 19 0 29.936 19.42
131 2020 2 19 0 30.002 19.063
132 2020 2 19 0 32.514 17.73
133 2020 2 19 0 30.515 18.964
134 2020 2 19 0 31.83 18.083
135 2020 2 19 0 30.295 18.763
136 2020 2 19 0 33.146 17.635
137 2020 2 19 0 31.236 18.664
138 2020 2 19 0 32.089 17.659
139 2020 2 19 0 31.229 18.299
140 2020 2 19 0 31.179 18.51
141 2020 2 19 0 30.119 18.943
142 2020 2 19 0 33.95 18.062
143 2020 2 19 0 32.911 16.24
144 2020 2 19 0 31.9 15.147
145 2020 2 19 0 30.783 13.814
146 2020 2 19 0 30.585 12.985
147 2020 2 19 0 33.575 16.938
148 2020 2 19 0 33.606 16.89
149 2020 2 19 0 31.193 14.405
150 2020 2 19 0 31.031 14.258
151 2020 2 19 0 34.504 19.365
152 2020 2 19 0 34.243 19.438
153 2020 2 19 0 34.516 19.348
154 2020 2 19 0 34.43 19.42
155 2020 2 19 0 34.147 19.556
156 2020 2 19 0 34.199 19.282
157 2020 2 19 0 34.345 19.291
158 2020 2 19 0 34.532 19.341
159 2020 2 19 0 34.421 19.435
160 2020 2 19 0 34.127 18.989
161 2020 2 19 0 33.608 18.129
162 2020 2 19 0 33.956 18.583
164 2020 2 19 0 33.412 17.957
165 2020 2 19 0 33.801 18.6
166 2020 2 19 0 34.028 18.522
167 2020 2 19 0 33.45 18.369
168 2020 2 19 0 33.839 18.61
169 2020 2 19 0 33.416 18.15
170 2020 2 19 0 33.782 18.515
171 2020 2 19 0 33.583 19.095
172 2020 2 19 0 33.697 19.417
173 2020 2 19 0 33.716 19.52
174 2020 2 19 0 34.696 18.31
175 2020 2 19 0 34.555 18.245
176 2020 2 19 0 34.58 17.574
177 2020 2 19 0 34.571 18.818
178 2020 2 19 0 34.694 18.739
179 2020 2 19 0 34.78 17.824
180 2020 2 19 0 34.462 18.536
181 2020 2 19 0 34.725 17.89
182 2020 2 19 0 33.944 19.747
183 2020 2 19 0 33.809 19.773
184 2020 2 19 0 33.863 19.836
185 2020 2 19 0 33.812 19.853
186 2020 2 19 0 33.68 19.857
187 2020 2 19 0 33.828 19.877
188 2020 2 19 0 34.744 19.04
189 2020 2 19 0 33.965 19.357
190 2020 2 19 0 34.177 19.288
191 2020 2 19 0 34.085 19.532
192 2020 2 19 0 33.913 19.585
195 2020 2 19 0 29.866 18.567
196 2020 2 19 0 30.156 18.387
197 2020 2 19 0 30.155 18.387
198 2020 2 19 0 30.337 18.345
199 2020 2 19 0 32.722 18.2
200 2020 2 19 0 32.199 18.047
201 2020 2 19 0 32.172 18.255
202 2020 2 19 0 31.963 18.242
203 2020 2 19 0 33.002 17.938
204 2020 2 19 0 33.857 17.084
205 2020 2 19 0 32.198 15.507
206 2020 2 19 0 33.653 16.942
207 2020 2 19 0 33.683 17.011
208 2020 2 19 0 33.227 16.565
209 2020 2 19 0 33.321 16.67
210 2020 2 19 0 34.776 17.588
211 2020 2 19 0 34.665 17.843
212 2020 2 19 0 34.751 17.701
213 2020 2 19 0 34.473 18.059
214 2020 2 19 0 34.443 18.269
215 2020 2 19 0 34.551 18.034
216 2020 2 19 0 33.141 19.029
217 2020 2 19 0 33.485 18.093
218 2020 2 19 0 32.56 19.256
219 2020 2 19 0 32.979 19.521
220 2020 2 19 0 33.414 19.592
221 2020 2 19 0 33.362 19.665
222 2020 2 19 0 32.528 18.671
223 2020 2 19 0 33.854 18.874
224 2020 2 19 0 33.617 19.412
225 2020 2 19 0 33.578 19.526
226 2020 2 19 0 33.547 19.57
227 2020 2 19 0 32.992 19.699
228 2020 2 19 0 32.782 19.558
229 2020 2 19 0 32.418 19.255
230 2020 2 19 0 32.318 19.232
231 2020 2 19 0 33.186 19.794
232 2020 2 19 0 32.052 19.077
233 2020 2 19 0 34.164 17.371
234 2020 2 19 0 33.845 17.099
235 2020 2 19 0 33.772 17.074
236 2020 2 19 0 34.154 17.394
237 2020 2 19 0 34.15 17.288
238 2020 2 19 0 33.928 17.219
239 2020 2 19 0 33.993 18.088
240 2020 2 19 0 33.899 19.158
241 2020 2 19 0 34.29 18.566
242 2020 2 19 0 33.748 19.279
243 2020 2 19 0 33.568 19.036
244 2020 2 19 0 34.032 18.759
245 2020 2 19 0 34.034 18.304
246 2020 2 19 0 33.956 18.629
247 2020 2 19 0 33.994 18.229
248 2020 2 19 0 33.803 17.73
249 2020 2 19 0 34.067 18.171
250 2020 2 19 0 33.811 17.838
251 2020 2 19 0 34.185 18.196
252 2020 2 19 0 33.97 18.251
0 2020 2 19 0.52654 32.023 17.499
