1 2020 5 8 0 41.851 26.714
2 2020 5 8 0 41.11 26.044
3 2020 5 8 0 41.91 26.673
4 2020 5 8 0 41.287 26.251
5 2020 5 8 0 40.467 25.564
6 2020 5 8 0 40.929 25.632
7 2020 5 8 0 41.666 26.237
8 2020 5 8 0 41.045 26.033
9 2020 5 8 0 41.29 26.261
10 2020 5 8 0 40.73 25.838
11 2020 5 8 0 41.787 26.454
12 2020 5 8 0 41.231 26.354
13 2020 5 8 0 41.359 26.273
14 2020 5 8 0 41.658 26.153
15 2020 5 8 0 41.895 26.341
16 2020 5 8 0 42.044 26.362
17 2020 5 8 0 42.09 26.297
18 2020 5 8 0 41.668 26.66
19 2020 5 8 0 41.122 25.455
20 2020 5 8 0 40.028 25.694
21 2020 5 8 0 40.946 25.284
22 2020 5 8 0 40.853 25.465
23 2020 5 8 0 40.071 25.082
24 2020 5 8 0 39.977 25.43
25 2020 5 8 0 40.485 25.449
26 2020 5 8 0 39.575 24.994
27 2020 5 8 0 40.093 25.409
28 2020 5 8 0 40.731 25.129
29 2020 5 8 0 40.05 25.974
30 2020 5 8 0 40.867 26.159
31 2020 5 8 0 40.825 25.004
32 2020 5 8 0 41.075 26.573
33 2020 5 8 0 39.42 26.352
34 2020 5 8 0 39.857 26.139
35 2020 5 8 0 39.055 26.493
36 2020 5 8 0 38.923 26.336
37 2020 5 8 0 40.717 25.971
38 2020 5 8 0 39.291 26.68
39 2020 5 8 0 38.96 26.871
40 2020 5 8 0 39.633 26.07
41 2020 5 8 0 38.837 26.722
42 2020 5 8 0 41.274 26.535
43 2020 5 8 0 41.023 27.258
44 2020 5 8 0 40.892 27.08
45 2020 5 8 0 41.938 26.914
46 2020 5 8 0 40.962 26.786
47 2020 5 8 0 41.44 27.267
48 2020 5 8 0 41.769 27.247
49 2020 5 8 0 41.702 26.677
51 2020 5 8 0 41.977 26.676
52 2020 5 8 0 42.131 26.645
53 2020 5 8 0 41.807 26.664
54 2020 5 8 0 42.057 26.62
55 2020 5 8 0 35.342 25.88
56 2020 5 8 0 36.263 25.989
57 2020 5 8 0 34.6 25.806
58 2020 5 8 0 36.492 25.938
59 2020 5 8 0 35.199 25.941
60 2020 5 8 0 34.711 25.785
61 2020 5 8 0 33.288 20.379
62 2020 5 8 0 36.083 25.761
63 2020 5 8 0 35.247 26.047
64 2020 5 8 0 33.684 20.256
65 2020 5 8 0 34.462 19.683
66 2020 5 8 0 32.942 20.678
67 2020 5 8 0 33.525 20.37
68 2020 5 8 0 34.471 19.63
69 2020 5 8 0 33.508 20.386
70 2020 5 8 0 34.34 19.494
71 2020 5 8 0 32.044 20.16
72 2020 5 8 0 35.888 25.97
73 2020 5 8 0 36.966 25.894
74 2020 5 8 0 35.824 25.965
75 2020 5 8 0 36.06 25.967
76 2020 5 8 0 35.682 25.974
77 2020 5 8 0 32.019 20.175
78 2020 5 8 0 31.944 20.159
79 2020 5 8 0 35.688 25.972
80 2020 5 8 0 37.755 25.61
81 2020 5 8 0 41.999 26.52
82 2020 5 8 0 41.662 27.015
83 2020 5 8 0 42.055 26.789
84 2020 5 8 0 41.969 26.744
85 2020 5 8 0 41.941 26.616
86 2020 5 8 0 42.066 26.412
87 2020 5 8 0 41.964 26.608
88 2020 5 8 0 41.942 26.497
89 2020 5 8 0 41.713 26.822
90 2020 5 8 0 41.998 26.445
91 2020 5 8 0 41.596 26.454
92 2020 5 8 0 41.303 26.208
93 2020 5 8 0 41.555 26.479
94 2020 5 8 0 41.484 26.444
95 2020 5 8 0 41.086 25.305
96 2020 5 8 0 40.918 25.11
97 2020 5 8 0 41.006 25.517
98 2020 5 8 0 41.39 25.671
99 2020 5 8 0 41.882 26.25
100 2020 5 8 0 41.439 26.016
102 2020 5 8 0 39.058 27.034
103 2020 5 8 0 39.882 27.102
104 2020 5 8 0 39.68 27.009
105 2020 5 8 0 38.914 27.12
106 2020 5 8 0 40.212 27.108
107 2020 5 8 0 35.787 20.717
109 2020 5 8 0 35.057 20.918
110 2020 5 8 0 35.421 20.599
111 2020 5 8 0 38.846 26.517
112 2020 5 8 0 34.752 20.876
113 2020 5 8 0 40.892 27.224
114 2020 5 8 0 41.328 27.235
115 2020 5 8 0 40.648 27.169
116 2020 5 8 0 40.548 27.17
117 2020 5 8 0 41.016 27.194
118 2020 5 8 0 41.576 27.321
119 2020 5 8 0 41.628 27.284
120 2020 5 8 0 40.393 25.307
121 2020 5 8 0 40.838 25.759
122 2020 5 8 0 40.245 25.417
123 2020 5 8 0 39.814 25.419
124 2020 5 8 0 40.098 25.423
125 2020 5 8 0 40.572 25.68
126 2020 5 8 0 39.225 25.452
127 2020 5 8 0 39.772 24.802
128 2020 5 8 0 40.449 24.986
129 2020 5 8 0 32.38 20.597
130 2020 5 8 0 32.47 20.759
131 2020 5 8 0 32.255 20.626
132 2020 5 8 0 38.614 25.356
133 2020 5 8 0 32.786 20.44
134 2020 5 8 0.12842 37.07 25.385
135 2020 5 8 0 35.258 25.929
136 2020 5 8 0.16471 39.229 24.989
137 2020 5 8 0 35.781 25.814
138 2020 5 8 0.26203 37.785 25.206
139 2020 5 8 0 36.683 25.702
140 2020 5 8 0 36.876 25.866
141 2020 5 8 0 32.249 20.493
142 2020 5 8 0 40.441 25.024
143 2020 5 8 0 42.187 26.167
144 2020 5 8 0 41.539 25.674
145 2020 5 8 0 40.906 25.238
146 2020 5 8 0 40.842 25.255
147 2020 5 8 0 42.365 26.515
148 2020 5 8 0 42.422 26.513
149 2020 5 8 0 41.112 25.347
150 2020 5 8 0 41.029 25.297
151 2020 5 8 0 38.79 26.352
152 2020 5 8 0 38.228 26.729
153 2020 5 8 0 38.766 26.295
154 2020 5 8 0 38.801 26.588
155 2020 5 8 0 38.1 26.734
156 2020 5 8 0 38.263 26.783
157 2020 5 8 0 38.695 26.68
158 2020 5 8 0 38.783 26.272
159 2020 5 8 0 38.772 26.592
160 2020 5 8 0 38.294 26.937
161 2020 5 8 0 40.294 25.524
162 2020 5 8 0 40.382 25.543
164 2020 5 8 0 39.87 25.475
165 2020 5 8 0 40.283 25.559
166 2020 5 8 0 40.388 25.687
167 2020 5 8 0 39.869 25.527
168 2020 5 8 0 40.366 25.417
169 2020 5 8 0 39.863 25.495
170 2020 5 8 0 40.252 25.55
171 2020 5 8 0 34.54 21.016
172 2020 5 8 0 36.696 27.054
173 2020 5 8 0 34.508 21.319
174 2020 5 8 0 40.777 26.613
175 2020 5 8 0 40.331 26.936
176 2020 5 8 0 41.366 27.017
177 2020 5 8 0 39.903 26.464
178 2020 5 8 0 40.531 26.281
179 2020 5 8 0 41.217 26.82
180 2020 5 8 0 39.998 26.829
181 2020 5 8 0 40.646 26.994
182 2020 5 8 0 34.867 20.58
183 2020 5 8 0 34.438 21.155
184 2020 5 8 0 34.139 21.277
185 2020 5 8 0 34.496 20.579
186 2020 5 8 0 34.499 20.366
187 2020 5 8 0 34.458 20.561
188 2020 5 8 0 39.28 27.33
189 2020 5 8 0 37.433 27.015
190 2020 5 8 0 37.862 27.096
191 2020 5 8 0 37.691 26.829
192 2020 5 8 0 37.376 26.913
195 2020 5 8 0 31.7 20.395
196 2020 5 8 0 31.762 20.362
197 2020 5 8 0 31.63 20.275
198 2020 5 8 0 31.825 20.295
199 2020 5 8 0 38.728 25.61
200 2020 5 8 0 37.605 25.788
201 2020 5 8 0 37.797 25.787
202 2020 5 8 0 37.896 25.767
203 2020 5 8 0 39.321 25.522
204 2020 5 8 0 42.162 26.755
205 2020 5 8 0 41.726 25.862
206 2020 5 8 0 42.345 26.592
207 2020 5 8 0 42.234 26.687
208 2020 5 8 0 42.199 26.38
209 2020 5 8 0 42.344 26.409
210 2020 5 8 0 40.533 27.117
211 2020 5 8 0 40.462 27.151
212 2020 5 8 0 40.533 27.164
213 2020 5 8 0.10507 40.292 27.063
214 2020 5 8 0 40.223 27.116
215 2020 5 8 0 40.368 27.134
216 2020 5 8 0 37.749 25.415
217 2020 5 8 0 39.277 25.034
218 2020 5 8 0 36.954 25.464
219 2020 5 8 0 36.766 25.681
220 2020 5 8 0 35.67 19.096
221 2020 5 8 0 36.752 25.777
222 2020 5 8 0.10204 37.242 25.386
223 2020 5 8 0 39.033 25.314
224 2020 5 8 0 38.013 25.571
225 2020 5 8 0 37.392 25.705
226 2020 5 8 0 37.467 25.68
227 2020 5 8 0 36.114 25.894
228 2020 5 8 0 35.093 19.19
229 2020 5 8 0 35.142 19.161
230 2020 5 8 0 35.003 19.256
231 2020 5 8 0 35.167 19.193
232 2020 5 8 0 34.925 19.331
233 2020 5 8 0 41.879 27.062
234 2020 5 8 0 42.129 26.806
235 2020 5 8 0 42.161 26.765
236 2020 5 8 0 41.894 27.115
237 2020 5 8 0 41.949 27.046
238 2020 5 8 0 42.051 26.91
239 2020 5 8 0 40.299 25.253
240 2020 5 8 0 38.661 25.481
241 2020 5 8 0 39.705 25.396
242 2020 5 8 0 38.136 25.582
243 2020 5 8 0 38.029 25.579
244 2020 5 8 0 39.233 25.338
245 2020 5 8 0 39.893 25.18
246 2020 5 8 0 39.054 25.414
247 2020 5 8 0 40.073 25.119
248 2020 5 8 0 40.523 25.035
249 2020 5 8 0 40.715 25.12
250 2020 5 8 0 40.525 25.217
251 2020 5 8 0 40.483 25.002
252 2020 5 8 0 40.531 25.323
0 2020 5 8 0 37.766 25.77
