1 2020 5 18 0 40.557 28.137
2 2020 5 18 0.13401 39.866 27.095
3 2020 5 18 0 40.717 28.121
4 2020 5 18 0 39.826 27.448
5 2020 5 18 0 39.563 26.508
6 2020 5 18 0 40.04 27.001
7 2020 5 18 0 40.387 27.425
8 2020 5 18 0.39511 39.598 27.15
9 2020 5 18 0 39.875 27.468
10 2020 5 18 0 39.325 26.889
11 2020 5 18 0 40.995 28.13
12 2020 5 18 0 40.882 28.021
13 2020 5 18 0 40.826 27.922
14 2020 5 18 0 40.719 27.685
15 2020 5 18 0 40.875 27.912
16 2020 5 18 0 40.871 27.847
17 2020 5 18 0 40.798 27.652
18 2020 5 18 0 41.162 28.277
19 2020 5 18 0 39.908 27.107
20 2020 5 18 0 39.006 26.746
21 2020 5 18 0 39.876 26.975
22 2020 5 18 0 39.603 27.035
23 2020 5 18 0 38.933 26.518
24 2020 5 18 0.10717 38.867 26.6
25 2020 5 18 0 39.287 26.887
26 2020 5 18 0.27606 38.429 26.28
27 2020 5 18 0 38.969 26.636
28 2020 5 18 0 39.747 26.692
29 2020 5 18 0 39.108 26.838
30 2020 5 18 0 39.721 27.159
31 2020 5 18 0 40.056 26.583
32 2020 5 18 0 39.958 27.36
33 2020 5 18 0 40.473 27.876
34 2020 5 18 0 40.631 27.763
35 2020 5 18 0 40.241 27.993
36 2020 5 18 0.10538 40.072 27.565
37 2020 5 18 0 40.61 27.753
38 2020 5 18 0 40.647 28.212
39 2020 5 18 0 40.578 28.464
40 2020 5 18 0 40.29 27.5
41 2020 5 18 0 40.305 28.324
42 2020 5 18 0.48958 40.824 28.47
43 2020 5 18 0 41.306 28.696
44 2020 5 18 0 41.185 28.532
45 2020 5 18 0 41.204 28.856
46 2020 5 18 0.2972 40.974 28.414
47 2020 5 18 0 41.186 28.973
48 2020 5 18 0 41.196 29.091
49 2020 5 18 0 40.929 28.751
51 2020 5 18 0 40.732 28.217
52 2020 5 18 0 41.204 28.339
53 2020 5 18 0 40.381 28.073
54 2020 5 18 0.14984 40.665 28.238
55 2020 5 18 0 34.935 26.702
56 2020 5 18 0 36 26.674
57 2020 5 18 0 34.439 26.887
58 2020 5 18 0 36.081 26.579
59 2020 5 18 0 35.121 26.883
60 2020 5 18 0 34.387 26.8
61 2020 5 18 0 33.288 20.379
62 2020 5 18 0 34.906 26.843
63 2020 5 18 0 34.437 27.002
64 2020 5 18 0 33.684 20.256
65 2020 5 18 0 34.462 19.683
66 2020 5 18 0 32.942 20.678
67 2020 5 18 0 33.525 20.37
68 2020 5 18 0 34.471 19.63
69 2020 5 18 0 33.508 20.386
70 2020 5 18 0 34.34 19.494
71 2020 5 18 0 32.044 20.16
72 2020 5 18 0 35.177 26.682
73 2020 5 18 0 36.44 26.425
74 2020 5 18 0 35.093 26.692
75 2020 5 18 0 35.387 26.643
76 2020 5 18 0 34.921 26.731
77 2020 5 18 0 32.019 20.175
78 2020 5 18 0 31.944 20.159
79 2020 5 18 0 34.931 26.725
80 2020 5 18 0 37.205 26.167
81 2020 5 18 0 40.753 27.939
82 2020 5 18 0 41.306 28.615
83 2020 5 18 0 41.462 28.49
84 2020 5 18 0 41.389 28.371
85 2020 5 18 0 41.281 28.261
86 2020 5 18 0 40.833 27.837
87 2020 5 18 0 41.032 28.147
88 2020 5 18 0 41.064 28.117
89 2020 5 18 0 41.291 28.428
90 2020 5 18 0 40.898 27.955
91 2020 5 18 0.3577 40.203 27.81
92 2020 5 18 0.17889 39.865 27.445
93 2020 5 18 0.28462 40.092 27.755
94 2020 5 18 0 40.03 27.72
95 2020 5 18 0.14112 40.254 26.908
96 2020 5 18 0.11783 40.133 26.791
97 2020 5 18 0 40.003 26.973
98 2020 5 18 0.33081 40.384 27.34
99 2020 5 18 0.23276 40.619 27.95
100 2020 5 18 0.1776 40.284 27.488
102 2020 5 18 0.29521 40.722 28.635
103 2020 5 18 0.9478 41.347 28.477
104 2020 5 18 0.11474 41.184 28.421
105 2020 5 18 0 40.538 28.813
106 2020 5 18 0.21281 41.599 28.376
107 2020 5 18 0 35.787 20.717
109 2020 5 18 0 35.057 20.918
110 2020 5 18 0 35.421 20.599
111 2020 5 18 0 40.092 27.779
112 2020 5 18 0 34.752 20.876
113 2020 5 18 0 41.333 28.578
114 2020 5 18 0 41.279 28.759
115 2020 5 18 0 41.39 28.427
116 2020 5 18 0.41246 41.443 28.417
117 2020 5 18 0 41.317 28.581
118 2020 5 18 0 41.227 29.021
119 2020 5 18 0 41.235 28.949
120 2020 5 18 0.19095 39.202 26.684
121 2020 5 18 0.1394 39.516 27.065
122 2020 5 18 0.57933 38.941 26.661
123 2020 5 18 0.29782 38.795 26.462
124 2020 5 18 3.1932 38.958 26.493
125 2020 5 18 9.4341 39.301 26.757
126 2020 5 18 0.13578 38.404 26.286
127 2020 5 18 0.34471 38.656 26.225
128 2020 5 18 0 39.545 26.466
129 2020 5 18 0 32.38 20.597
130 2020 5 18 0 32.47 20.759
131 2020 5 18 0 32.255 20.626
132 2020 5 18 0 37.732 26.48
133 2020 5 18 0 32.786 20.44
134 2020 5 18 0.13029 36.221 26.705
135 2020 5 18 0 35.056 26.975
136 2020 5 18 0 38.011 26.429
137 2020 5 18 0 35.081 26.901
138 2020 5 18 0 36.894 26.606
139 2020 5 18 0 36.302 26.735
140 2020 5 18 0 36.526 26.658
141 2020 5 18 0 32.249 20.493
142 2020 5 18 0 39.222 26.309
143 2020 5 18 0 40.951 28.176
144 2020 5 18 0 40.476 27.56
145 2020 5 18 0 39.866 27.015
146 2020 5 18 0 39.499 26.957
147 2020 5 18 0 41.062 28.413
148 2020 5 18 0 41.308 28.481
149 2020 5 18 0 40.175 27.168
150 2020 5 18 0.10184 39.789 27.124
151 2020 5 18 0 40.015 27.451
152 2020 5 18 0 39.745 28.225
153 2020 5 18 0 39.988 27.314
154 2020 5 18 0 40.077 28.009
155 2020 5 18 0 39.633 28.204
156 2020 5 18 0 39.872 28.384
157 2020 5 18 0 40.109 28.246
158 2020 5 18 0 39.984 27.309
159 2020 5 18 0 40.057 27.963
160 2020 5 18 0 40.103 28.663
161 2020 5 18 1.572 39.044 26.557
162 2020 5 18 0 39.226 26.402
164 2020 5 18 0 38.815 26.365
165 2020 5 18 0.13463 39.032 26.467
166 2020 5 18 0 39.321 26.488
167 2020 5 18 0 38.71 26.406
168 2020 5 18 0 39.041 26.38
169 2020 5 18 0 38.751 26.38
170 2020 5 18 0 39.037 26.403
171 2020 5 18 0 34.54 21.016
172 2020 5 18 0 38.739 28.987
173 2020 5 18 0 34.508 21.319
174 2020 5 18 0 41.077 28.12
175 2020 5 18 0 41.404 28.264
176 2020 5 18 0 41.27 28.524
177 2020 5 18 0 40.928 27.966
178 2020 5 18 0 40.826 27.897
179 2020 5 18 0 41.168 28.298
180 2020 5 18 0 41.281 28.204
181 2020 5 18 0 41.343 28.325
182 2020 5 18 0 34.867 20.58
183 2020 5 18 0 34.438 21.155
184 2020 5 18 0 34.139 21.277
185 2020 5 18 0 34.496 20.579
186 2020 5 18 0 34.499 20.366
187 2020 5 18 0 34.458 20.561
188 2020 5 18 0 40.78 28.954
189 2020 5 18 0 39.373 28.777
190 2020 5 18 0 39.679 28.913
191 2020 5 18 0 39.396 28.393
192 2020 5 18 0 39.234 28.558
195 2020 5 18 0 31.7 20.395
196 2020 5 18 0 31.762 20.362
197 2020 5 18 0 31.63 20.275
198 2020 5 18 0 31.825 20.295
199 2020 5 18 0 37.868 26.47
200 2020 5 18 0 36.98 26.472
201 2020 5 18 0 37.149 26.52
202 2020 5 18 0 37.311 26.512
203 2020 5 18 0 38.396 26.399
204 2020 5 18 0 41.375 28.583
205 2020 5 18 0.85155 40.533 27.808
206 2020 5 18 0 41.343 28.552
207 2020 5 18 0 41.325 28.633
208 2020 5 18 0.62644 41.158 28.386
209 2020 5 18 0.15476 41.222 28.45
210 2020 5 18 0.56012 41.368 28.367
211 2020 5 18 0.78348 41.502 28.402
212 2020 5 18 0.67138 41.454 28.416
213 2020 5 18 4.3731 41.553 28.323
214 2020 5 18 2.6874 41.588 28.395
215 2020 5 18 0.32643 41.563 28.384
216 2020 5 18 0 36.105 26.731
217 2020 5 18 0 37.94 26.484
218 2020 5 18 0 35.333 26.669
219 2020 5 18 0 35.579 26.493
220 2020 5 18 0 35.67 19.096
221 2020 5 18 0 36.102 26.268
222 2020 5 18 0.2265 35.795 26.668
223 2020 5 18 0 37.492 26.717
224 2020 5 18 0 36.24 26.964
225 2020 5 18 0 37.085 26.172
226 2020 5 18 0 36.331 26.613
227 2020 5 18 0 35.706 26.09
228 2020 5 18 0 35.093 19.19
229 2020 5 18 0 35.142 19.161
230 2020 5 18 0 35.003 19.256
231 2020 5 18 0 35.167 19.193
232 2020 5 18 0 34.925 19.331
233 2020 5 18 0 41.324 28.755
234 2020 5 18 0 41.304 28.74
235 2020 5 18 0 41.312 28.697
236 2020 5 18 0 41.25 28.896
237 2020 5 18 0 41.26 28.914
238 2020 5 18 0 41.297 28.746
239 2020 5 18 0 39.793 26.598
240 2020 5 18 0 37.297 26.746
241 2020 5 18 0 39.721 26.313
242 2020 5 18 0 37.209 26.528
243 2020 5 18 0 37.691 26.208
244 2020 5 18 0 38.472 26.358
245 2020 5 18 0.15383 39.208 26.298
246 2020 5 18 0 39.027 26.099
247 2020 5 18 0.38768 39.041 26.442
248 2020 5 18 0.22396 39.61 26.442
249 2020 5 18 0.11768 39.562 26.349
250 2020 5 18 0 39.586 26.449
251 2020 5 18 0.16241 39.274 26.386
252 2020 5 18 0 39.44 26.392
0 2020 5 18 0 36.949 26.424
