1 2020 5 13 0 40.603 27.478
2 2020 5 13 0 40.248 26.774
3 2020 5 13 0 40.695 27.532
4 2020 5 13 0 40.109 26.636
5 2020 5 13 0 39.838 26.478
6 2020 5 13 0 40.207 26.8
7 2020 5 13 0 40.748 27.193
8 2020 5 13 0 39.908 26.302
9 2020 5 13 0 40.218 26.843
10 2020 5 13 0 39.774 26.217
11 2020 5 13 0 41.027 27.667
12 2020 5 13 0 41.023 27.517
13 2020 5 13 0 41.001 27.443
14 2020 5 13 0 40.97 27.331
15 2020 5 13 0 41.081 27.536
16 2020 5 13 0 41.128 27.537
17 2020 5 13 0 41.172 27.451
18 2020 5 13 0 41.041 27.849
19 2020 5 13 0 39.254 26.305
20 2020 5 13 0 38.962 26.263
21 2020 5 13 0 38.98 25.966
22 2020 5 13 0 39.027 26.259
23 2020 5 13 0 38.549 25.657
24 2020 5 13 0 38.711 25.899
25 2020 5 13 0 38.672 26.064
26 2020 5 13 0 38.405 25.452
27 2020 5 13 0 38.644 25.872
28 2020 5 13 0 39.266 25.872
29 2020 5 13 0 39.1 26.587
30 2020 5 13 0 39.356 26.541
31 2020 5 13 0 39.513 25.724
32 2020 5 13 0 39.748 26.954
33 2020 5 13 0 40.461 27.322
34 2020 5 13 0 40.766 27.171
35 2020 5 13 0 40.089 27.417
36 2020 5 13 0 39.783 27.321
37 2020 5 13 0 40.684 27.137
38 2020 5 13 0 40.451 27.656
39 2020 5 13 0 40.198 27.885
40 2020 5 13 0 40.132 27.163
41 2020 5 13 0 40.016 27.681
42 2020 5 13 0 40.778 27.659
43 2020 5 13 0 41.239 28.428
44 2020 5 13 0 41.2 28.214
45 2020 5 13 0 40.567 28.119
46 2020 5 13 0 40.981 27.894
47 2020 5 13 0 40.783 28.531
48 2020 5 13 0 40.557 28.533
49 2020 5 13 0 40.583 27.892
51 2020 5 13 0 40.632 27.497
52 2020 5 13 0 40.733 27.651
53 2020 5 13 0 40.53 27.351
54 2020 5 13 0 40.598 27.399
55 2020 5 13 0 35.288 26.555
56 2020 5 13 0 36.379 26.369
57 2020 5 13 0 34.918 26.716
58 2020 5 13 0 36.412 26.457
59 2020 5 13 0 35.589 26.527
60 2020 5 13 0 34.807 26.709
61 2020 5 13 0 33.288 20.379
62 2020 5 13 0 35.419 26.349
63 2020 5 13 0 34.92 26.561
64 2020 5 13 0 33.684 20.256
65 2020 5 13 0 34.462 19.683
66 2020 5 13 0 32.942 20.678
67 2020 5 13 0 33.525 20.37
68 2020 5 13 0 34.471 19.63
69 2020 5 13 0 33.508 20.386
70 2020 5 13 0 34.34 19.494
71 2020 5 13 0 32.044 20.16
72 2020 5 13 0 35.531 26.836
73 2020 5 13 0 36.712 26.617
74 2020 5 13 0 35.453 26.851
75 2020 5 13 0 35.726 26.806
76 2020 5 13 0 35.299 26.879
77 2020 5 13 0 32.019 20.175
78 2020 5 13 0 31.944 20.159
79 2020 5 13 0 35.304 26.878
80 2020 5 13 0 37.477 26.335
81 2020 5 13 0 40.918 27.512
82 2020 5 13 0 40.835 28.164
83 2020 5 13 0 40.751 27.933
84 2020 5 13 0 40.812 27.889
85 2020 5 13 0 40.895 27.793
86 2020 5 13 0 41.079 27.521
87 2020 5 13 0 40.842 27.659
88 2020 5 13 0 40.955 27.665
89 2020 5 13 0 40.932 27.992
90 2020 5 13 0 41.018 27.57
91 2020 5 13 0 40.344 27.042
92 2020 5 13 0 40.037 26.539
93 2020 5 13 0 40.311 26.956
94 2020 5 13 0 40.296 26.984
95 2020 5 13 0 39.711 25.997
96 2020 5 13 0 39.239 25.732
97 2020 5 13 0 39.842 26.166
98 2020 5 13 0 39.842 26.367
99 2020 5 13 0 40.324 27.012
100 2020 5 13 0 40.19 26.706
102 2020 5 13 0 40.354 28.078
103 2020 5 13 0.17806 40.992 28.117
104 2020 5 13 0 40.806 28.025
105 2020 5 13 0 40.328 28.17
106 2020 5 13 0 41.228 28.115
107 2020 5 13 0 35.787 20.717
109 2020 5 13 0 35.057 20.918
110 2020 5 13 0 35.421 20.599
111 2020 5 13 0 39.853 27.419
112 2020 5 13 0 34.752 20.876
113 2020 5 13 0 41.382 28.352
114 2020 5 13 0 40.964 28.381
115 2020 5 13 0 41.556 28.262
116 2020 5 13 0 41.526 28.243
117 2020 5 13 0 41.285 28.314
118 2020 5 13 0 40.691 28.565
119 2020 5 13 0 40.646 28.46
120 2020 5 13 0 39.171 25.751
121 2020 5 13 0 39.591 26.142
122 2020 5 13 0 39.047 25.757
123 2020 5 13 0 38.944 26.068
124 2020 5 13 0 39.186 25.993
125 2020 5 13 0 39.581 26.132
126 2020 5 13 0 38.617 26.187
127 2020 5 13 0 38.546 25.254
128 2020 5 13 0 39.299 25.594
129 2020 5 13 0 32.38 20.597
130 2020 5 13 0 32.47 20.759
131 2020 5 13 0 32.255 20.626
132 2020 5 13 0 38.257 25.847
133 2020 5 13 0 32.786 20.44
134 2020 5 13 0 36.807 26.052
135 2020 5 13 0 35.581 26.478
136 2020 5 13 0 38.638 25.67
137 2020 5 13 0 35.605 26.388
138 2020 5 13 0 37.499 25.887
139 2020 5 13 0 36.811 26.194
140 2020 5 13 0 36.956 26.217
141 2020 5 13 0 32.249 20.493
142 2020 5 13 0 39.849 25.599
143 2020 5 13 0 40.277 27.018
144 2020 5 13 0 39.54 26.346
145 2020 5 13 0 38.712 25.778
146 2020 5 13 0 38.714 26.002
147 2020 5 13 0 40.68 27.428
148 2020 5 13 0 40.723 27.525
149 2020 5 13 0 39.009 25.894
150 2020 5 13 0 38.841 25.822
151 2020 5 13 0 39.684 27.33
152 2020 5 13 0 39.455 27.611
153 2020 5 13 0 39.624 27.298
154 2020 5 13 0 39.855 27.474
155 2020 5 13 0 39.345 27.603
156 2020 5 13 0 39.532 27.711
157 2020 5 13 0 39.832 27.601
158 2020 5 13 0 39.612 27.288
159 2020 5 13 0 39.838 27.471
160 2020 5 13 0 39.686 27.956
161 2020 5 13 0 39.498 25.911
162 2020 5 13 0 39.675 26.1
164 2020 5 13 0 39.276 25.809
165 2020 5 13 0 39.537 25.924
166 2020 5 13 0 39.734 26.286
167 2020 5 13 0 39.199 25.839
168 2020 5 13 0 39.601 25.79
169 2020 5 13 0 39.231 25.809
170 2020 5 13 0 39.532 25.93
171 2020 5 13 0 34.54 21.016
172 2020 5 13 0 38.326 27.898
173 2020 5 13 0 34.508 21.319
174 2020 5 13 0 41.17 27.718
175 2020 5 13 0 41.266 27.97
176 2020 5 13 0 41.084 28.16
177 2020 5 13 0 40.971 27.469
178 2020 5 13 0 40.994 27.367
179 2020 5 13 0 41.292 27.978
180 2020 5 13 0 41.074 27.833
181 2020 5 13 0 41.398 28.08
182 2020 5 13 0 34.867 20.58
183 2020 5 13 0 34.438 21.155
184 2020 5 13 0 34.139 21.277
185 2020 5 13 0 34.496 20.579
186 2020 5 13 0 34.499 20.366
187 2020 5 13 0 34.458 20.561
188 2020 5 13 0 40.593 28.334
189 2020 5 13 0 38.962 27.947
190 2020 5 13 0 39.389 28.051
191 2020 5 13 0 39.051 27.704
192 2020 5 13 0 38.834 27.801
195 2020 5 13 0 31.7 20.395
196 2020 5 13 0 31.762 20.362
197 2020 5 13 0 31.63 20.275
198 2020 5 13 0 31.825 20.295
199 2020 5 13 0 38.255 25.974
200 2020 5 13 0 37.284 26.306
201 2020 5 13 0 37.491 26.216
202 2020 5 13 0 37.705 26.11
203 2020 5 13 0 38.839 25.851
204 2020 5 13 0 40.68 27.844
205 2020 5 13 0 39.709 26.6
206 2020 5 13 0 40.678 27.628
207 2020 5 13 0 40.595 27.726
208 2020 5 13 0 40.404 27.342
209 2020 5 13 0 40.52 27.373
210 2020 5 13 0 41.471 28.181
211 2020 5 13 0 41.446 28.203
212 2020 5 13 0 41.508 28.23
213 2020 5 13 0 41.286 28.067
214 2020 5 13 0.2103 41.243 28.123
215 2020 5 13 0 41.363 28.165
216 2020 5 13 0 36.661 26.066
217 2020 5 13 0 38.568 25.723
218 2020 5 13 0 35.875 26.13
219 2020 5 13 0 35.981 26.241
220 2020 5 13 0 35.67 19.096
221 2020 5 13 0 36.388 26.264
222 2020 5 13 0 36.358 26.062
223 2020 5 13 0 38.053 25.956
224 2020 5 13 0 36.78 26.173
225 2020 5 13 0 37.283 26.218
226 2020 5 13 0 36.724 26.219
227 2020 5 13 0 35.927 26.339
228 2020 5 13 0 35.093 19.19
229 2020 5 13 0 35.142 19.161
230 2020 5 13 0 35.003 19.256
231 2020 5 13 0 35.167 19.193
232 2020 5 13 0 34.925 19.331
233 2020 5 13 0 40.615 28.196
234 2020 5 13 0 40.576 27.901
235 2020 5 13 0 40.573 27.83
236 2020 5 13 0 40.53 28.246
237 2020 5 13 0 40.561 28.225
238 2020 5 13 0 40.568 27.991
239 2020 5 13 0 39.753 26.541
240 2020 5 13 0 37.683 26.191
241 2020 5 13 0 39.575 26.503
242 2020 5 13 0 37.486 26.238
243 2020 5 13 0 37.765 26.3
244 2020 5 13 0 38.638 26.207
245 2020 5 13 0 39.328 26.213
246 2020 5 13 0 38.924 26.371
247 2020 5 13 0 39.349 26.072
248 2020 5 13 0 39.786 26.243
249 2020 5 13 0 40.038 25.858
250 2020 5 13 0 39.807 26.309
251 2020 5 13 0 39.807 25.754
252 2020 5 13 0 39.842 26.074
0 2020 5 13 0 37.346 26.495
