1 2020 2 18 0 35.264 16.943
2 2020 2 18 0 35.5 17.588
3 2020 2 18 0 35.204 17
4 2020 2 18 0 35.623 17.314
5 2020 2 18 0 35.285 17.601
6 2020 2 18 0 35.509 17.962
7 2020 2 18 0 35.616 17.785
8 2020 2 18 0 35.724 17.431
9 2020 2 18 0 35.509 17.314
10 2020 2 18 0 35.58 17.468
11 2020 2 18 0 35.052 17.848
12 2020 2 18 0 35.15 17.98
13 2020 2 18 0 35.315 18.067
14 2020 2 18 0 35.721 18.234
15 2020 2 18 0 35.372 18.065
16 2020 2 18 0 35.478 18.031
17 2020 2 18 0 35.745 18.12
18 2020 2 18 0 34.963 17.433
19 2020 2 18 0 31.616 12.911
20 2020 2 18 0 34.897 15.674
21 2020 2 18 0 31.74 13.163
22 2020 2 18 0 31.66 13.323
23 2020 2 18 0 32.124 14.129
24 2020 2 18 0 33.745 15.256
25 2020 2 18 0 31.921 13.816
26 2020 2 18 0 33.454 15.354
27 2020 2 18 0 33 14.805
28 2020 2 18 0 32.114 13.391
29 2020 2 18 0 35.521 15.885
30 2020 2 18 0 34.057 15.207
31 2020 2 18 0 32.392 13.352
32 2020 2 18 0 35.428 15.938
33 2020 2 18 0 35.596 18.515
34 2020 2 18 0 35.473 18.071
35 2020 2 18 0 35.813 19.055
36 2020 2 18 0 35.621 18.807
37 2020 2 18 0 35.697 18.327
38 2020 2 18 0 35.628 18.882
39 2020 2 18 0 35.689 19.261
40 2020 2 18 0 35.559 18.415
41 2020 2 18 0 35.839 19.353
42 2020 2 18 0 35.285 16.678
43 2020 2 18 0 35.302 17.025
44 2020 2 18 0 35.241 17.002
45 2020 2 18 0 35.001 16.499
46 2020 2 18 0 35.211 16.867
47 2020 2 18 0 35.499 16.903
48 2020 2 18 0 35.414 16.752
49 2020 2 18 0 35.359 16.581
51 2020 2 18 0 35.021 16.879
52 2020 2 18 0 34.58 16.667
53 2020 2 18 0 35.335 17.024
54 2020 2 18 0 34.932 16.91
55 2020 2 18 0 34.089 18.319
56 2020 2 18 0 34.228 18.019
57 2020 2 18 0 34.061 19.028
58 2020 2 18 0 34.273 17.889
59 2020 2 18 0 34.156 18.443
60 2020 2 18 0 34.102 18.663
61 2020 2 18 0 34.367 19.054
62 2020 2 18 0 34.649 18.774
63 2020 2 18 0 34.487 18.963
64 2020 2 18 0 34.319 19.195
65 2020 2 18 0 34.711 18.695
66 2020 2 18 0 33.927 19.619
67 2020 2 18 0 34.226 19.304
68 2020 2 18 0 34.612 18.69
69 2020 2 18 0 34.294 19.248
70 2020 2 18 0 34.542 18.734
71 2020 2 18 0 34.402 18.382
72 2020 2 18 0 34.405 18.259
73 2020 2 18 0.44435 34.415 17.545
74 2020 2 18 0 34.427 18.272
75 2020 2 18 0 34.392 18.139
76 2020 2 18 0 34.417 18.366
77 2020 2 18 0 34.39 18.397
78 2020 2 18 0 34.364 18.393
79 2020 2 18 0 34.42 18.359
80 2020 2 18 0.20145 34.808 16.593
81 2020 2 18 0 35.43 17.515
82 2020 2 18 0 34.987 16.845
83 2020 2 18 0 34.556 16.513
84 2020 2 18 0 34.667 16.659
85 2020 2 18 0 34.76 17.049
86 2020 2 18 0 35.522 17.852
87 2020 2 18 0 35.006 17.093
88 2020 2 18 0 35.011 17.502
89 2020 2 18 0 34.893 17.022
90 2020 2 18 0 35.32 17.735
91 2020 2 18 0 35.206 16.755
92 2020 2 18 0 35.425 17.082
93 2020 2 18 0 35.568 17.192
94 2020 2 18 0 35.511 17.178
95 2020 2 18 0 32.927 14.123
96 2020 2 18 0 32.191 13.649
97 2020 2 18 0 33.676 14.862
98 2020 2 18 0 33.306 14.939
99 2020 2 18 0 34.228 16.199
100 2020 2 18 0 34.283 15.625
102 2020 2 18 0 35.662 19.304
103 2020 2 18 0 35.446 18.846
104 2020 2 18 0 35.467 18.883
105 2020 2 18 0 35.718 19.473
106 2020 2 18 0 35.332 18.607
107 2020 2 18 0 35.685 19.59
109 2020 2 18 0 34.971 20.157
110 2020 2 18 0 35.201 19.685
111 2020 2 18 0 35.132 19.865
112 2020 2 18 0 34.613 20.304
113 2020 2 18 0 35.21 17.047
114 2020 2 18 0 35.221 16.901
115 2020 2 18 0 35.166 17.305
116 2020 2 18 0 35.197 17.52
117 2020 2 18 0 35.169 17.028
118 2020 2 18 0 35.423 16.849
119 2020 2 18 0 35.289 16.785
120 2020 2 18 0 33.665 15.496
121 2020 2 18 0 34.549 16.311
122 2020 2 18 0 34.393 16.312
123 2020 2 18 0 35.334 16.261
124 2020 2 18 0 35.474 16.765
125 2020 2 18 0 35.804 17.262
126 2020 2 18 0 35.528 16.11
127 2020 2 18 0 32.757 14.83
128 2020 2 18 0 32.904 14.228
129 2020 2 18 0 34.145 19.452
130 2020 2 18 0 33.789 19.726
131 2020 2 18 0 34.043 19.498
132 2020 2 18 0 35.437 17.549
133 2020 2 18 0 34.22 19.024
134 2020 2 18 0 35.296 18.1
135 2020 2 18 0 34.185 18.668
136 2020 2 18 0 36.15 17.539
137 2020 2 18 0 34.654 18.594
138 2020 2 18 0 35.674 17.798
139 2020 2 18 0 34.76 18.031
140 2020 2 18 0 34.491 17.928
141 2020 2 18 0 34.068 19.102
142 2020 2 18 0 36.281 17.339
143 2020 2 18 0 33.608 16.151
144 2020 2 18 0 32.742 15.014
145 2020 2 18 0 31.706 13.601
146 2020 2 18 0 31.479 12.582
147 2020 2 18 0 34.394 16.854
148 2020 2 18 0 34.183 16.703
149 2020 2 18 0 32.106 14.264
150 2020 2 18 0 31.926 13.799
151 2020 2 18 0 35.629 18.872
152 2020 2 18 0 35.64 19.798
153 2020 2 18 0 35.537 18.735
154 2020 2 18 0 35.933 19.434
155 2020 2 18 0 35.364 20.022
156 2020 2 18 0 35.669 19.756
157 2020 2 18 0 35.896 19.506
158 2020 2 18 0 35.491 18.66
159 2020 2 18 0 35.939 19.474
160 2020 2 18 0 35.676 19.712
161 2020 2 18 0 35.722 17.398
162 2020 2 18 0 35.479 17.531
164 2020 2 18 0 35.347 17.381
165 2020 2 18 0 35.495 17.488
166 2020 2 18 0 35.364 17.556
167 2020 2 18 0 35.299 17.515
168 2020 2 18 0 35.707 17.465
169 2020 2 18 0 35.289 17.434
170 2020 2 18 0 35.468 17.473
171 2020 2 18 0 34.507 20.346
172 2020 2 18 0 34.575 20.585
173 2020 2 18 0 34.556 20.662
174 2020 2 18 0 35.196 17.891
175 2020 2 18 0 35.272 18.176
176 2020 2 18 0 35.071 17.076
177 2020 2 18 0 35.346 18.117
178 2020 2 18 0 35.278 17.933
179 2020 2 18 0 35.108 17.525
180 2020 2 18 0 35.353 18.441
181 2020 2 18 0 35.196 17.715
182 2020 2 18 0 34.576 20.011
183 2020 2 18 0 34.411 20.581
184 2020 2 18 0 34.251 20.438
185 2020 2 18 0 34.167 20.192
186 2020 2 18 0 33.924 19.715
187 2020 2 18 0 34.1 20.064
188 2020 2 18 0 35.772 19.418
189 2020 2 18 0 35.103 20.278
190 2020 2 18 0 35.26 20.055
191 2020 2 18 0 35.285 20.133
192 2020 2 18 0 34.929 20.464
195 2020 2 18 0 34.133 19.07
196 2020 2 18 0 34.211 18.932
197 2020 2 18 0 34.197 18.747
198 2020 2 18 0 34.262 18.717
199 2020 2 18 0 34.703 17.748
200 2020 2 18 0.40358 34.33 17.714
201 2020 2 18 0 34.397 17.848
202 2020 2 18 0 34.632 17.691
203 2020 2 18 0 35.083 17.464
204 2020 2 18 0 34.473 16.524
205 2020 2 18 0 32.922 15.028
206 2020 2 18 0 34.226 16.515
207 2020 2 18 0 34.312 16.246
208 2020 2 18 0 33.814 15.746
209 2020 2 18 0 33.894 16.142
210 2020 2 18 0 35.167 17.392
211 2020 2 18 0 35.236 17.84
212 2020 2 18 0 35.209 17.581
213 2020 2 18 0 35.282 18.26
214 2020 2 18 0 35.346 18.58
215 2020 2 18 0 35.272 18.182
216 2020 2 18 0 35.214 18.562
217 2020 2 18 0 36.113 17.764
218 2020 2 18 0 34.605 18.716
219 2020 2 18 0 34.517 18.672
220 2020 2 18 0 34.319 18.274
221 2020 2 18 0 34.463 18.5
222 2020 2 18 0 35.112 18.415
223 2020 2 18 0 35.796 18.315
224 2020 2 18 0 35.364 18.882
225 2020 2 18 0 34.572 18.262
226 2020 2 18 0 34.926 18.7
227 2020 2 18 0 34.239 18.534
228 2020 2 18 0 34.408 18.455
229 2020 2 18 0 34.766 18.381
230 2020 2 18 0 34.743 18.444
231 2020 2 18 0 34.106 18.476
232 2020 2 18 0 34.873 18.454
233 2020 2 18 0 34.922 16.602
234 2020 2 18 0 34.533 16.286
235 2020 2 18 0 34.44 16.237
236 2020 2 18 0 34.994 16.563
237 2020 2 18 0 34.96 16.522
238 2020 2 18 0 34.659 16.418
239 2020 2 18 0 35.327 17.874
240 2020 2 18 0 35.43 18.626
241 2020 2 18 0 35.269 17.908
242 2020 2 18 0 35.053 18.506
243 2020 2 18 0 34.686 18.128
244 2020 2 18 0 35.333 18.219
245 2020 2 18 0 35.418 17.926
246 2020 2 18 0 34.966 17.89
247 2020 2 18 0 35.694 17.836
248 2020 2 18 0 35.497 17.608
249 2020 2 18 0 35.95 17.413
250 2020 2 18 0 35.389 17.548
251 2020 2 18 0 36.193 17.562
252 2020 2 18 0 35.619 17.491
0 2020 2 18 0 34.789 17.301
