1 2020 5 12 0 40.319 27.157
2 2020 5 12 0 39.732 26.598
3 2020 5 12 0 40.306 27.173
4 2020 5 12 0 40.097 26.598
5 2020 5 12 0 38.961 26.245
6 2020 5 12 0 39.104 26.356
7 2020 5 12 0 40.035 26.873
8 2020 5 12 0 40.009 26.369
9 2020 5 12 0 39.999 26.68
10 2020 5 12 0 39.692 26.222
11 2020 5 12 0 39.964 27.166
12 2020 5 12 0 39.487 27.037
13 2020 5 12 0 39.569 26.956
14 2020 5 12 0 39.809 26.86
15 2020 5 12 0 40.054 27.049
16 2020 5 12 0 40.209 27.068
17 2020 5 12 0 40.262 27.009
18 2020 5 12 0 39.893 27.386
19 2020 5 12 0 39.227 25.522
20 2020 5 12 0 39.09 26.277
21 2020 5 12 0 39.002 25.273
22 2020 5 12 0 39.051 25.524
23 2020 5 12 0 38.626 25.097
24 2020 5 12 0 38.844 25.697
25 2020 5 12 0 38.794 25.472
26 2020 5 12 0 38.571 25.237
27 2020 5 12 0 38.763 25.503
28 2020 5 12 0 39.155 25.153
29 2020 5 12 0 39.223 26.678
30 2020 5 12 0 39.44 26.294
31 2020 5 12 0 39.3 24.992
32 2020 5 12 0 39.836 26.934
33 2020 5 12 0 37.854 26.894
34 2020 5 12 0 38.247 26.727
35 2020 5 12 0 37.474 26.984
36 2020 5 12 0 37.261 26.773
37 2020 5 12 0 38.893 26.632
38 2020 5 12 0 37.885 27.313
39 2020 5 12 0 37.643 27.558
40 2020 5 12 0 37.886 26.599
41 2020 5 12 0 37.39 27.3
42 2020 5 12 0 39.296 27.514
43 2020 5 12 0 39.429 28.162
44 2020 5 12 0 39.344 27.984
45 2020 5 12 0 39.824 27.714
46 2020 5 12 0 39.263 27.707
47 2020 5 12 0 39.402 28.263
48 2020 5 12 0 39.546 28.2
49 2020 5 12 0 39.478 27.675
51 2020 5 12 0 40.412 27.122
52 2020 5 12 0 40.438 27.17
53 2020 5 12 0 40.339 27.065
54 2020 5 12 0 40.533 27.009
55 2020 5 12 0 35.456 26.655
56 2020 5 12 0 36.343 26.505
57 2020 5 12 0 34.862 26.546
58 2020 5 12 0 36.502 26.576
59 2020 5 12 0 35.39 26.439
60 2020 5 12 0 34.921 26.638
61 2020 5 12 0 33.288 20.379
62 2020 5 12 0 35.592 25.968
63 2020 5 12 0 35.017 26.205
64 2020 5 12 0 33.684 20.256
65 2020 5 12 0 34.462 19.683
66 2020 5 12 0 32.942 20.678
67 2020 5 12 0 33.525 20.37
68 2020 5 12 0 34.471 19.63
69 2020 5 12 0 33.508 20.386
70 2020 5 12 0 34.34 19.494
71 2020 5 12 0 32.044 20.16
72 2020 5 12 0 35.87 26.88
73 2020 5 12 0 36.871 26.65
74 2020 5 12 0 35.809 26.895
75 2020 5 12 0 36.03 26.848
76 2020 5 12 0 35.678 26.925
77 2020 5 12 0 32.019 20.175
78 2020 5 12 0 31.944 20.159
79 2020 5 12 0 35.683 26.923
80 2020 5 12 0 37.609 26.408
81 2020 5 12 0 40.295 27.114
82 2020 5 12 0 39.724 27.737
83 2020 5 12 0 40.149 27.426
84 2020 5 12 0 40.112 27.404
85 2020 5 12 0 40.098 27.294
86 2020 5 12 0 40.276 27.081
87 2020 5 12 0 40.216 27.218
88 2020 5 12 0 40.115 27.174
89 2020 5 12 0 39.868 27.538
90 2020 5 12 0 40.201 27.112
91 2020 5 12 0 40.193 26.798
92 2020 5 12 0 40.102 26.503
93 2020 5 12 0 40.242 26.839
94 2020 5 12 0 40.165 26.823
95 2020 5 12 0 39.519 25.341
96 2020 5 12 0 39.137 25.036
97 2020 5 12 0 39.637 25.656
98 2020 5 12 0 39.755 25.779
99 2020 5 12 0 40.311 26.526
100 2020 5 12 0 39.978 26.253
102 2020 5 12 0 37.823 27.771
103 2020 5 12 0 38.708 27.919
104 2020 5 12 0 38.465 27.8
105 2020 5 12 0 37.691 27.804
106 2020 5 12 0 39.056 27.963
107 2020 5 12 0 35.787 20.717
109 2020 5 12 0 35.057 20.918
110 2020 5 12 0 35.421 20.599
111 2020 5 12 0 37.241 26.957
112 2020 5 12 0 34.752 20.876
113 2020 5 12 0 39.436 28.082
114 2020 5 12 0 39.481 28.04
115 2020 5 12 0 39.402 28.018
116 2020 5 12 0 39.344 28.025
117 2020 5 12 0 39.469 28.009
118 2020 5 12 0 39.459 28.239
119 2020 5 12 0 39.482 28.085
120 2020 5 12 0 39.196 25.431
121 2020 5 12 0 39.641 25.969
122 2020 5 12 0 39.236 25.663
123 2020 5 12 0 39.162 26.115
124 2020 5 12 0 39.451 26.015
125 2020 5 12 0 39.841 26.189
126 2020 5 12 0 38.804 26.298
127 2020 5 12 0 38.617 24.841
128 2020 5 12 0 39.158 25.025
129 2020 5 12 0 32.38 20.597
130 2020 5 12 0 32.47 20.759
131 2020 5 12 0 32.255 20.626
132 2020 5 12 0 38.359 25.823
133 2020 5 12 0 32.786 20.44
134 2020 5 12 0 36.806 25.776
135 2020 5 12 0 35.328 26.228
136 2020 5 12 0 38.688 25.439
137 2020 5 12 0 35.585 26.075
138 2020 5 12 0 37.542 25.665
139 2020 5 12 0 36.68 26.116
140 2020 5 12 0 36.893 26.309
141 2020 5 12 0 32.249 20.493
142 2020 5 12 0 39.67 25.423
143 2020 5 12 0 40.488 26.41
144 2020 5 12 0 39.661 25.719
145 2020 5 12 0 38.803 25.137
146 2020 5 12 0 38.849 25.356
147 2020 5 12 0 40.792 26.905
148 2020 5 12 0 40.76 26.948
149 2020 5 12 0 39.084 25.252
150 2020 5 12 0 38.928 25.184
151 2020 5 12 0 37.138 26.766
152 2020 5 12 0 36.813 27.111
153 2020 5 12 0 37.098 26.699
154 2020 5 12 0 37.229 27.035
155 2020 5 12 0 36.703 27.075
156 2020 5 12 0 36.883 27.245
157 2020 5 12 0 37.195 27.183
158 2020 5 12 0 37.103 26.678
159 2020 5 12 0 37.206 27.03
160 2020 5 12 0 37.021 27.541
161 2020 5 12 0 39.63 25.967
162 2020 5 12 0 39.262 26.055
164 2020 5 12 0 39.456 25.928
165 2020 5 12 0 39.451 25.987
166 2020 5 12 0 39.222 26.25
167 2020 5 12 0 39.324 25.945
168 2020 5 12 0 39.556 25.811
169 2020 5 12 0 39.385 25.928
170 2020 5 12 0 39.437 25.993
171 2020 5 12 0.21391 34.54 21.016
172 2020 5 12 0 35.675 27.186
173 2020 5 12 0.10847 34.508 21.319
174 2020 5 12 0 39.254 27.344
175 2020 5 12 0 39.066 27.742
176 2020 5 12 0 39.638 27.779
177 2020 5 12 0 38.459 27.12
178 2020 5 12 0 38.899 26.928
179 2020 5 12 0 39.665 27.599
180 2020 5 12 0 38.722 27.594
181 2020 5 12 0 39.335 27.813
182 2020 5 12 0 34.867 20.58
183 2020 5 12 0 34.438 21.155
184 2020 5 12 0 34.139 21.277
185 2020 5 12 0 34.496 20.579
186 2020 5 12 0 34.499 20.366
187 2020 5 12 0 34.458 20.561
188 2020 5 12 0 38.155 28.032
189 2020 5 12 0 36.304 27.367
190 2020 5 12 0 36.733 27.518
191 2020 5 12 0 36.405 27.128
192 2020 5 12 0 36.183 27.192
195 2020 5 12 0 31.7 20.395
196 2020 5 12 0 31.762 20.362
197 2020 5 12 0 31.63 20.275
198 2020 5 12 0 31.825 20.295
199 2020 5 12 0 38.524 26.094
200 2020 5 12 0 37.501 26.388
201 2020 5 12 0 37.687 26.319
202 2020 5 12 0 37.794 26.254
203 2020 5 12 0 39.028 25.983
204 2020 5 12 0 40.266 27.31
205 2020 5 12 0 39.789 25.964
206 2020 5 12 0 40.558 27.047
207 2020 5 12 0 40.295 27.145
208 2020 5 12 0 40.301 26.712
209 2020 5 12 0 40.549 26.747
210 2020 5 12 0 39.315 27.971
211 2020 5 12 0 39.274 28.008
212 2020 5 12 0 39.333 28.02
213 2020 5 12 0 39.132 27.927
214 2020 5 12 0 39.068 27.969
215 2020 5 12 0 39.195 27.992
216 2020 5 12 0 36.873 25.653
217 2020 5 12 0 38.547 25.404
218 2020 5 12 0 36.135 25.713
219 2020 5 12 0 35.877 25.708
220 2020 5 12 0 35.67 19.096
221 2020 5 12 0 35.931 25.66
222 2020 5 12 0 36.565 25.682
223 2020 5 12 0 38.061 25.555
224 2020 5 12 0 37.026 25.728
225 2020 5 12 0 36.591 25.578
226 2020 5 12 0 36.587 25.686
227 2020 5 12 0 35.286 25.68
228 2020 5 12 0 35.093 19.19
229 2020 5 12 0 35.142 19.161
230 2020 5 12 0 35.003 19.256
231 2020 5 12 0 35.167 19.193
232 2020 5 12 0 34.925 19.331
233 2020 5 12 0 39.769 27.736
234 2020 5 12 0 40.117 27.368
235 2020 5 12 0 40.162 27.274
236 2020 5 12 0 39.714 27.791
237 2020 5 12 0 39.827 27.781
238 2020 5 12 0 39.988 27.473
239 2020 5 12 0 38.347 25.845
240 2020 5 12 0 37.472 25.635
241 2020 5 12 0 37.952 25.704
242 2020 5 12 0 37.046 25.619
243 2020 5 12 0 36.844 25.559
244 2020 5 12 0 37.799 25.496
245 2020 5 12 0 38.267 25.505
246 2020 5 12 0 37.483 25.523
247 2020 5 12 0 38.627 25.526
248 2020 5 12 0 38.745 25.664
249 2020 5 12 0 39.527 25.603
250 2020 5 12 0 38.852 25.897
251 2020 5 12 0 39.38 25.391
252 2020 5 12 0 39.254 25.869
0 2020 5 12 0 37.551 26.538
