1 2020 2 22 0 32.16 16.229
2 2020 2 22 0 31.96 15.938
3 2020 2 22 0 32.223 16.341
4 2020 2 22 0 31.885 15.931
5 2020 2 22 0 32.296 15.46
6 2020 2 22 0 33.032 15.416
7 2020 2 22 0 32.439 15.883
8 2020 2 22 0 31.791 15.869
9 2020 2 22 0 31.828 16.009
10 2020 2 22 0 31.437 15.992
11 2020 2 22 0 32.197 17.211
12 2020 2 22 0 32.454 17.131
13 2020 2 22 0 32.643 16.895
14 2020 2 22 0 33.057 16.229
15 2020 2 22 0 32.465 16.726
16 2020 2 22 0 32.507 16.472
17 2020 2 22 0 32.769 15.997
18 2020 2 22 0 32.24 17.196
19 2020 2 22 0 29.94 12.732
20 2020 2 22 0 30.961 14.976
21 2020 2 22 0 30.231 13.173
22 2020 2 22 0 29.756 12.681
23 2020 2 22 0 29.818 12.838
24 2020 2 22 0 30.457 14.059
25 2020 2 22 0 29.635 12.652
26 2020 2 22 0 30.39 13.887
27 2020 2 22 0 30.085 13.412
28 2020 2 22 0 30.142 12.973
29 2020 2 22 0 31.196 15.443
30 2020 2 22 0 30.534 14.201
31 2020 2 22 0 30.459 13.264
32 2020 2 22 0 31.145 15.261
33 2020 2 22 0 33.739 16.785
34 2020 2 22 0 33.516 16.698
35 2020 2 22 0 34.118 16.886
36 2020 2 22 0 34.019 16.619
37 2020 2 22 0 33.628 16.558
38 2020 2 22 0 33.519 16.739
39 2020 2 22 0 33.376 16.565
40 2020 2 22 0 33.8 16.487
41 2020 2 22 0 33.85 16.739
42 2020 2 22 0 31.971 16.556
43 2020 2 22 0 32.539 16.895
44 2020 2 22 0 32.397 16.74
45 2020 2 22 0 32.468 17.042
46 2020 2 22 0 32.172 16.619
47 2020 2 22 0 32.612 17.091
48 2020 2 22 0 32.677 17.213
49 2020 2 22 0 32.124 16.817
51 2020 2 22 0 32.196 16.375
52 2020 2 22 0 32.239 16.821
53 2020 2 22 0 32.129 16.093
54 2020 2 22 0 32.21 16.265
55 2020 2 22 0 29.602 17.978
56 2020 2 22 0 29.913 17.416
57 2020 2 22 0 30.416 18.672
58 2020 2 22 0 29.901 17.259
59 2020 2 22 0 30.263 18
60 2020 2 22 0 29.788 18.392
61 2020 2 22 0 32.588 18.525
62 2020 2 22 0 33.242 18.089
63 2020 2 22 0 32.973 18.398
64 2020 2 22 0 32.976 18.547
65 2020 2 22 0 33.665 18.027
66 2020 2 22 0 32.201 18.957
67 2020 2 22 0 32.832 18.654
68 2020 2 22 0 33.644 17.988
69 2020 2 22 0 32.842 18.638
70 2020 2 22 0 33.635 17.993
71 2020 2 22 0 29.831 17.797
72 2020 2 22 0 29.866 17.658
73 2020 2 22 0 30.095 16.865
74 2020 2 22 0 29.871 17.675
75 2020 2 22 0 29.901 17.523
76 2020 2 22 0 29.838 17.778
77 2020 2 22 0 29.824 17.812
78 2020 2 22 0 29.786 17.833
79 2020 2 22 0 29.843 17.772
80 2020 2 22 0 30.56 16.046
81 2020 2 22 0 32.415 16.244
82 2020 2 22 0 32.425 17.334
83 2020 2 22 0 32.31 17.246
84 2020 2 22 0 32.246 17.171
85 2020 2 22 0 32.21 17.183
86 2020 2 22 0 32.537 16.266
87 2020 2 22 0 32.257 16.739
88 2020 2 22 0 32.248 17.006
89 2020 2 22 0 32.312 17.245
90 2020 2 22 0 32.401 16.581
91 2020 2 22 0 31.972 15.715
92 2020 2 22 0 31.935 15.627
93 2020 2 22 0 32.067 15.942
94 2020 2 22 0 31.949 15.996
95 2020 2 22 0 30.905 14.037
96 2020 2 22 0 30.599 13.778
97 2020 2 22 0 31.094 14.255
98 2020 2 22 0 31.269 14.768
99 2020 2 22 0 31.889 15.774
100 2020 2 22 0 31.549 15.016
102 2020 2 22 0 33.149 16.608
103 2020 2 22 0 32.895 16.756
104 2020 2 22 0 32.988 16.668
105 2020 2 22 0 33.165 16.841
106 2020 2 22 0 32.779 16.762
107 2020 2 22 0 34.171 17.092
109 2020 2 22 0 33.399 17.283
110 2020 2 22 0 33.822 17.098
111 2020 2 22 0 33.61 17.182
112 2020 2 22 0 33.109 17.316
113 2020 2 22 0 32.481 16.831
114 2020 2 22 0 32.544 17.206
115 2020 2 22 0 32.457 16.688
116 2020 2 22 0 32.516 16.679
117 2020 2 22 0 32.47 16.949
118 2020 2 22 0 32.674 17.281
119 2020 2 22 0 32.627 17.451
120 2020 2 22 0 30.873 14.165
121 2020 2 22 0 31.404 14.899
122 2020 2 22 0 31.076 14.648
123 2020 2 22 0 31.109 15.25
124 2020 2 22 0 31.275 15.331
125 2020 2 22 0 31.631 15.633
126 2020 2 22 0 31.135 15.476
127 2020 2 22 0 30.254 13.383
128 2020 2 22 0 30.563 13.517
129 2020 2 22 0 31.168 18.884
130 2020 2 22 0 31.557 19.086
131 2020 2 22 0 31.054 18.942
132 2020 2 22 0 31.707 16.387
133 2020 2 22 0 31.934 18.516
134 2020 2 22 0 32.411 17.25
135 2020 2 22 0 30.992 18.227
136 2020 2 22 0 33.155 16.316
137 2020 2 22 0 32.326 17.965
138 2020 2 22 0 32.342 16.813
139 2020 2 22 0 31.032 17.266
140 2020 2 22 0 30.382 17.152
141 2020 2 22 0 31.207 18.634
142 2020 2 22 0 33.352 15.956
143 2020 2 22 0 31.995 16.185
144 2020 2 22 0 31.308 15.184
145 2020 2 22 0 30.471 13.897
146 2020 2 22 0 29.93 12.596
147 2020 2 22 0 32.31 16.625
148 2020 2 22 0 32.336 16.868
149 2020 2 22 0 30.848 14.553
150 2020 2 22 0 30.744 14.478
151 2020 2 22 0 34.303 16.745
152 2020 2 22 0 33.913 17.102
153 2020 2 22 0 34.272 16.674
154 2020 2 22 0 34.354 17.017
155 2020 2 22 0 33.69 17.253
156 2020 2 22 0 33.751 16.905
157 2020 2 22 0 34.103 16.875
158 2020 2 22 0 34.066 16.541
159 2020 2 22 0 34.375 17.052
160 2020 2 22 0 33.342 16.595
161 2020 2 22 0 31.67 15.871
162 2020 2 22 0 32.026 15.889
164 2020 2 22 0 31.29 15.868
165 2020 2 22 0 31.322 15.95
166 2020 2 22 0 31.682 15.939
167 2020 2 22 0 31.368 16.038
168 2020 2 22 0 32.101 16.006
169 2020 2 22 0 31.344 15.961
170 2020 2 22 0 31.616 15.96
171 2020 2 22 0 32.818 17.102
172 2020 2 22 0 32.765 17.337
173 2020 2 22 0 32.732 17.414
174 2020 2 22 0 32.602 16.93
175 2020 2 22 0 32.75 16.774
176 2020 2 22 0 32.405 17.138
177 2020 2 22 0 33.147 16.77
178 2020 2 22 0 32.916 16.881
179 2020 2 22 0 32.316 16.982
180 2020 2 22 0 32.968 16.748
181 2020 2 22 0 32.531 16.778
182 2020 2 22 0 33.276 17.185
183 2020 2 22 0 32.773 17.48
184 2020 2 22 0 32.693 17.672
185 2020 2 22 0 32.927 17.257
186 2020 2 22 0 33.064 17.278
187 2020 2 22 0 32.933 17.288
188 2020 2 22 0 33.118 17.159
189 2020 2 22 0 32.966 17.115
190 2020 2 22 0 32.979 17.156
191 2020 2 22 0 33.515 17.255
192 2020 2 22 0 33.06 17.357
195 2020 2 22 0 30.352 18.715
196 2020 2 22 0 30.347 18.515
197 2020 2 22 0 30.036 18.346
198 2020 2 22 0 30.122 18.236
199 2020 2 22 0 30.555 16.325
200 2020 2 22 0 30.092 16.674
201 2020 2 22 0 30.187 16.71
202 2020 2 22 0 30.439 16.664
203 2020 2 22 0 31.062 16.071
204 2020 2 22 0 32.386 17.164
205 2020 2 22 0 31.55 15.617
206 2020 2 22 0 32.38 16.972
207 2020 2 22 0 32.437 17.027
208 2020 2 22 0 32.196 16.573
209 2020 2 22 0 32.281 16.669
210 2020 2 22 0 32.483 16.634
211 2020 2 22 0 32.593 16.704
212 2020 2 22 0 32.535 16.682
213 2020 2 22 0 32.718 16.656
214 2020 2 22 0 32.781 16.769
215 2020 2 22 0 32.67 16.735
216 2020 2 22 0 34.077 17.572
217 2020 2 22 0 33.843 16.563
218 2020 2 22 0 33.77 17.906
219 2020 2 22 0 33.953 17.716
220 2020 2 22 0 34.353 16.692
221 2020 2 22 0 34.202 17.188
222 2020 2 22 0 33.516 17.525
223 2020 2 22 0 34.44 17.065
224 2020 2 22 0 34.597 17.803
225 2020 2 22 0 34.564 16.497
226 2020 2 22 0 34.544 17.385
227 2020 2 22 0 33.821 17.57
228 2020 2 22 0 34.016 17.438
229 2020 2 22 0 34.15 17.545
230 2020 2 22 0 34.03 17.662
231 2020 2 22 0 33.966 17.22
232 2020 2 22 0 34.037 17.734
233 2020 2 22 0 32.489 17.47
234 2020 2 22 0 32.504 17.046
235 2020 2 22 0 32.478 17.062
236 2020 2 22 0 32.587 17.425
237 2020 2 22 0 32.602 17.182
238 2020 2 22 0 32.498 17.273
239 2020 2 22 0 33.796 14.844
240 2020 2 22 0 34.723 17.09
241 2020 2 22 0 34.245 15.4
242 2020 2 22 0 34.705 16.859
243 2020 2 22 0 34.578 16.195
244 2020 2 22 0 34.712 16.143
245 2020 2 22 0 34.393 15.389
246 2020 2 22 0 34.542 15.606
247 2020 2 22 0 34.19 15.569
248 2020 2 22 0 33.658 14.616
249 2020 2 22 0 33.247 15.485
250 2020 2 22 0 32.956 14.84
251 2020 2 22 0 34.146 15.848
252 2020 2 22 0 32.673 15.506
0 2020 2 22 0 30.366 16.594
