1 2020 5 9 0 41.077 26.557
2 2020 5 9 0 40.541 25.831
3 2020 5 9 0 41.14 26.536
4 2020 5 9 0 40.401 25.994
5 2020 5 9 0 39.881 25.24
6 2020 5 9 0 40.109 25.309
7 2020 5 9 0 41.101 26.085
8 2020 5 9 0 40.096 25.752
9 2020 5 9 0 40.585 26.042
10 2020 5 9 0 39.994 25.559
11 2020 5 9 0 41.166 26.422
12 2020 5 9 0 40.518 26.292
13 2020 5 9 0 40.621 26.177
14 2020 5 9 0 40.932 26.008
15 2020 5 9 0 41.279 26.273
16 2020 5 9 0 41.456 26.292
17 2020 5 9 0 41.513 26.204
18 2020 5 9 0 41.031 26.686
19 2020 5 9 0 39.938 25.947
20 2020 5 9 0 38.859 26.025
21 2020 5 9 0 39.803 25.744
22 2020 5 9 0 39.599 25.984
23 2020 5 9 0 38.701 25.572
24 2020 5 9 0 38.656 25.79
25 2020 5 9 0 39.166 26
26 2020 5 9 0 38.242 25.34
27 2020 5 9 0 38.715 25.833
28 2020 5 9 0 39.475 25.608
29 2020 5 9 0 38.989 26.275
30 2020 5 9 0 39.51 26.449
31 2020 5 9 0 39.608 25.464
32 2020 5 9 0 39.817 26.751
33 2020 5 9 0 38.412 26.185
34 2020 5 9 0 38.787 25.949
35 2020 5 9 0 38.057 26.311
36 2020 5 9 0 37.955 26.16
37 2020 5 9 0 39.692 25.742
38 2020 5 9 0 38.484 26.618
39 2020 5 9 0 38.24 26.843
40 2020 5 9 0 38.61 25.864
41 2020 5 9 0 37.95 26.596
42 2020 5 9 0 40.906 27.473
43 2020 5 9 0 40.524 27.582
44 2020 5 9 0 40.485 27.481
45 2020 5 9 0 40.975 27.556
46 2020 5 9 0 40.606 27.407
47 2020 5 9 0 40.742 27.732
48 2020 5 9 0 40.87 27.748
49 2020 5 9 0 41.09 27.638
51 2020 5 9 0 41.101 26.603
52 2020 5 9 0 41.147 26.653
53 2020 5 9 0 41.015 26.518
54 2020 5 9 0 41.097 26.627
55 2020 5 9 0 34.727 26.044
56 2020 5 9 0 35.644 25.922
57 2020 5 9 0 34.239 26.073
58 2020 5 9 0 35.82 26.029
59 2020 5 9 0 34.784 25.939
60 2020 5 9 0 34.244 26.104
61 2020 5 9 0 33.288 20.379
62 2020 5 9 0 35.61 25.716
63 2020 5 9 0 34.759 26.056
64 2020 5 9 0 33.684 20.256
65 2020 5 9 0 34.462 19.683
66 2020 5 9 0 32.942 20.678
67 2020 5 9 0 33.525 20.37
68 2020 5 9 0 34.471 19.63
69 2020 5 9 0 33.508 20.386
70 2020 5 9 0 34.34 19.494
71 2020 5 9 0 32.044 20.16
72 2020 5 9 0 35.166 26.376
73 2020 5 9 0 36.248 26.239
74 2020 5 9 0 35.102 26.383
75 2020 5 9 0 35.341 26.363
76 2020 5 9 0 34.962 26.399
77 2020 5 9 0 32.019 20.175
78 2020 5 9 0 31.944 20.159
79 2020 5 9 0 34.967 26.398
80 2020 5 9 0 37.014 25.928
81 2020 5 9 0 41.328 26.406
82 2020 5 9 0 40.908 27.173
83 2020 5 9 0 41.108 26.842
84 2020 5 9 0 41.12 26.702
85 2020 5 9 0 41.166 26.555
86 2020 5 9 0 41.453 26.323
87 2020 5 9 0 41.205 26.505
88 2020 5 9 0 41.246 26.426
89 2020 5 9 0 40.991 26.886
90 2020 5 9 0 41.356 26.363
91 2020 5 9 0 40.723 26.321
92 2020 5 9 0 40.264 25.998
93 2020 5 9 0 40.678 26.252
94 2020 5 9 0 40.693 26.229
95 2020 5 9 0 39.949 25.67
96 2020 5 9 0 39.761 25.566
97 2020 5 9 0 39.906 25.725
98 2020 5 9 0 40.282 25.968
99 2020 5 9 0 40.815 26.41
100 2020 5 9 0 40.469 26.103
102 2020 5 9 0 38.408 27.018
103 2020 5 9 0 39.49 27.256
104 2020 5 9 0 39.221 27.139
105 2020 5 9 0 38.145 26.97
106 2020 5 9 0 39.943 27.356
107 2020 5 9 0 35.787 20.717
109 2020 5 9 0 35.057 20.918
110 2020 5 9 0 35.421 20.599
111 2020 5 9 0 37.832 26.318
112 2020 5 9 0 34.752 20.876
113 2020 5 9 0 40.465 27.516
114 2020 5 9 0 40.682 27.532
115 2020 5 9 0 40.333 27.427
116 2020 5 9 0 40.259 27.434
117 2020 5 9 0 40.536 27.465
118 2020 5 9 0 40.779 27.716
119 2020 5 9 0 40.819 27.623
120 2020 5 9 0 39.147 25.471
121 2020 5 9 0 39.692 25.734
122 2020 5 9 0 39.017 25.48
123 2020 5 9 0 38.83 25.686
124 2020 5 9 0 39.152 25.544
125 2020 5 9 0 39.647 25.609
126 2020 5 9 0 38.373 25.751
127 2020 5 9 0 38.383 25.152
128 2020 5 9 0 39.186 25.347
129 2020 5 9 0 32.38 20.597
130 2020 5 9 0 32.47 20.759
131 2020 5 9 0 32.255 20.626
132 2020 5 9 0 37.97 25.117
133 2020 5 9 0 32.786 20.44
134 2020 5 9 0 36.589 25.238
135 2020 5 9 0 34.892 25.843
136 2020 5 9 0 38.625 24.785
137 2020 5 9 0 35.338 25.75
138 2020 5 9 0 37.24 25.02
139 2020 5 9 0 36.182 25.535
140 2020 5 9 0 36.279 25.696
141 2020 5 9 0 32.249 20.493
142 2020 5 9 0 39.822 24.812
143 2020 5 9 0 40.894 26.563
144 2020 5 9 0 40.346 26.094
145 2020 5 9 0 39.812 25.71
146 2020 5 9 0 39.739 25.789
147 2020 5 9 0 41.173 26.72
148 2020 5 9 0 41.185 26.773
149 2020 5 9 0 39.982 25.796
150 2020 5 9 0 39.926 25.782
151 2020 5 9 0 37.822 26.175
152 2020 5 9 0 37.313 26.5
153 2020 5 9 0 37.81 26.125
154 2020 5 9 0 37.801 26.386
155 2020 5 9 0 37.189 26.487
156 2020 5 9 0 37.385 26.593
157 2020 5 9 0 37.749 26.505
158 2020 5 9 0 37.84 26.108
159 2020 5 9 0 37.765 26.384
160 2020 5 9 0 37.497 26.805
161 2020 5 9 0 39.519 25.29
162 2020 5 9 0 39.8 25.245
164 2020 5 9 0 39.147 25.184
165 2020 5 9 0 39.62 25.255
166 2020 5 9 0 39.892 25.409
167 2020 5 9 0 39.164 25.213
168 2020 5 9 0 39.682 25.129
169 2020 5 9 0 39.148 25.18
170 2020 5 9 0 39.601 25.245
171 2020 5 9 0 34.54 21.016
172 2020 5 9 0 36.018 26.724
173 2020 5 9 0 34.508 21.319
174 2020 5 9 0 40.169 26.651
175 2020 5 9 0 39.918 27.111
176 2020 5 9 0 40.766 27.199
177 2020 5 9 0 39.071 26.413
178 2020 5 9 0 39.66 26.175
179 2020 5 9 0 40.74 26.941
180 2020 5 9 0 39.474 26.941
181 2020 5 9 0 40.267 27.188
182 2020 5 9 0 34.867 20.58
183 2020 5 9 0 34.438 21.155
184 2020 5 9 0 34.139 21.277
185 2020 5 9 0 34.496 20.579
186 2020 5 9 0 34.499 20.366
187 2020 5 9 0 34.458 20.561
188 2020 5 9 0 38.553 27.193
189 2020 5 9 0 36.702 26.773
190 2020 5 9 0 37.122 26.849
191 2020 5 9 0 36.852 26.569
192 2020 5 9 0 36.599 26.648
195 2020 5 9 0 31.7 20.395
196 2020 5 9 0 31.762 20.362
197 2020 5 9 0 31.63 20.275
198 2020 5 9 0 31.825 20.295
199 2020 5 9 0 38.061 25.344
200 2020 5 9 0 36.94 25.796
201 2020 5 9 0 37.136 25.68
202 2020 5 9 0 37.219 25.592
203 2020 5 9 0 38.613 25.228
204 2020 5 9 0 41.088 26.994
205 2020 5 9 0 40.503 26.361
206 2020 5 9 0 41.127 26.945
207 2020 5 9 0 41.038 27.19
208 2020 5 9 0 40.925 26.983
209 2020 5 9 0 41.034 26.93
210 2020 5 9 0 40.252 27.384
211 2020 5 9 0 40.184 27.414
212 2020 5 9 0 40.247 27.429
213 2020 5 9 0 40.042 27.328
214 2020 5 9 0 39.944 27.355
215 2020 5 9 0 40.1 27.394
216 2020 5 9 0 37.256 25.302
217 2020 5 9 0 38.713 24.872
218 2020 5 9 0 36.51 25.36
219 2020 5 9 0 36.385 25.664
220 2020 5 9 0 35.67 19.096
221 2020 5 9 0 36.424 25.852
222 2020 5 9 0 36.762 25.267
223 2020 5 9 0 38.458 25.177
224 2020 5 9 0 37.48 25.48
225 2020 5 9 0 37.007 25.811
226 2020 5 9 0 37.04 25.7
227 2020 5 9 0 35.844 25.982
228 2020 5 9 0 35.093 19.19
229 2020 5 9 0 35.142 19.161
230 2020 5 9 0 35.003 19.256
231 2020 5 9 0 35.167 19.193
232 2020 5 9 0 34.925 19.331
233 2020 5 9 0 40.975 27.281
234 2020 5 9 0 40.983 27.347
235 2020 5 9 0 40.999 27.299
236 2020 5 9 0 40.923 27.514
237 2020 5 9 0 40.922 27.537
238 2020 5 9 0 40.987 27.32
239 2020 5 9 0 39.222 24.795
240 2020 5 9 0 37.994 25.281
241 2020 5 9 0 38.729 24.991
242 2020 5 9 0 37.538 25.467
243 2020 5 9 0 37.349 25.418
244 2020 5 9 0 38.405 24.982
245 2020 5 9 0 38.961 24.746
246 2020 5 9 0 38.135 25.02
247 2020 5 9 0 39.242 24.786
248 2020 5 9 0 39.534 24.598
249 2020 5 9 0 39.997 24.831
250 2020 5 9 0 39.681 24.813
251 2020 5 9 0 39.813 24.782
252 2020 5 9 0 39.851 25.005
0 2020 5 9 0 37 26.074
