1 2020 5 7 0 41.954 26.386
2 2020 5 7 0 41.244 25.633
3 2020 5 7 0 41.938 26.251
4 2020 5 7 0 41.438 26.106
5 2020 5 7 0 40.638 25.125
6 2020 5 7 0 40.908 25.04
7 2020 5 7 0 41.692 25.657
8 2020 5 7 0 41.196 25.943
9 2020 5 7 0 41.444 26
10 2020 5 7 0 40.887 25.66
11 2020 5 7 0 41.602 25.643
12 2020 5 7 0 41.106 25.508
13 2020 5 7 0 41.23 25.45
14 2020 5 7 0 41.541 25.391
15 2020 5 7 0 41.732 25.544
16 2020 5 7 0 41.89 25.583
17 2020 5 7 0 41.962 25.529
18 2020 5 7 0 41.487 25.853
19 2020 5 7 0 40.872 25.412
20 2020 5 7 0 39.927 25.725
21 2020 5 7 0 40.594 25.049
22 2020 5 7 0 40.729 25.5
23 2020 5 7 0 40.138 25.078
24 2020 5 7 0 39.983 25.416
25 2020 5 7 0 40.531 25.497
26 2020 5 7 0 39.59 24.998
27 2020 5 7 0 40.197 25.388
28 2020 5 7 0 40.705 25.038
29 2020 5 7 0 39.974 25.943
30 2020 5 7 0 40.919 26.053
31 2020 5 7 0 40.838 24.795
32 2020 5 7 0 41.025 26.415
33 2020 5 7 0 39.451 25.478
34 2020 5 7 0 39.863 25.278
35 2020 5 7 0 39.104 25.621
36 2020 5 7 0 38.929 25.484
37 2020 5 7 0 40.647 25.203
38 2020 5 7 0 39.361 25.847
39 2020 5 7 0 39.067 26.105
40 2020 5 7 0 39.598 25.266
41 2020 5 7 0 38.931 25.913
42 2020 5 7 0 40.961 25.78
43 2020 5 7 0 40.91 26.426
44 2020 5 7 0 40.818 26.236
45 2020 5 7 0 41.61 26.492
46 2020 5 7 0 40.818 25.976
47 2020 5 7 0 41.091 26.578
48 2020 5 7 0 41.342 26.704
49 2020 5 7 0 41.258 26.052
51 2020 5 7 0 42.033 26.345
52 2020 5 7 0 42.026 26.178
53 2020 5 7 0 41.958 26.412
54 2020 5 7 0 42.156 26.381
55 2020 5 7 0 35.32 25.921
56 2020 5 7 0 36.493 25.977
57 2020 5 7 0 34.737 26.121
58 2020 5 7 0 36.678 25.833
59 2020 5 7 0 35.497 26.163
60 2020 5 7 0 34.702 26
61 2020 5 7 0 33.288 20.379
62 2020 5 7 0 36.18 25.981
63 2020 5 7 0 35.431 26.225
64 2020 5 7 0 33.684 20.256
65 2020 5 7 0 34.462 19.683
66 2020 5 7 0 32.942 20.678
67 2020 5 7 0 33.525 20.37
68 2020 5 7 0 34.471 19.63
69 2020 5 7 0 33.508 20.386
70 2020 5 7 0 34.34 19.494
71 2020 5 7 0 32.044 20.16
72 2020 5 7 0 35.912 25.781
73 2020 5 7 0 37.222 25.638
74 2020 5 7 0 35.83 25.78
75 2020 5 7 0 36.128 25.765
76 2020 5 7 0 35.66 25.8
77 2020 5 7 0 32.019 20.175
78 2020 5 7 0 31.944 20.159
79 2020 5 7 0 35.666 25.798
80 2020 5 7 0 37.982 25.395
81 2020 5 7 0 41.956 25.94
82 2020 5 7 0 41.391 26.286
83 2020 5 7 0 41.78 26.162
84 2020 5 7 0 41.719 26.061
85 2020 5 7 0 41.708 25.88
86 2020 5 7 0 41.952 25.702
87 2020 5 7 0 41.84 25.994
88 2020 5 7 0 41.754 25.756
89 2020 5 7 0 41.482 26.06
90 2020 5 7 0 41.863 25.73
91 2020 5 7 0 41.748 26.249
92 2020 5 7 0 41.444 26.107
93 2020 5 7 0 41.709 26.307
94 2020 5 7 0 41.645 26.239
95 2020 5 7 0 41.09 25.035
96 2020 5 7 0 40.727 24.788
97 2020 5 7 0 41.139 25.317
98 2020 5 7 0 41.35 25.393
99 2020 5 7 0 41.92 26.011
100 2020 5 7 0 41.564 25.782
102 2020 5 7 0 39.191 26.288
103 2020 5 7 0 39.96 26.295
104 2020 5 7 0 39.753 26.206
105 2020 5 7 0 39.089 26.366
106 2020 5 7 0 40.258 26.271
107 2020 5 7 0 35.787 20.717
109 2020 5 7 0 35.057 20.918
110 2020 5 7 0 35.421 20.599
111 2020 5 7 0 38.899 25.645
112 2020 5 7 0 34.752 20.876
113 2020 5 7 0 40.855 26.337
114 2020 5 7 0 41.106 26.471
115 2020 5 7 0 40.707 26.22
116 2020 5 7 0 40.616 26.24
117 2020 5 7 0 40.94 26.327
118 2020 5 7 0 41.204 26.674
119 2020 5 7 0 41.262 26.626
120 2020 5 7 0 40.496 25.205
121 2020 5 7 0 40.959 25.659
122 2020 5 7 0 40.337 25.391
123 2020 5 7 0 39.842 25.465
124 2020 5 7 0 40.243 25.438
125 2020 5 7 0 40.775 25.662
126 2020 5 7 0 39.288 25.425
127 2020 5 7 0 39.842 24.734
128 2020 5 7 0 40.559 24.826
129 2020 5 7 0 32.38 20.597
130 2020 5 7 0 32.47 20.759
131 2020 5 7 0 32.255 20.626
132 2020 5 7 0 38.885 25.486
133 2020 5 7 0 32.786 20.44
134 2020 5 7 0 37.338 25.7
135 2020 5 7 0 35.648 26.217
136 2020 5 7 0 39.496 25.288
137 2020 5 7 0 36.029 26.066
138 2020 5 7 0 38.069 25.514
139 2020 5 7 0 37.028 25.899
140 2020 5 7 0 37.166 25.912
141 2020 5 7 0 32.249 20.493
142 2020 5 7 0 40.781 25.269
143 2020 5 7 0 42.095 25.946
144 2020 5 7 0 41.282 25.349
145 2020 5 7 0 40.418 24.851
146 2020 5 7 0 40.354 25.044
147 2020 5 7 0 42.382 26.275
148 2020 5 7 0 42.348 26.203
149 2020 5 7 0 40.719 24.947
150 2020 5 7 0 40.569 24.879
151 2020 5 7 0 38.804 25.502
152 2020 5 7 0 38.316 25.851
153 2020 5 7 0 38.767 25.453
154 2020 5 7 0 38.865 25.711
155 2020 5 7 0 38.185 25.84
156 2020 5 7 0 38.367 25.952
157 2020 5 7 0 38.781 25.843
158 2020 5 7 0 38.774 25.432
159 2020 5 7 0 38.839 25.713
160 2020 5 7 0 38.442 26.195
161 2020 5 7 0 40.514 25.492
162 2020 5 7 0 40.594 25.303
164 2020 5 7 0 40.14 25.406
165 2020 5 7 0 40.485 25.389
166 2020 5 7 0 40.626 25.358
167 2020 5 7 0 40.095 25.437
168 2020 5 7 0 40.569 25.362
169 2020 5 7 0 40.099 25.42
170 2020 5 7 0 40.465 25.38
171 2020 5 7 0 34.54 21.016
172 2020 5 7 0 36.824 26.131
173 2020 5 7 0 34.508 21.319
174 2020 5 7 0 40.735 25.736
175 2020 5 7 0 40.362 26.061
176 2020 5 7 0 41.205 26.207
177 2020 5 7 0 39.927 25.587
178 2020 5 7 0 40.482 25.417
179 2020 5 7 0 41.15 25.934
180 2020 5 7 0 40.039 25.977
181 2020 5 7 0 40.671 26.083
182 2020 5 7 0 34.867 20.58
183 2020 5 7 0 34.438 21.155
184 2020 5 7 0 34.139 21.277
185 2020 5 7 0 34.496 20.579
186 2020 5 7 0 34.499 20.366
187 2020 5 7 0 34.458 20.561
188 2020 5 7 0 39.546 26.601
189 2020 5 7 0 37.571 26.175
190 2020 5 7 0 38.02 26.264
191 2020 5 7 0 37.789 25.937
192 2020 5 7 0 37.488 26.031
195 2020 5 7 0 31.7 20.395
196 2020 5 7 0 31.762 20.362
197 2020 5 7 0 31.63 20.275
198 2020 5 7 0 31.825 20.295
199 2020 5 7 0 39.024 25.566
200 2020 5 7 0 37.905 25.651
201 2020 5 7 0 38.098 25.689
202 2020 5 7 0 38.166 25.715
203 2020 5 7 0 39.589 25.482
204 2020 5 7 0 41.941 26.292
205 2020 5 7 0 41.458 25.587
206 2020 5 7 0 42.214 26.289
207 2020 5 7 0 42.057 26.444
208 2020 5 7 0 42.045 26.245
209 2020 5 7 0 42.24 26.255
210 2020 5 7 0 40.616 26.202
211 2020 5 7 0 40.523 26.251
212 2020 5 7 0 40.602 26.247
213 2020 5 7 0 40.36 26.222
214 2020 5 7 0 40.277 26.285
215 2020 5 7 0 40.419 26.258
216 2020 5 7 0 37.843 25.652
217 2020 5 7 0 39.558 25.361
218 2020 5 7 0 36.937 25.728
219 2020 5 7 0 36.806 25.82
220 2020 5 7 0 35.67 19.096
221 2020 5 7 0 36.838 25.846
222 2020 5 7 0 37.316 25.663
223 2020 5 7 0 39.294 25.52
224 2020 5 7 0 38.185 25.726
225 2020 5 7 0 37.498 25.719
226 2020 5 7 0 37.592 25.782
227 2020 5 7 0 36.194 25.919
228 2020 5 7 0 35.093 19.19
229 2020 5 7 0 35.142 19.161
230 2020 5 7 0 35.003 19.256
231 2020 5 7 0 35.167 19.193
232 2020 5 7 0 34.925 19.331
233 2020 5 7 0 41.534 26.444
234 2020 5 7 0 41.901 26.533
235 2020 5 7 0 41.95 26.507
236 2020 5 7 0 41.544 26.614
237 2020 5 7 0 41.623 26.632
238 2020 5 7 0 41.78 26.505
239 2020 5 7 0 40.26 24.72
240 2020 5 7 0 38.881 25.487
241 2020 5 7 0 39.821 24.914
242 2020 5 7 0 38.312 25.549
243 2020 5 7 0 38.175 25.4
244 2020 5 7 0 39.468 25.166
245 2020 5 7 0 40.065 24.918
246 2020 5 7 0 39.244 25.032
247 2020 5 7 0 40.252 25.026
248 2020 5 7 0 40.543 24.715
249 2020 5 7 0 40.944 25.11
250 2020 5 7 0 40.587 24.845
251 2020 5 7 0 40.798 25.188
252 2020 5 7 0 40.721 25.13
0 2020 5 7 0 37.956 25.574
