1 2020 4 12 0 43.032 25.07
2 2020 4 12 0 42.397 25.631
3 2020 4 12 0 42.913 25.211
4 2020 4 12 0 42.81 25.244
5 2020 4 12 0 42.249 25.653
6 2020 4 12 0 42.203 25.769
7 2020 4 12 0 42.474 25.786
8 2020 4 12 0 42.708 25.324
9 2020 4 12 0 42.639 25.248
10 2020 4 12 0 42.286 25.368
11 2020 4 12 0 42.063 25.769
12 2020 4 12 0 41.897 25.831
13 2020 4 12 0 41.971 25.945
14 2020 4 12 0 42.189 26.107
15 2020 4 12 0 42.126 25.931
16 2020 4 12 0 42.234 25.924
17 2020 4 12 0 42.325 26.019
18 2020 4 12 0 42.185 25.523
19 2020 4 12 0 40.184 22.548
20 2020 4 12 0 42.269 24.158
21 2020 4 12 0 40.11 22.342
22 2020 4 12 0 40.195 22.817
23 2020 4 12 0 40.573 23.116
24 2020 4 12 0 41.53 23.865
25 2020 4 12 0 40.286 23.056
26 2020 4 12 0 41.323 23.65
27 2020 4 12 0 41.087 23.66
28 2020 4 12 0 40.879 22.853
29 2020 4 12 0 42.409 24.408
30 2020 4 12 0 41.752 24.361
31 2020 4 12 0 41.309 22.825
32 2020 4 12 0 42.529 24.931
33 2020 4 12 0 41.606 26.044
34 2020 4 12 0 41.73 26.009
35 2020 4 12 0 41.543 26.204
36 2020 4 12 0 41.118 26.185
37 2020 4 12 0 41.946 26.206
38 2020 4 12 0 41.621 25.791
39 2020 4 12 0 41.537 25.733
40 2020 4 12 0 41.348 26.167
41 2020 4 12 0 41.553 26.056
42 2020 4 12 0 41.65 24.156
43 2020 4 12 0 42.171 24.815
44 2020 4 12 0 42.048 24.669
45 2020 4 12 0 42.09 24.412
46 2020 4 12 0 41.843 24.423
47 2020 4 12 0 42.168 24.799
48 2020 4 12 0 42.21 24.747
49 2020 4 12 0 41.778 24.258
51 2020 4 12 0 42.945 25.005
52 2020 4 12 0 42.776 25.093
53 2020 4 12 0 43.022 24.994
54 2020 4 12 0 42.912 24.823
55 2020 4 12 0 36.395 24.437
56 2020 4 12 0 37.447 24.856
57 2020 4 12 0 36.369 24.353
58 2020 4 12 0 37.896 24.752
59 2020 4 12 0 36.866 24.662
60 2020 4 12 0 36.168 24.253
61 2020 4 12 0 33.288 20.379
62 2020 4 12 0 37.212 24.337
63 2020 4 12 0 36.271 24.379
64 2020 4 12 0 33.684 20.256
65 2020 4 12 0 34.462 19.683
66 2020 4 12 0 32.942 20.678
67 2020 4 12 0 33.525 20.37
68 2020 4 12 0 34.471 19.63
69 2020 4 12 0 33.508 20.386
70 2020 4 12 0 34.34 19.494
71 2020 4 12 0 32.044 20.16
72 2020 4 12 0 37.059 24.441
73 2020 4 12 0 39.106 24.672
74 2020 4 12 0.13064 36.948 24.405
75 2020 4 12 0 37.396 24.493
76 2020 4 12 0 36.681 24.372
77 2020 4 12 0 32.019 20.175
78 2020 4 12 0 31.944 20.159
79 2020 4 12 0 36.693 24.37
80 2020 4 12 0 40.169 24.285
81 2020 4 12 0 42.635 25.561
82 2020 4 12 0 42.331 25.196
83 2020 4 12 0 42.595 25.229
84 2020 4 12 0 42.617 25.397
85 2020 4 12 0 42.447 25.562
86 2020 4 12 0 42.408 25.817
87 2020 4 12 0 42.643 25.471
88 2020 4 12 0 42.322 25.698
89 2020 4 12 0 42.331 25.365
90 2020 4 12 0 42.365 25.759
91 2020 4 12 0 42.925 24.862
92 2020 4 12 0 42.864 25.092
93 2020 4 12 0 43.006 25.151
94 2020 4 12 0 42.882 25.122
95 2020 4 12 0 41.625 23.173
96 2020 4 12 0 40.805 22.637
97 2020 4 12 0 42.143 23.752
98 2020 4 12 0 41.752 23.521
99 2020 4 12 0 42.438 24.292
100 2020 4 12 0 42.502 24.178
102 2020 4 12 0 41.692 25.565
103 2020 4 12 0 41.78 25.072
104 2020 4 12 0 41.659 25.225
105 2020 4 12 0 41.92 25.698
106 2020 4 12 0 41.747 24.871
107 2020 4 12 0 35.787 20.717
109 2020 4 12 0 35.057 20.918
110 2020 4 12 0 35.421 20.599
111 2020 4 12 0 41.458 26.264
112 2020 4 12 0 34.752 20.876
113 2020 4 12 0 42.155 24.813
114 2020 4 12 0 42.216 24.943
115 2020 4 12 0 42.082 24.815
116 2020 4 12 0 42.023 24.787
117 2020 4 12 0 42.168 24.889
118 2020 4 12 0 42.238 24.896
119 2020 4 12 0 42.251 24.977
120 2020 4 12 0 41.758 23.925
121 2020 4 12 0 42.306 24.516
122 2020 4 12 0 41.984 24.367
123 2020 4 12 0 42.425 24.284
124 2020 4 12 0 42.546 24.577
125 2020 4 12 0 42.804 24.988
126 2020 4 12 0 41.932 24.15
127 2020 4 12 0 41.073 23.37
128 2020 4 12 0 41.578 23.275
129 2020 4 12 0 32.38 20.597
130 2020 4 12 0 32.47 20.759
131 2020 4 12 0 32.255 20.626
132 2020 4 12 0 39.863 24.254
133 2020 4 12 0 32.786 20.44
134 2020 4 12 0 38.483 23.969
135 2020 4 12 0 36.991 24.55
136 2020 4 12 0 40.665 23.851
137 2020 4 12 0 37.136 24.34
138 2020 4 12 0 39.086 23.734
139 2020 4 12 0 38.176 24.493
140 2020 4 12 0 38.128 24.819
141 2020 4 12 0 32.249 20.493
142 2020 4 12 0 42.396 24.556
143 2020 4 12 0 42.023 23.994
144 2020 4 12 0 41.071 23.199
145 2020 4 12 0 39.846 22.258
146 2020 4 12 0 39.596 22.001
147 2020 4 12 0 42.72 24.689
148 2020 4 12 0 42.602 24.707
149 2020 4 12 0 40.354 22.626
150 2020 4 12 0 40.07 22.458
151 2020 4 12 0 41.051 26.171
152 2020 4 12 0 41.092 26.219
153 2020 4 12 0 40.915 26.136
154 2020 4 12 0 41.505 26.287
155 2020 4 12 0 40.974 26.229
156 2020 4 12 0 41.167 26.143
157 2020 4 12 0 41.486 26.212
158 2020 4 12 0 40.859 26.134
159 2020 4 12 0 41.504 26.288
160 2020 4 12 0 41.322 25.938
161 2020 4 12 0 42.011 24.97
162 2020 4 12 0 42.171 25.521
164 2020 4 12 0 41.371 24.951
165 2020 4 12 0 41.875 25.345
166 2020 4 12 0 42.146 25.703
167 2020 4 12 0 41.325 25.124
168 2020 4 12 0 42.001 25.149
169 2020 4 12 0 41.266 25.012
170 2020 4 12 0 41.841 25.324
171 2020 4 12 0 34.54 21.016
172 2020 4 12 0 39.833 26.069
173 2020 4 12 0 34.508 21.319
174 2020 4 12 0 41.893 25.482
175 2020 4 12 0 41.819 25.063
176 2020 4 12 0 42.213 25.133
177 2020 4 12 0 41.723 25.64
178 2020 4 12 0 41.828 25.841
179 2020 4 12 0 42.066 25.29
180 2020 4 12 0 41.717 25.229
181 2020 4 12 0 41.97 25.023
182 2020 4 12 0 34.867 20.58
183 2020 4 12 0 34.438 21.155
184 2020 4 12 0 34.139 21.277
185 2020 4 12 0 34.496 20.579
186 2020 4 12 0 34.499 20.366
187 2020 4 12 0 34.458 20.561
188 2020 4 12 0 42.146 25.689
189 2020 4 12 0 40.528 25.994
190 2020 4 12 0 40.97 25.888
191 2020 4 12 0 40.645 26.174
192 2020 4 12 0 40.403 26.116
195 2020 4 12 0 31.7 20.395
196 2020 4 12 0 31.762 20.362
197 2020 4 12 0 31.63 20.275
198 2020 4 12 0 31.825 20.295
199 2020 4 12 0 40.269 25.07
200 2020 4 12 0 39.508 24.967
201 2020 4 12 0 39.43 25.04
202 2020 4 12 0 39.201 24.9
203 2020 4 12 0 40.652 24.871
204 2020 4 12 0 42.472 24.862
205 2020 4 12 0 41.138 23.247
206 2020 4 12 0 42.436 24.556
207 2020 4 12 0 42.198 24.255
208 2020 4 12 0 41.876 23.743
209 2020 4 12 0 42.125 24.011
210 2020 4 12 0 42.024 24.725
211 2020 4 12 0 41.94 24.797
212 2020 4 12 0 42.006 24.775
213 2020 4 12 0 41.817 24.739
214 2020 4 12 0 41.786 24.856
215 2020 4 12 0 41.853 24.825
216 2020 4 12 0 39.109 24.501
217 2020 4 12 0 40.945 24.158
218 2020 4 12 0 38.229 24.366
219 2020 4 12 0 38.049 24.555
220 2020 4 12 0 35.67 19.096
221 2020 4 12 0 37.961 24.537
222 2020 4 12 0 38.502 24.165
223 2020 4 12 0 40.665 24.73
224 2020 4 12 0 39.331 24.868
225 2020 4 12 0 38.445 24.527
226 2020 4 12 0 38.647 24.721
227 2020 4 12 0 37.394 24.449
228 2020 4 12 0 35.093 19.19
229 2020 4 12 0 35.142 19.161
230 2020 4 12 0 35.003 19.256
231 2020 4 12 0 35.167 19.193
232 2020 4 12 0 34.925 19.331
233 2020 4 12 0 42.382 25.081
234 2020 4 12 0 42.151 24.262
235 2020 4 12 0 42.146 24.238
236 2020 4 12 0 42.228 24.764
237 2020 4 12 0 42.197 24.545
238 2020 4 12 0 42.242 24.595
239 2020 4 12 0 41.759 25.149
240 2020 4 12 0 39.998 24.807
241 2020 4 12 0 41.097 24.967
242 2020 4 12 0 39.318 24.682
243 2020 4 12 0 39.147 24.477
244 2020 4 12 0 40.576 24.591
245 2020 4 12 0 41.383 24.633
246 2020 4 12 0 40.325 24.539
247 2020 4 12 0 41.8 24.748
248 2020 4 12 0 42.262 24.875
249 2020 4 12 0 42.709 24.983
250 2020 4 12 0 42.329 25.198
251 2020 4 12 0 42.566 24.724
252 2020 4 12 0 42.409 25.269
0 2020 4 12 0.12938 39.857 24.504
