1 2020 2 8 0 28.21 12.723
2 2020 2 8 0 28.182 12.833
3 2020 2 8 0 28.137 12.812
4 2020 2 8 0 28.415 12.567
5 2020 2 8 0 28.273 12.697
6 2020 2 8 0 28.493 13.037
7 2020 2 8 0 28.406 12.939
8 2020 2 8 0 28.482 12.483
9 2020 2 8 0 28.139 12.705
10 2020 2 8 0 27.974 12.667
11 2020 2 8 0 27.198 13.667
12 2020 2 8 0 27.299 13.908
13 2020 2 8 0 27.618 13.822
14 2020 2 8 0 28.414 13.515
15 2020 2 8 0 27.694 13.523
16 2020 2 8 0 27.922 13.339
17 2020 2 8 0 28.418 13.161
18 2020 2 8 0 27.291 13.529
19 2020 2 8 0 25.65 8.6476
20 2020 2 8 0 28.139 10.602
21 2020 2 8 0 25.736 8.8728
22 2020 2 8 0 25.736 8.8
23 2020 2 8 0 26.395 9.296
24 2020 2 8 0 27.485 10.237
25 2020 2 8 0 25.995 9.0482
26 2020 2 8 0 27.408 10.124
27 2020 2 8 0 26.969 9.8846
28 2020 2 8 0 26.39 9.1761
29 2020 2 8 0 28.429 10.925
30 2020 2 8 0 27.451 10.655
31 2020 2 8 0 26.732 9.4276
32 2020 2 8 0 28.277 11.415
33 2020 2 8 0 28.541 14.53
34 2020 2 8 0 28.216 14.334
35 2020 2 8 0 29.017 14.78
36 2020 2 8 0 29.13 14.583
37 2020 2 8 0 28.498 14.141
38 2020 2 8 0 28.343 14.572
39 2020 2 8 0 28.245 14.717
40 2020 2 8 0 28.801 14.339
41 2020 2 8 0 28.731 14.885
42 2020 2 8 0 27.397 13.02
43 2020 2 8 0 27.618 13.403
44 2020 2 8 0 27.528 13.367
45 2020 2 8 0 27.918 12.819
46 2020 2 8 0 27.456 13.222
47 2020 2 8 0 27.924 13.269
48 2020 2 8 0 28.098 13.102
49 2020 2 8 0 27.619 12.928
51 2020 2 8 0 28.119 12.662
52 2020 2 8 0 27.829 12.747
53 2020 2 8 0 28.286 12.632
54 2020 2 8 0 28.165 12.483
55 2020 2 8 0 26.838 13.568
56 2020 2 8 0 27.35 13.825
57 2020 2 8 0 27.211 13.745
58 2020 2 8 0 27.33 13.474
59 2020 2 8 0 27.393 13.835
60 2020 2 8 0 26.8 13.428
61 2020 2 8 0 28.853 14.165
62 2020 2 8 0 29.187 13.519
63 2020 2 8 0 29.12 13.98
64 2020 2 8 0 29.105 14.222
65 2020 2 8 0 29.75 13.613
66 2020 2 8 0 28.429 14.691
67 2020 2 8 0 28.97 14.355
68 2020 2 8 0 29.716 13.582
69 2020 2 8 0 28.984 14.303
70 2020 2 8 0 29.578 13.489
71 2020 2 8 0 26.949 13.353
72 2020 2 8 0 27.041 13.282
73 2020 2 8 0 27.542 12.825
74 2020 2 8 0.13859 27.024 13.257
75 2020 2 8 0 27.133 13.222
76 2020 2 8 0 26.957 13.325
77 2020 2 8 0.10927 26.941 13.377
78 2020 2 8 0.22235 26.913 13.381
79 2020 2 8 0.16416 26.961 13.316
80 2020 2 8 0 27.962 11.808
81 2020 2 8 0 28.183 12.996
82 2020 2 8 0 27.644 13.288
83 2020 2 8 0 27.674 12.994
84 2020 2 8 0 27.612 13.122
85 2020 2 8 0 27.45 13.307
86 2020 2 8 0 28.143 13.157
87 2020 2 8 0 27.813 13.083
88 2020 2 8 0 27.497 13.395
89 2020 2 8 0 27.481 13.354
90 2020 2 8 0 27.854 13.27
91 2020 2 8 0 28.314 12.305
92 2020 2 8 0 28.572 12.252
93 2020 2 8 0 28.498 12.568
94 2020 2 8 0 28.3 12.627
95 2020 2 8 0 27.024 10.128
96 2020 2 8 0 26.352 9.5422
97 2020 2 8 0 27.575 10.71
98 2020 2 8 0 27.165 10.727
99 2020 2 8 0 27.763 11.796
100 2020 2 8 0 27.824 11.443
102 2020 2 8 0 28.07 14.621
103 2020 2 8 0 27.799 14.111
104 2020 2 8 0 27.857 14.243
105 2020 2 8 0 28.196 14.723
106 2020 2 8 0 27.656 13.902
107 2020 2 8 0 29.333 15.072
109 2020 2 8 0 29.072 15.446
110 2020 2 8 0 29.402 15.096
111 2020 2 8 0 29.088 15.316
112 2020 2 8 0 29.098 15.506
113 2020 2 8 0 27.49 13.438
114 2020 2 8 0 27.709 13.337
115 2020 2 8 0 27.369 13.545
116 2020 2 8 0 27.415 13.598
117 2020 2 8 0 27.502 13.425
118 2020 2 8 0 27.992 13.249
119 2020 2 8 0 27.922 13.249
120 2020 2 8 0 27.603 10.723
121 2020 2 8 0 28.092 11.493
122 2020 2 8 0 27.973 11.107
123 2020 2 8 0 28.207 10.815
124 2020 2 8 0 28.228 11.216
125 2020 2 8 0 28.47 11.813
126 2020 2 8 0 28.343 10.861
127 2020 2 8 0 27.093 9.9148
128 2020 2 8 0 27.2 9.9535
129 2020 2 8 0 27.717 14.18
130 2020 2 8 0 27.919 14.676
131 2020 2 8 0 27.609 14.227
132 2020 2 8 0 28.329 12.507
133 2020 2 8 0 28.406 14.177
134 2020 2 8 0 28.599 12.788
135 2020 2 8 0 27.852 13.96
136 2020 2 8 0 29.084 11.867
137 2020 2 8 0 28.645 13.567
138 2020 2 8 0 28.533 12.414
139 2020 2 8 0 27.919 13.329
140 2020 2 8 0 27.64 13.596
141 2020 2 8 0 27.832 14.106
142 2020 2 8 0 29.386 11.646
143 2020 2 8 0 27.444 11.635
144 2020 2 8 0 26.642 10.595
145 2020 2 8 0 25.606 9.2362
146 2020 2 8 0 25.307 8.2159
147 2020 2 8 0 27.955 12.371
148 2020 2 8 0 27.807 12.429
149 2020 2 8 0 26.048 9.8839
150 2020 2 8 0 25.828 9.7171
151 2020 2 8 0 29.401 14.682
152 2020 2 8 0 29.022 15.239
153 2020 2 8 0 29.413 14.614
154 2020 2 8 0 29.309 14.977
155 2020 2 8 0 28.998 15.406
156 2020 2 8 0 28.804 15.187
157 2020 2 8 0 29.041 15.006
158 2020 2 8 0 29.262 14.522
159 2020 2 8 0 29.331 15.004
160 2020 2 8 0 28.334 15.083
161 2020 2 8 0 28.358 12.205
162 2020 2 8 0 28.392 12.325
164 2020 2 8 0 28.196 12.413
165 2020 2 8 0 27.961 12.595
166 2020 2 8 0 28.102 12.721
167 2020 2 8 0 28.205 12.394
168 2020 2 8 0 28.612 11.984
169 2020 2 8 0 28.217 12.39
170 2020 2 8 0 28.263 12.334
171 2020 2 8 0 28.304 15.573
172 2020 2 8 0 28.363 15.794
173 2020 2 8 0 28.381 15.885
174 2020 2 8 0 27.435 13.875
175 2020 2 8 0 27.593 13.874
176 2020 2 8 0 27.496 13.412
177 2020 2 8 0 27.867 14.209
178 2020 2 8 0 27.678 14.074
179 2020 2 8 0 27.254 13.614
180 2020 2 8 0 27.775 14.075
181 2020 2 8 0 27.415 13.697
182 2020 2 8 0 29.399 15.25
183 2020 2 8 0 28.821 15.77
184 2020 2 8 0 29.066 15.721
185 2020 2 8 0 29.433 15.357
186 2020 2 8 0 29.715 15.238
187 2020 2 8 0 29.573 15.36
188 2020 2 8 0 28.281 14.581
189 2020 2 8 0 28.344 15.548
190 2020 2 8 0 28.303 15.279
191 2020 2 8 0 28.833 15.498
192 2020 2 8 0 28.574 15.75
195 2020 2 8 0 27.117 13.621
196 2020 2 8 0 27.143 13.581
197 2020 2 8 0 26.964 13.501
198 2020 2 8 0 27.046 13.514
199 2020 2 8 0 27.697 12.987
200 2020 2 8 0 27.474 13.092
201 2020 2 8 0 27.512 13.281
202 2020 2 8 0 27.715 13.244
203 2020 2 8 0 28.068 12.663
204 2020 2 8 0 27.78 12.759
205 2020 2 8 0 26.811 10.931
206 2020 2 8 0 27.811 12.472
207 2020 2 8 0 27.864 12.476
208 2020 2 8 0 27.625 11.958
209 2020 2 8 0 27.716 12.063
210 2020 2 8 0 27.405 13.521
211 2020 2 8 0 27.485 13.678
212 2020 2 8 0 27.432 13.609
213 2020 2 8 0 27.569 13.683
214 2020 2 8 0 27.666 13.887
215 2020 2 8 0 27.554 13.771
216 2020 2 8 0 29.688 12.905
217 2020 2 8 0 29.575 12.008
218 2020 2 8 0 29.477 13.199
219 2020 2 8 0 29.735 13.27
220 2020 2 8 0 29.891 13.3
221 2020 2 8 0 29.892 13.302
222 2020 2 8 0 29.263 12.838
223 2020 2 8 0 30.024 12.635
224 2020 2 8 0 30.118 13.235
225 2020 2 8 0 29.91 13.255
226 2020 2 8 0 30.029 13.315
227 2020 2 8 0 29.887 13.361
228 2020 2 8 0 30.011 13.375
229 2020 2 8 0 30.192 13.221
230 2020 2 8 0 30.1 13.275
231 2020 2 8 0 29.845 13.475
232 2020 2 8 0 30.102 13.3
233 2020 2 8 0 27.823 13.113
234 2020 2 8 0 27.934 12.584
235 2020 2 8 0 27.902 12.544
236 2020 2 8 0 27.952 12.995
237 2020 2 8 0 28.016 12.861
238 2020 2 8 0 27.883 12.779
239 2020 2 8 0 28.795 12.918
240 2020 2 8 0 30.052 13.224
241 2020 2 8 0 29.285 13.333
242 2020 2 8 0 29.989 13.336
243 2020 2 8 0 29.765 13.351
244 2020 2 8 0 29.802 13.185
245 2020 2 8 0 29.437 12.837
246 2020 2 8 0 29.565 13.371
247 2020 2 8 0 29.484 12.406
248 2020 2 8 0 28.843 12.213
249 2020 2 8 0 29.11 11.842
250 2020 2 8 0 28.504 12.305
251 2020 2 8 0 29.77 11.868
252 2020 2 8 0 28.67 12.168
0 2020 2 8 0 27.631 12.369
