1 2020 4 9 0 38.184 24.1
2 2020 4 9 0 37.368 23.272
3 2020 4 9 0 38.27 24.06
4 2020 4 9 0 37.741 23.451
5 2020 4 9 0 36.68 22.709
6 2020 4 9 0 37.091 22.815
7 2020 4 9 0 37.906 23.568
8 2020 4 9 0 37.613 23.17
9 2020 4 9 0 37.546 23.483
10 2020 4 9 0 37.027 22.894
11 2020 4 9 0 38.079 23.699
12 2020 4 9 0 37.617 23.514
13 2020 4 9 0 37.694 23.488
14 2020 4 9 0 37.921 23.471
15 2020 4 9 0 38.121 23.638
16 2020 4 9 0 38.258 23.691
17 2020 4 9 0 38.301 23.658
18 2020 4 9 0 38.153 23.868
19 2020 4 9 0 37.073 21.839
20 2020 4 9 0 37.044 22.742
21 2020 4 9 0 37.022 21.624
22 2020 4 9 0 36.876 21.906
23 2020 4 9 0 36.393 21.782
24 2020 4 9 0 36.734 22.326
25 2020 4 9 0 36.616 21.844
26 2020 4 9 0 36.394 22.044
27 2020 4 9 0 36.609 22.115
28 2020 4 9 0 36.795 21.969
29 2020 4 9 0 37.182 22.915
30 2020 4 9 0 37.389 22.773
31 2020 4 9 0 36.855 22.053
32 2020 4 9 0 37.878 23.308
33 2020 4 9 0 36.432 23.351
34 2020 4 9 0 36.619 23.176
35 2020 4 9 0 36.257 23.485
36 2020 4 9 0 36.13 23.366
37 2020 4 9 0 37.166 23.184
38 2020 4 9 0 36.542 23.649
39 2020 4 9 0 36.428 23.839
40 2020 4 9 0 36.491 23.183
41 2020 4 9 0 36.234 23.699
42 2020 4 9 0 38.164 23.481
43 2020 4 9 0 38.021 24.123
44 2020 4 9 0 37.905 23.916
45 2020 4 9 0 38.662 24.034
46 2020 4 9 0 37.939 23.667
47 2020 4 9 0 38.413 24.26
48 2020 4 9 0 38.661 24.33
49 2020 4 9 0 38.508 23.756
51 2020 4 9 0 38.36 24.101
52 2020 4 9 0 38.655 24.11
53 2020 4 9 0 38.105 24.038
54 2020 4 9 0 38.412 24.077
55 2020 4 9 0 32.367 22.604
56 2020 4 9 0 33.003 22.67
57 2020 4 9 0 31.706 22.852
58 2020 4 9 0 33.537 22.679
59 2020 4 9 0 32.007 22.768
60 2020 4 9 0 31.901 22.743
61 2020 4 9 0 33.288 20.379
62 2020 4 9 0 33.138 22.388
63 2020 4 9 0 32.445 22.662
64 2020 4 9 0 33.684 20.256
65 2020 4 9 0 34.462 19.683
66 2020 4 9 0 32.942 20.678
67 2020 4 9 0 33.525 20.37
68 2020 4 9 0 34.471 19.63
69 2020 4 9 0 33.508 20.386
70 2020 4 9 0 34.34 19.494
71 2020 4 9 0 32.044 20.16
72 2020 4 9 0 33.437 22.804
73 2020 4 9 0 34.524 22.765
74 2020 4 9 0 33.384 22.795
75 2020 4 9 0 33.611 22.811
76 2020 4 9 0 33.237 22.8
77 2020 4 9 0 32.019 20.175
78 2020 4 9 0 31.944 20.159
79 2020 4 9 0 33.245 22.798
80 2020 4 9 0 35.27 22.328
81 2020 4 9 0 38.279 23.889
82 2020 4 9 0 38.381 24.29
83 2020 4 9 0 38.703 24.214
84 2020 4 9 0 38.565 24.13
85 2020 4 9 0 38.423 23.961
86 2020 4 9 0 38.307 23.767
87 2020 4 9 0 38.374 23.979
88 2020 4 9 0 38.282 23.823
89 2020 4 9 0 38.327 24.083
90 2020 4 9 0 38.268 23.783
91 2020 4 9 0 37.945 23.778
92 2020 4 9 0 37.905 23.439
93 2020 4 9 0 37.993 23.762
94 2020 4 9 0 37.812 23.713
95 2020 4 9 0 37.173 22.458
96 2020 4 9 0 36.989 21.98
97 2020 4 9 0 37.209 22.782
98 2020 4 9 0 37.573 22.845
99 2020 4 9 0 38.19 23.624
100 2020 4 9 0 37.643 23.329
102 2020 4 9 0 36.52 23.968
103 2020 4 9 0 37.206 24.022
104 2020 4 9 0 37.046 23.955
105 2020 4 9 0 36.281 24.003
106 2020 4 9 0 37.505 24.034
107 2020 4 9 0 35.787 20.717
109 2020 4 9 0 35.057 20.918
110 2020 4 9 0 35.421 20.599
111 2020 4 9 0 36.125 23.502
112 2020 4 9 0 34.752 20.876
113 2020 4 9 0 37.884 24.064
114 2020 4 9 0 38.214 24.329
115 2020 4 9 0 37.685 23.939
116 2020 4 9 0 37.645 23.95
117 2020 4 9 0 37.949 24.124
118 2020 4 9 0 38.494 24.425
119 2020 4 9 0 38.473 24.528
120 2020 4 9 0 36.91 22.467
121 2020 4 9 0 37.406 22.953
122 2020 4 9 0 37.024 22.554
123 2020 4 9 0 36.883 22.615
124 2020 4 9 0 37.046 22.67
125 2020 4 9 0 37.419 22.938
126 2020 4 9 0 36.508 22.406
127 2020 4 9 0 36.328 21.877
128 2020 4 9 0 36.708 22.182
129 2020 4 9 0 32.38 20.597
130 2020 4 9 0 32.47 20.759
131 2020 4 9 0 32.255 20.626
132 2020 4 9 0 35.394 22.035
133 2020 4 9 0 32.786 20.44
134 2020 4 9 0 33.96 22.039
135 2020 4 9 0 32.103 22.683
136 2020 4 9 0 35.966 21.68
137 2020 4 9 0 32.774 22.484
138 2020 4 9 0 34.69 21.825
139 2020 4 9 0 33.415 22.415
140 2020 4 9 0 33.532 22.559
141 2020 4 9 0 32.249 20.493
142 2020 4 9 0 36.758 21.926
143 2020 4 9 0 38.592 23.541
144 2020 4 9 0 37.803 22.678
145 2020 4 9 0 37.049 21.634
146 2020 4 9 0 36.982 21.171
147 2020 4 9 0 38.828 24.081
148 2020 4 9 0 38.955 24.069
149 2020 4 9 0 37.288 22.075
150 2020 4 9 0 37.199 21.919
151 2020 4 9 0 36.047 23.371
152 2020 4 9 0 35.655 23.696
153 2020 4 9 0 36.015 23.325
154 2020 4 9 0 36.107 23.568
155 2020 4 9 0 35.53 23.699
156 2020 4 9 0 35.751 23.755
157 2020 4 9 0 36.086 23.66
158 2020 4 9 0 36.024 23.31
159 2020 4 9 0 36.078 23.568
160 2020 4 9 0 35.881 23.896
161 2020 4 9 0 36.89 22.505
162 2020 4 9 0 36.615 22.593
164 2020 4 9 0 36.52 22.337
165 2020 4 9 0 36.623 22.506
166 2020 4 9 0 36.682 22.809
167 2020 4 9 0 36.376 22.397
168 2020 4 9 0 36.65 22.331
169 2020 4 9 0 36.428 22.335
170 2020 4 9 0 36.615 22.496
171 2020 4 9 0 34.54 21.016
172 2020 4 9 0 34.379 23.991
173 2020 4 9 0 34.508 21.319
174 2020 4 9 0 37.481 23.631
175 2020 4 9 0 37.434 23.855
176 2020 4 9 0 38.124 24.123
177 2020 4 9 0 36.836 23.441
178 2020 4 9 0 37.129 23.358
179 2020 4 9 0 37.868 23.818
180 2020 4 9 0 37.163 23.778
181 2020 4 9 0 37.618 23.866
182 2020 4 9 0 34.867 20.58
183 2020 4 9 0 34.438 21.155
184 2020 4 9 0 34.139 21.277
185 2020 4 9 0 34.496 20.579
186 2020 4 9 0 34.499 20.366
187 2020 4 9 0 34.458 20.561
188 2020 4 9 0 36.652 23.974
189 2020 4 9 0 35.062 23.958
190 2020 4 9 0 35.369 24
191 2020 4 9 0 35.21 23.79
192 2020 4 9 0 34.977 23.87
195 2020 4 9 0 31.7 20.395
196 2020 4 9 0 31.762 20.362
197 2020 4 9 0 31.63 20.275
198 2020 4 9 0 31.825 20.295
199 2020 4 9 0 35.549 22.496
200 2020 4 9 0 34.792 22.67
201 2020 4 9 0 34.793 22.651
202 2020 4 9 0 34.654 22.512
203 2020 4 9 0 36.021 22.318
204 2020 4 9 0 38.774 24.182
205 2020 4 9 0 38.028 22.831
206 2020 4 9 0 38.885 24.032
207 2020 4 9 0 38.75 23.94
208 2020 4 9 0 38.596 23.474
209 2020 4 9 0 38.782 23.689
210 2020 4 9 0 37.631 23.89
211 2020 4 9 0 37.616 23.975
212 2020 4 9 0 37.641 23.952
213 2020 4 9 0 37.552 23.938
214 2020 4 9 0 37.497 24.029
215 2020 4 9 0 37.583 24.005
216 2020 4 9 0 34.594 22.167
217 2020 4 9 0 35.905 21.824
218 2020 4 9 0 33.826 22.114
219 2020 4 9 0 33.904 22.397
220 2020 4 9 0 35.67 19.096
221 2020 4 9 0 34.1 22.533
222 2020 4 9 0 34.147 22.029
223 2020 4 9 0 35.702 22.229
224 2020 4 9 0 34.936 22.451
225 2020 4 9 0 34.681 22.544
226 2020 4 9 0 34.631 22.526
227 2020 4 9 0 33.618 22.576
228 2020 4 9 0 35.093 19.19
229 2020 4 9 0 35.142 19.161
230 2020 4 9 0 35.003 19.256
231 2020 4 9 0 35.167 19.193
232 2020 4 9 0 34.925 19.331
233 2020 4 9 0 38.594 24.451
234 2020 4 9 0 38.716 23.96
235 2020 4 9 0 38.71 23.955
236 2020 4 9 0 38.613 24.414
237 2020 4 9 0 38.681 24.192
238 2020 4 9 0 38.669 24.22
239 2020 4 9 0 36.512 22.272
240 2020 4 9 0 35.473 22.427
241 2020 4 9 0 36.303 22.443
242 2020 4 9 0 35.12 22.482
243 2020 4 9 0 34.955 22.423
244 2020 4 9 0 35.882 22.313
245 2020 4 9 0 36.285 22.164
246 2020 4 9 0 35.723 22.357
247 2020 4 9 0 36.371 22.086
248 2020 4 9 0 36.559 21.986
249 2020 4 9 0 36.822 22.106
250 2020 4 9 0 36.586 22.228
251 2020 4 9 0 36.711 21.984
252 2020 4 9 0 36.684 22.348
0 2020 4 9 0 35.178 22.593
