1 2020 6 3 0 39.655 28.262
2 2020 6 3 0.21005 38.935 27.793
3 2020 6 3 0 39.47 28.192
4 2020 6 3 0 39.974 28.048
5 2020 6 3 0 38.15 27.607
6 2020 6 3 0.41595 38.075 27.613
7 2020 6 3 4.5827 38.869 27.812
8 2020 6 3 0 40.083 27.933
9 2020 6 3 0 39.496 27.984
10 2020 6 3 0 39.436 27.748
11 2020 6 3 4.5674 38.65 27.936
12 2020 6 3 3.1659 38.303 27.885
13 2020 6 3 2.584 38.367 27.826
14 2020 6 3 5.7113 38.473 27.732
15 2020 6 3 4.2821 38.68 27.821
16 2020 6 3 5.9161 38.775 27.807
17 2020 6 3 15.996 38.746 27.731
18 2020 6 3 1.7865 38.535 28.07
19 2020 6 3 0.98953 38.052 24.751
20 2020 6 3 0 39.386 27.189
21 2020 6 3 0.41004 37.684 24.741
22 2020 6 3 0.54466 38.063 24.825
23 2020 6 3 0 37.905 24.96
24 2020 6 3 0 38.763 26.251
25 2020 6 3 0 37.904 24.868
26 2020 6 3 0 38.467 25.947
27 2020 6 3 0 38.367 25.658
28 2020 6 3 0.48649 38.132 24.895
29 2020 6 3 0 39.668 27.676
30 2020 6 3 0 39.273 26.574
31 2020 6 3 0.18379 38.15 24.95
32 2020 6 3 0 40.12 27.66
33 2020 6 3 0 36.738 27.9
34 2020 6 3 0 37.378 27.814
35 2020 6 3 0 36.135 27.949
36 2020 6 3 0 36.257 27.843
37 2020 6 3 0 37.925 27.757
38 2020 6 3 0 36.296 28.144
39 2020 6 3 0 35.772 28.308
40 2020 6 3 0 37.087 27.766
41 2020 6 3 0.20296 35.711 28.15
42 2020 6 3 0.17409 37.415 27.845
43 2020 6 3 0 37.893 28.487
44 2020 6 3 0 37.685 28.303
45 2020 6 3 0 38.535 27.939
46 2020 6 3 0.11077 37.478 28.026
47 2020 6 3 0 38.1 28.588
48 2020 6 3 0 38.409 28.49
49 2020 6 3 0 37.824 27.996
51 2020 6 3 0 39.548 28.069
52 2020 6 3 0 39.225 27.903
53 2020 6 3 0 39.742 28.192
54 2020 6 3 0 39.597 27.85
55 2020 6 3 0 36.174 27.749
56 2020 6 3 0 37.053 27.834
57 2020 6 3 9.0253 35.729 27.561
58 2020 6 3 0.16291 37.201 27.791
59 2020 6 3 1.8721 36.231 27.708
60 2020 6 3 2.4802 35.721 27.595
61 2020 6 3 1.9091 33.288 20.379
62 2020 6 3 1.4356 36.087 27.141
63 2020 6 3 2.364 35.814 27.291
64 2020 6 3 29.446 33.684 20.256
65 2020 6 3 19.71 34.462 19.683
66 2020 6 3 13.526 32.942 20.678
67 2020 6 3 17.151 33.525 20.37
68 2020 6 3 10.385 34.471 19.63
69 2020 6 3 12.661 33.508 20.386
70 2020 6 3 6.5134 34.34 19.494
71 2020 6 3 0 32.044 20.16
72 2020 6 3 0 36.67 27.755
73 2020 6 3 0 37.644 27.708
74 2020 6 3 0 36.61 27.751
75 2020 6 3 0 36.83 27.753
76 2020 6 3 0 36.473 27.761
77 2020 6 3 0 32.019 20.175
78 2020 6 3 0 31.944 20.159
79 2020 6 3 0 36.482 27.758
80 2020 6 3 0 38.193 27.546
81 2020 6 3 1.3076 39.168 28.002
82 2020 6 3 0.13223 38.403 28.262
83 2020 6 3 0 38.852 28.064
84 2020 6 3 0.27022 38.89 28.176
85 2020 6 3 1.0471 38.841 28.087
86 2020 6 3 7.5529 38.914 27.858
87 2020 6 3 0.24638 39.106 28.103
88 2020 6 3 2.1508 38.849 27.983
89 2020 6 3 0.37077 38.535 28.172
90 2020 6 3 2.3776 38.901 27.913
91 2020 6 3 0 39.764 27.944
92 2020 6 3 0 40.107 27.89
93 2020 6 3 0 40.023 28.187
94 2020 6 3 0 39.803 28.137
95 2020 6 3 0.14255 38.372 25.543
96 2020 6 3 0.3597 37.854 24.966
97 2020 6 3 0 38.851 26.224
98 2020 6 3 0.40315 38.583 26.078
99 2020 6 3 0.28903 39.192 27.086
100 2020 6 3 0 39.189 26.983
102 2020 6 3 0.91043 35.786 28.471
103 2020 6 3 1.5254 36.553 28.501
104 2020 6 3 0.22171 36.414 28.419
105 2020 6 3 0.41578 35.668 28.547
106 2020 6 3 0.22689 36.874 28.481
107 2020 6 3 0.14676 35.787 20.717
109 2020 6 3 0.2565 35.057 20.918
110 2020 6 3 0.6666 35.421 20.599
111 2020 6 3 2.3775 35.862 27.942
112 2020 6 3 1.1549 34.752 20.876
113 2020 6 3 0 37.804 28.408
114 2020 6 3 0.47125 38.069 28.401
115 2020 6 3 0 37.605 28.369
116 2020 6 3 0.34878 37.457 28.397
117 2020 6 3 0.48145 37.884 28.359
118 2020 6 3 0 38.249 28.567
119 2020 6 3 0.14343 38.244 28.442
120 2020 6 3 0 38.813 26.213
121 2020 6 3 0 39.462 27.059
122 2020 6 3 0 39.265 26.763
123 2020 6 3 0 39.467 27.251
124 2020 6 3 0 39.666 27.263
125 2020 6 3 0 40.055 27.619
126 2020 6 3 0 39.215 27.482
127 2020 6 3 0 38.148 25.349
128 2020 6 3 0 38.348 25.391
129 2020 6 3 1.9775 32.38 20.597
130 2020 6 3 11.401 32.47 20.759
131 2020 6 3 4.0853 32.255 20.626
132 2020 6 3 1.9073 38.444 27.378
133 2020 6 3 2.2592 32.786 20.44
134 2020 6 3 2.0787 37.093 27.208
135 2020 6 3 3.6477 36.153 27.55
136 2020 6 3 1.881 38.497 26.99
137 2020 6 3 1.2359 36.226 27.325
138 2020 6 3 2.5927 37.676 27.181
139 2020 6 3 0.47153 37.206 27.57
140 2020 6 3 0.62741 37.457 27.746
141 2020 6 3 3.2755 32.249 20.493
142 2020 6 3 0 39.315 27.003
143 2020 6 3 1.3484 38.905 26.549
144 2020 6 3 2.5737 38.192 25.736
145 2020 6 3 1.6345 37.394 24.805
146 2020 6 3 2.3614 37.386 24.474
147 2020 6 3 0 39.369 27.374
148 2020 6 3 0 39.189 27.3
149 2020 6 3 1.7142 37.672 25.162
150 2020 6 3 0.57897 37.506 25.022
151 2020 6 3 0.55797 36.133 27.846
152 2020 6 3 0 35.197 27.881
153 2020 6 3 0.6065 36.218 27.814
154 2020 6 3 0 35.732 27.963
155 2020 6 3 0.30019 35.102 27.819
156 2020 6 3 0 35.18 28.007
157 2020 6 3 0.13634 35.574 28.057
158 2020 6 3 0 36.276 27.8
159 2020 6 3 0 35.697 27.954
160 2020 6 3 0 35.121 28.272
161 2020 6 3 0.19395 39.595 27.542
162 2020 6 3 0.27953 38.772 27.555
164 2020 6 3 0 39.406 27.543
165 2020 6 3 0 39.186 27.572
166 2020 6 3 0 38.628 27.649
167 2020 6 3 0.20103 39.224 27.578
168 2020 6 3 0.66516 39.3 27.429
169 2020 6 3 0 39.294 27.559
170 2020 6 3 0.20692 39.16 27.571
171 2020 6 3 13.447 34.54 21.016
172 2020 6 3 10.503 33.897 27.538
173 2020 6 3 9.9071 34.508 21.319
174 2020 6 3 0.77078 37.848 28.063
175 2020 6 3 0 37.225 28.322
176 2020 6 3 0.35261 38.188 28.256
177 2020 6 3 0 37.225 28.011
178 2020 6 3 0.4649 37.854 27.868
179 2020 6 3 0.65385 38.143 28.148
180 2020 6 3 0 36.949 28.28
181 2020 6 3 0 37.575 28.297
182 2020 6 3 0.97522 34.867 20.58
183 2020 6 3 3.6362 34.438 21.155
184 2020 6 3 3.9713 34.139 21.277
185 2020 6 3 2.4055 34.496 20.579
186 2020 6 3 3.9245 34.499 20.366
187 2020 6 3 6.3882 34.458 20.561
188 2020 6 3 0.78262 36.002 28.604
189 2020 6 3 2.1163 34.463 27.889
190 2020 6 3 2.2766 34.827 28.085
191 2020 6 3 0.49532 34.741 27.76
192 2020 6 3 3.6482 34.455 27.736
195 2020 6 3 7.9861 31.7 20.395
196 2020 6 3 0.35306 31.762 20.362
197 2020 6 3 1.5147 31.63 20.275
198 2020 6 3 0 31.825 20.295
199 2020 6 3 0 38.658 27.69
200 2020 6 3 0 37.979 27.754
201 2020 6 3 0.47659 38.09 27.763
202 2020 6 3 1.6981 38.174 27.723
203 2020 6 3 0.54779 39.06 27.586
204 2020 6 3 0 38.897 27.73
205 2020 6 3 0.27341 38.355 25.932
206 2020 6 3 0 39.084 27.318
207 2020 6 3 0 39.007 27.301
208 2020 6 3 0 39.017 26.735
209 2020 6 3 0 39.11 26.827
210 2020 6 3 0.42577 37.449 28.322
211 2020 6 3 0.60873 37.293 28.423
212 2020 6 3 0.41354 37.423 28.402
213 2020 6 3 2.499 36.995 28.385
214 2020 6 3 1.4447 36.886 28.489
215 2020 6 3 0.26798 37.121 28.45
216 2020 6 3 1.2001 36.904 26.928
217 2020 6 3 0.62824 38.326 26.873
218 2020 6 3 3.3391 36.298 26.973
219 2020 6 3 1.3423 36.288 26.889
220 2020 6 3 0 35.67 19.096
221 2020 6 3 0 36.526 26.774
222 2020 6 3 3.0948 36.707 26.999
223 2020 6 3 0.58597 37.897 26.887
224 2020 6 3 0 37.039 26.913
225 2020 6 3 0.32269 37.106 26.646
226 2020 6 3 0.91244 36.886 26.792
227 2020 6 3 0.73836 36.118 26.825
228 2020 6 3 0 35.093 19.19
229 2020 6 3 0.16197 35.142 19.161
230 2020 6 3 2.7059 35.003 19.256
231 2020 6 3 0 35.167 19.193
232 2020 6 3 6.9767 34.925 19.331
233 2020 6 3 0 38.531 28.206
234 2020 6 3 0 38.907 27.515
235 2020 6 3 0 38.935 27.416
236 2020 6 3 0 38.516 28.084
237 2020 6 3 0 38.662 28.006
238 2020 6 3 0 38.738 27.736
239 2020 6 3 0 37.674 27.435
240 2020 6 3 7.1387 37.421 26.989
241 2020 6 3 0.57304 37.684 27.368
242 2020 6 3 4.0029 37.227 26.892
243 2020 6 3 0.81733 37.165 26.915
244 2020 6 3 9.1198 37.717 27.106
245 2020 6 3 2.4663 37.932 27.193
246 2020 6 3 1.1072 37.537 27.201
247 2020 6 3 0.80715 38.177 27.084
248 2020 6 3 0.21369 38.01 27.262
249 2020 6 3 0 38.988 27.173
250 2020 6 3 0 38.074 27.418
251 2020 6 3 0.21385 38.916 26.906
252 2020 6 3 0 38.669 27.39
0 2020 6 3 0 38.033 27.603
