1 2020 2 6 0 27.937 13.05
2 2020 2 6 0 28.042 12.846
3 2020 2 6 0 27.923 13.267
4 2020 2 6 0 28.215 12.473
5 2020 2 6 0 28.049 12.394
6 2020 2 6 0 28.171 12.782
7 2020 2 6 0 28.07 13.265
8 2020 2 6 0 28.33 12.287
9 2020 2 6 0 28.03 12.724
10 2020 2 6 0 28.116 12.457
11 2020 2 6 0 27.763 13.945
12 2020 2 6 0 27.855 13.857
13 2020 2 6 0 27.941 13.789
14 2020 2 6 0 28.164 13.64
15 2020 2 6 0 27.901 13.834
16 2020 2 6 0 27.947 13.814
17 2020 2 6 0 28.095 13.743
18 2020 2 6 0 27.816 14.106
19 2020 2 6 0 25.096 9.9047
20 2020 2 6 0 27.573 11.35
21 2020 2 6 0 25.244 10.311
22 2020 2 6 0 25.201 9.8635
23 2020 2 6 0 25.925 9.9283
24 2020 2 6 0 26.975 10.706
25 2020 2 6 0 25.559 9.7832
26 2020 2 6 0 26.876 10.458
27 2020 2 6 0 26.529 10.373
28 2020 2 6 0 25.899 10.062
29 2020 2 6 0 27.966 11.702
30 2020 2 6 0 27.048 10.941
31 2020 2 6 0 26.294 10.345
32 2020 2 6 0 27.87 11.626
33 2020 2 6 0 28.43 13.838
34 2020 2 6 0 28.285 13.642
35 2020 2 6 0 28.623 13.993
36 2020 2 6 0 28.693 13.772
37 2020 2 6 0 28.325 13.494
38 2020 2 6 0 28.431 14.133
39 2020 2 6 0 28.55 14.382
40 2020 2 6 0 28.539 13.528
41 2020 2 6 0 28.664 14.274
42 2020 2 6 0 28.024 14.367
43 2020 2 6 0 28.112 14.486
44 2020 2 6 0 28.112 14.421
45 2020 2 6 0 27.907 14.462
46 2020 2 6 0 28.085 14.377
47 2020 2 6 0 28.12 14.548
48 2020 2 6 0 28.062 14.562
49 2020 2 6 0 27.988 14.465
51 2020 2 6 0 27.883 13.18
52 2020 2 6 0 27.781 13.653
53 2020 2 6 0 27.962 12.871
54 2020 2 6 0 27.859 13.027
55 2020 2 6 0 27.216 14.752
56 2020 2 6 0 27.709 14.311
57 2020 2 6 0 27.006 15.085
58 2020 2 6 0 27.599 14.018
59 2020 2 6 0 27.452 14.651
60 2020 2 6 0 26.897 14.926
61 2020 2 6 0 28.471 14.973
62 2020 2 6 0 28.392 14.131
63 2020 2 6 0 28.613 14.739
64 2020 2 6 0 28.613 14.906
65 2020 2 6 0 29.102 14.189
66 2020 2 6 0 28.056 15.445
67 2020 2 6 0 28.508 15.053
68 2020 2 6 0 28.97 14.153
69 2020 2 6 0 28.541 15.053
70 2020 2 6 0 28.628 14.018
71 2020 2 6 0 27.359 14.475
72 2020 2 6 0 27.393 14.309
73 2020 2 6 0 27.54 13.336
74 2020 2 6 0 27.394 14.323
75 2020 2 6 0 27.412 14.143
76 2020 2 6 0 27.367 14.45
77 2020 2 6 0 27.353 14.496
78 2020 2 6 0 27.332 14.525
79 2020 2 6 0 27.372 14.442
80 2020 2 6 0 27.904 12.382
81 2020 2 6 0 27.977 13.488
82 2020 2 6 0 27.939 14.466
83 2020 2 6 0 27.789 14.204
84 2020 2 6 0 27.79 14.1
85 2020 2 6 0 27.762 14.032
86 2020 2 6 0 27.992 13.7
87 2020 2 6 0 27.85 13.703
88 2020 2 6 0 27.796 13.887
89 2020 2 6 0 27.858 14.262
90 2020 2 6 0 27.907 13.749
91 2020 2 6 0 27.929 12.469
92 2020 2 6 0 28.186 12.171
93 2020 2 6 0 28.165 12.581
94 2020 2 6 0 28.067 12.665
95 2020 2 6 0 26.627 11.044
96 2020 2 6 0 25.932 10.811
97 2020 2 6 0 27.161 11.176
98 2020 2 6 0 26.796 11.686
99 2020 2 6 0 27.441 12.574
100 2020 2 6 0 27.436 11.908
102 2020 2 6 0 28.514 14.509
103 2020 2 6 0 28.154 14.3
104 2020 2 6 0 28.222 14.281
105 2020 2 6 0 28.6 14.643
106 2020 2 6 0 28 14.2
107 2020 2 6 0 28.72 14.09
109 2020 2 6 0 28.658 14.247
110 2020 2 6 0 28.731 13.975
111 2020 2 6 0 28.656 14.205
112 2020 2 6 0 28.661 14.185
113 2020 2 6 0 28.101 14.47
114 2020 2 6 0 28.069 14.601
115 2020 2 6 0 28.08 14.371
116 2020 2 6 0 28.069 14.341
117 2020 2 6 0 28.075 14.497
118 2020 2 6 0 28.099 14.624
119 2020 2 6 0 28.068 14.709
120 2020 2 6 0 27.145 10.883
121 2020 2 6 0 27.666 11.525
122 2020 2 6 0 27.528 11.132
123 2020 2 6 0 27.797 11.472
124 2020 2 6 0 27.926 11.548
125 2020 2 6 0 28.226 11.875
126 2020 2 6 0 28.08 11.657
127 2020 2 6 0 26.588 10.14
128 2020 2 6 0 26.751 10.442
129 2020 2 6 0 27.434 15.288
130 2020 2 6 0 27.593 15.572
131 2020 2 6 0 27.322 15.357
132 2020 2 6 0 28.395 12.778
133 2020 2 6 0 28.097 14.995
134 2020 2 6 0 28.323 13.423
135 2020 2 6 0 27.677 14.747
136 2020 2 6 0 28.717 12.295
137 2020 2 6 0 28.234 14.25
138 2020 2 6 0 28.482 13.038
139 2020 2 6 0 27.995 13.826
140 2020 2 6 0 27.905 13.934
141 2020 2 6 0 27.57 15.1
142 2020 2 6 0 28.67 11.824
143 2020 2 6 0 27.186 12.981
144 2020 2 6 0 26.296 12.084
145 2020 2 6 0 25.15 10.993
146 2020 2 6 0 24.807 9.9255
147 2020 2 6 0 27.754 13.334
148 2020 2 6 0 27.702 13.636
149 2020 2 6 0 25.645 11.52
150 2020 2 6 0 25.35 11.715
151 2020 2 6 0 28.732 13.779
152 2020 2 6 0 28.682 14.314
153 2020 2 6 0 28.733 13.702
154 2020 2 6 0 28.724 14.104
155 2020 2 6 0 28.648 14.35
156 2020 2 6 0 28.701 14.395
157 2020 2 6 0 28.729 14.24
158 2020 2 6 0 28.727 13.671
159 2020 2 6 0 28.724 14.112
160 2020 2 6 0 28.719 14.593
161 2020 2 6 0 28.318 12.16
162 2020 2 6 0 28.089 12.321
164 2020 2 6 0 28.242 12.257
165 2020 2 6 0 28.144 12.344
166 2020 2 6 0 28.034 12.464
167 2020 2 6 0 28.111 12.412
168 2020 2 6 0 28.242 12.222
169 2020 2 6 0 28.171 12.351
170 2020 2 6 0 28.149 12.331
171 2020 2 6 0 28.511 14.277
172 2020 2 6 0 28.514 14.545
173 2020 2 6 0 28.509 14.621
174 2020 2 6 0 27.962 13.991
175 2020 2 6 0 28.016 14.128
176 2020 2 6 0 27.975 14.406
177 2020 2 6 0 28.145 13.865
178 2020 2 6 0 28.04 13.768
179 2020 2 6 0 27.928 14.181
180 2020 2 6 0 28.086 14.065
181 2020 2 6 0 28.019 14.225
182 2020 2 6 0 28.728 13.925
183 2020 2 6 0 28.586 14.478
184 2020 2 6 0 28.598 14.729
185 2020 2 6 0 28.729 13.923
186 2020 2 6 0 28.76 13.98
187 2020 2 6 0 28.748 13.978
188 2020 2 6 0 28.622 14.772
189 2020 2 6 0 28.601 14.705
190 2020 2 6 0 28.576 14.713
191 2020 2 6 0 28.627 14.457
192 2020 2 6 0 28.574 14.63
195 2020 2 6 0 26.927 15.072
196 2020 2 6 0 27.101 14.904
197 2020 2 6 0 27.07 14.846
198 2020 2 6 0 27.196 14.749
199 2020 2 6 0 27.773 12.769
200 2020 2 6 0 27.502 13.142
201 2020 2 6 0 27.605 13.251
202 2020 2 6 0 27.933 13.347
203 2020 2 6 0 28.149 12.54
204 2020 2 6 0 27.778 14.155
205 2020 2 6 0 26.441 12.787
206 2020 2 6 0 27.702 13.932
207 2020 2 6 0 27.703 14.28
208 2020 2 6 0 27.335 13.956
209 2020 2 6 0 27.47 13.797
210 2020 2 6 0 28.074 14.305
211 2020 2 6 0 28.042 14.293
212 2020 2 6 0 28.064 14.33
213 2020 2 6 0 27.974 14.105
214 2020 2 6 0 28.013 14.21
215 2020 2 6 0 28.013 14.245
216 2020 2 6 0 28.421 13.164
217 2020 2 6 0 28.736 12.301
218 2020 2 6 0 28.214 13.61
219 2020 2 6 0 28.446 13.594
220 2020 2 6 0 28.86 13.356
221 2020 2 6 0 28.724 13.501
222 2020 2 6 0 28.344 13.315
223 2020 2 6 0 28.713 12.647
224 2020 2 6 0 28.624 13.291
225 2020 2 6 0 28.907 13.202
226 2020 2 6 0 28.716 13.382
227 2020 2 6 0 28.755 13.754
228 2020 2 6 0 29.031 13.708
229 2020 2 6 0 29.315 13.598
230 2020 2 6 0 29.24 13.71
231 2020 2 6 0 28.77 13.725
232 2020 2 6 0 29.341 13.765
233 2020 2 6 0 27.931 14.566
234 2020 2 6 0 27.768 14.388
235 2020 2 6 0 27.739 14.391
236 2020 2 6 0 27.952 14.648
237 2020 2 6 0 27.917 14.502
238 2020 2 6 0 27.833 14.479
239 2020 2 6 0 28.342 12.236
240 2020 2 6 0 28.69 12.841
241 2020 2 6 0 28.598 12.202
242 2020 2 6 0 28.767 12.959
243 2020 2 6 0 28.8 12.724
244 2020 2 6 0 28.663 12.256
245 2020 2 6 0 28.538 11.962
246 2020 2 6 0 28.704 12.143
247 2020 2 6 0 28.56 12.028
248 2020 2 6 0 28.319 11.917
249 2020 2 6 0 28.439 11.853
250 2020 2 6 0 28.166 12.072
251 2020 2 6 0 28.716 11.799
252 2020 2 6 0 28.23 12.097
0 2020 2 6 0 27.7 13.014
