1 2020 5 2 0 40.849 26.253
2 2020 5 2 0 39.899 25.816
3 2020 5 2 0 40.942 26.327
4 2020 5 2 0 40.03 25.652
5 2020 5 2 0 39.198 25.628
6 2020 5 2 0 39.803 25.841
7 2020 5 2 0 40.601 26.108
8 2020 5 2 0 39.723 25.442
9 2020 5 2 0 40.087 25.779
10 2020 5 2 0 39.347 25.352
11 2020 5 2 0 40.948 26.518
12 2020 5 2 0 40.549 26.548
13 2020 5 2 0 40.608 26.458
14 2020 5 2 0 40.751 26.325
15 2020 5 2 0 41 26.374
16 2020 5 2 0 41.117 26.343
17 2020 5 2 0 41.137 26.287
18 2020 5 2 0 40.941 26.816
19 2020 5 2 0 39.783 25.018
20 2020 5 2 0 38.72 25.222
21 2020 5 2 0 39.685 24.863
22 2020 5 2 0 39.38 24.91
23 2020 5 2 0 38.511 24.33
24 2020 5 2 0 38.499 24.732
25 2020 5 2 0 38.853 24.694
26 2020 5 2 0 38.141 24.358
27 2020 5 2 0 38.486 24.564
28 2020 5 2 0 39.409 24.577
29 2020 5 2 0 38.857 25.572
30 2020 5 2 0 39.267 25.243
31 2020 5 2 0 39.626 24.477
32 2020 5 2 0 39.638 25.795
33 2020 5 2 0 39.217 26.881
34 2020 5 2 0 39.536 26.71
35 2020 5 2 0 38.9 26.979
36 2020 5 2 0 38.772 26.807
37 2020 5 2 0 40.012 26.47
38 2020 5 2 0 39.171 27.311
39 2020 5 2 0 38.891 27.68
40 2020 5 2 0 39.25 26.611
41 2020 5 2 0 38.739 27.403
42 2020 5 2 0 40.489 26.796
43 2020 5 2 0 40.604 27.747
44 2020 5 2 0 40.479 27.561
45 2020 5 2 0 40.943 27.086
46 2020 5 2 0 40.409 27.183
47 2020 5 2 0 40.686 27.654
48 2020 5 2 0 40.83 27.542
49 2020 5 2 0 40.711 26.869
51 2020 5 2 0 40.984 26.265
52 2020 5 2 0 41.224 26.464
53 2020 5 2 0 40.748 26.117
54 2020 5 2 0 41.015 26.125
55 2020 5 2 0 34.583 25.945
56 2020 5 2 0 35.472 25.87
57 2020 5 2 0 34.162 26.08
58 2020 5 2 0 35.727 25.806
59 2020 5 2 0 34.633 26.005
60 2020 5 2 0 34.161 26.037
61 2020 5 2 0 33.288 20.379
62 2020 5 2 0 35.215 25.589
63 2020 5 2 0 34.587 25.915
64 2020 5 2 0 33.684 20.256
65 2020 5 2 0 34.462 19.683
66 2020 5 2 0 32.942 20.678
67 2020 5 2 0 33.525 20.37
68 2020 5 2 0 34.471 19.63
69 2020 5 2 0 33.508 20.386
70 2020 5 2 0 34.34 19.494
71 2020 5 2 0 32.044 20.16
72 2020 5 2 0 35.265 25.922
73 2020 5 2 0 36.322 25.699
74 2020 5 2 0 35.204 25.93
75 2020 5 2 0 35.437 25.891
76 2020 5 2 0 35.065 25.96
77 2020 5 2 0 32.019 20.175
78 2020 5 2 0 31.944 20.159
79 2020 5 2 0 35.071 25.957
80 2020 5 2 0 37.043 25.439
81 2020 5 2 0 41.039 26.31
82 2020 5 2 0 40.989 27.284
83 2020 5 2 0 41.248 26.874
84 2020 5 2 0 41.172 26.811
85 2020 5 2 0 41.122 26.673
86 2020 5 2 0 41.124 26.326
87 2020 5 2 0 41.072 26.494
88 2020 5 2 0 41.067 26.496
89 2020 5 2 0 41.008 27.018
90 2020 5 2 0 41.079 26.381
91 2020 5 2 0 40.478 25.855
92 2020 5 2 0 40.05 25.553
93 2020 5 2 0 40.386 25.87
94 2020 5 2 0 40.318 25.87
95 2020 5 2 0 39.951 24.804
96 2020 5 2 0 39.75 24.678
97 2020 5 2 0 39.834 24.922
98 2020 5 2 0 40.276 25.202
99 2020 5 2 0 40.81 25.772
100 2020 5 2 0 40.336 25.453
102 2020 5 2 0 39.04 27.849
103 2020 5 2 0 39.823 27.688
104 2020 5 2 0 39.602 27.663
105 2020 5 2 0 38.981 27.872
106 2020 5 2 0 40.119 27.625
107 2020 5 2 0 35.787 20.717
109 2020 5 2 0 35.057 20.918
110 2020 5 2 0 35.421 20.599
111 2020 5 2 0 38.725 26.96
112 2020 5 2 0 34.752 20.876
113 2020 5 2 0 40.584 27.738
114 2020 5 2 0 40.787 27.648
115 2020 5 2 0 40.473 27.709
116 2020 5 2 0 40.406 27.716
117 2020 5 2 0 40.658 27.67
118 2020 5 2 0 40.802 27.689
119 2020 5 2 0 40.904 27.639
120 2020 5 2 0 39.052 24.624
121 2020 5 2 0 39.538 25.087
122 2020 5 2 0 38.873 24.775
123 2020 5 2 0 38.655 25.162
124 2020 5 2 0 38.938 25.135
125 2020 5 2 0 39.403 25.314
126 2020 5 2 0 38.258 25.308
127 2020 5 2 0 38.335 24.086
128 2020 5 2 0 39.182 24.357
129 2020 5 2 0 32.38 20.597
130 2020 5 2 0 32.47 20.759
131 2020 5 2 0 32.255 20.626
132 2020 5 2 0 37.824 25.243
133 2020 5 2 0 32.786 20.44
134 2020 5 2 0 36.399 25.362
135 2020 5 2 0 34.736 25.934
136 2020 5 2 0 38.434 24.906
137 2020 5 2 0 35.119 25.741
138 2020 5 2 0 37.15 25.208
139 2020 5 2 0 36.029 25.661
140 2020 5 2 0 36.09 25.739
141 2020 5 2 0 32.249 20.493
142 2020 5 2 0 39.446 24.816
143 2020 5 2 0 41.116 25.82
144 2020 5 2 0 40.421 25.327
145 2020 5 2 0 39.7 24.889
146 2020 5 2 0 39.517 24.796
147 2020 5 2 0 41.347 26.137
148 2020 5 2 0 41.45 26.277
149 2020 5 2 0 39.961 25.015
150 2020 5 2 0 39.865 24.991
151 2020 5 2 0 38.678 26.82
152 2020 5 2 0 38.277 27.282
153 2020 5 2 0 38.659 26.772
154 2020 5 2 0 38.692 27.043
155 2020 5 2 0 38.187 27.263
156 2020 5 2 0 38.293 27.466
157 2020 5 2 0 38.607 27.272
158 2020 5 2 0 38.667 26.75
159 2020 5 2 0 38.673 27.042
160 2020 5 2 0 38.334 27.858
161 2020 5 2 0 39.127 25.18
162 2020 5 2 0 39.003 25.326
164 2020 5 2 0 38.826 25.201
165 2020 5 2 0 38.932 25.202
166 2020 5 2 0 39.036 25.541
167 2020 5 2 0 38.687 25.182
168 2020 5 2 0 39.047 25.035
169 2020 5 2 0 38.75 25.182
170 2020 5 2 0 38.931 25.223
171 2020 5 2 0 34.54 21.016
172 2020 5 2 0.1108 37.199 27.719
173 2020 5 2 0 34.508 21.319
174 2020 5 2 0 40.348 26.975
175 2020 5 2 0 40.162 27.436
176 2020 5 2 0 40.826 27.356
177 2020 5 2 0 39.698 27.004
178 2020 5 2 0 40.071 26.677
179 2020 5 2 0 40.708 27.132
180 2020 5 2 0 39.87 27.378
181 2020 5 2 0 40.401 27.467
182 2020 5 2 0 34.867 20.58
183 2020 5 2 0 34.438 21.155
184 2020 5 2 0 34.139 21.277
185 2020 5 2 0 34.496 20.579
186 2020 5 2 0 34.499 20.366
187 2020 5 2 0 34.458 20.561
188 2020 5 2 0.1258 39.326 27.87
189 2020 5 2 0 37.732 27.801
190 2020 5 2 0.46325 38.14 27.805
191 2020 5 2 0 37.889 27.436
192 2020 5 2 0 37.659 27.605
195 2020 5 2 0 31.7 20.395
196 2020 5 2 0 31.762 20.362
197 2020 5 2 0 31.63 20.275
198 2020 5 2 0 31.825 20.295
199 2020 5 2 0 37.8 25.381
200 2020 5 2 0.27927 36.824 25.57
201 2020 5 2 0.16382 36.974 25.566
202 2020 5 2 0 37.034 25.569
203 2020 5 2 0 38.366 25.283
204 2020 5 2 0 41.284 26.771
205 2020 5 2 0 40.615 25.613
206 2020 5 2 0 41.381 26.47
207 2020 5 2 0 41.254 26.684
208 2020 5 2 0 41.125 26.279
209 2020 5 2 0 41.289 26.231
210 2020 5 2 0 40.384 27.669
211 2020 5 2 0 40.333 27.685
212 2020 5 2 0 40.392 27.708
213 2020 5 2 0 40.213 27.58
214 2020 5 2 0 40.134 27.628
215 2020 5 2 0 40.254 27.654
216 2020 5 2 0 36.681 25.14
217 2020 5 2 0 38.407 24.887
218 2020 5 2 0 35.812 25.23
219 2020 5 2 0 35.915 25.308
220 2020 5 2 0 35.67 19.096
221 2020 5 2 0 36.253 25.366
222 2020 5 2 0 36.258 25.213
223 2020 5 2 0 38.065 25.012
224 2020 5 2 0 36.979 25.188
225 2020 5 2 0 37.138 25.335
226 2020 5 2 0 36.774 25.289
227 2020 5 2 0 35.697 25.432
228 2020 5 2 0 35.093 19.19
229 2020 5 2 0 35.142 19.161
230 2020 5 2 0 35.003 19.256
231 2020 5 2 0 35.167 19.193
232 2020 5 2 0 34.925 19.331
233 2020 5 2 0 41.106 27.29
234 2020 5 2 0 41.139 26.883
235 2020 5 2 0 41.182 26.822
236 2020 5 2 0 41.05 27.353
237 2020 5 2 0 41.003 27.239
238 2020 5 2 0 41.164 27.036
239 2020 5 2 0 39.447 25.422
240 2020 5 2 0 37.861 25.098
241 2020 5 2 0 39.361 25.377
242 2020 5 2 0 37.57 25.185
243 2020 5 2 0 37.703 25.192
244 2020 5 2 0 38.728 24.977
245 2020 5 2 0 39.273 24.972
246 2020 5 2 0 38.836 25.128
247 2020 5 2 0 39.185 24.98
248 2020 5 2 0 39.456 25.109
249 2020 5 2 0 39.552 24.97
250 2020 5 2 0 39.303 25.303
251 2020 5 2 0 39.512 24.837
252 2020 5 2 0 39.27 25.21
0 2020 5 2 0 36.994 25.583
