1 2020 5 16 0 41.074 27.939
2 2020 5 16 0 40.255 27.257
3 2020 5 16 0 41.19 28.113
4 2020 5 16 0 40.57 26.901
5 2020 5 16 0 39.644 27.123
6 2020 5 16 0 40.135 27.5
7 2020 5 16 0 40.783 27.716
8 2020 5 16 0 40.415 26.523
9 2020 5 16 0 40.426 27.198
10 2020 5 16 0 39.923 26.573
11 2020 5 16 0 41.266 28.632
12 2020 5 16 0 41.03 28.577
13 2020 5 16 0 41.007 28.409
14 2020 5 16 0 40.987 28.054
15 2020 5 16 0 41.208 28.342
16 2020 5 16 0 41.259 28.261
17 2020 5 16 0 41.216 28.061
18 2020 5 16 0 41.379 28.919
19 2020 5 16 0 40.7 26.644
20 2020 5 16 0 39.698 26.146
21 2020 5 16 0 40.528 26.477
22 2020 5 16 0 40.326 26.583
23 2020 5 16 0 39.47 25.961
24 2020 5 16 0 39.515 26.011
25 2020 5 16 0 39.748 26.494
26 2020 5 16 0 39.211 25.511
27 2020 5 16 0 39.44 26.15
28 2020 5 16 0 40.236 26.189
29 2020 5 16 0 39.728 26.394
30 2020 5 16 0 40.192 26.873
31 2020 5 16 0 40.308 26.102
32 2020 5 16 0 40.576 27.109
33 2020 5 16 0 40.415 28.557
34 2020 5 16 0 40.475 28.436
35 2020 5 16 0 40.282 28.583
36 2020 5 16 0 40.05 28.362
37 2020 5 16 0 40.593 28.101
38 2020 5 16 0 40.696 28.872
39 2020 5 16 0 40.625 29.069
40 2020 5 16 0 40.191 28.172
41 2020 5 16 0 40.346 28.861
42 2020 5 16 0 41.237 29.07
43 2020 5 16 0 41.373 29.583
44 2020 5 16 0 41.249 29.457
45 2020 5 16 0 41.638 29.088
46 2020 5 16 0 41.169 29.232
47 2020 5 16 0 41.492 29.524
48 2020 5 16 0 41.615 29.407
49 2020 5 16 0 41.459 29.13
51 2020 5 16 0 41.233 28.1
52 2020 5 16 0 41.593 28.628
53 2020 5 16 0 40.952 27.716
54 2020 5 16 0 41.218 27.956
55 2020 5 16 0 35.245 26.244
56 2020 5 16 0 36.245 26.311
57 2020 5 16 0 34.659 26.257
58 2020 5 16 0 36.444 26.228
59 2020 5 16 0 35.277 26.358
60 2020 5 16 0 34.678 26.21
61 2020 5 16 0 33.288 20.379
62 2020 5 16 0 35.281 26.294
63 2020 5 16 0 34.723 26.411
64 2020 5 16 0 33.684 20.256
65 2020 5 16 0 34.462 19.683
66 2020 5 16 0 32.942 20.678
67 2020 5 16 0 33.525 20.37
68 2020 5 16 0 34.471 19.63
69 2020 5 16 0 33.508 20.386
70 2020 5 16 0 34.34 19.494
71 2020 5 16 0 32.044 20.16
72 2020 5 16 0 35.787 26.214
73 2020 5 16 0 36.971 26.11
74 2020 5 16 0 35.712 26.21
75 2020 5 16 0 35.981 26.204
76 2020 5 16 0 35.553 26.225
77 2020 5 16 0 32.019 20.175
78 2020 5 16 0 31.944 20.159
79 2020 5 16 0 35.56 26.223
80 2020 5 16 0 37.664 25.898
81 2020 5 16 0 41.207 28.105
82 2020 5 16 0 41.574 29.263
83 2020 5 16 0 41.769 29.103
84 2020 5 16 0 41.668 29.022
85 2020 5 16 0 41.551 28.887
86 2020 5 16 0 41.256 28.173
87 2020 5 16 0 41.397 28.512
88 2020 5 16 0 41.379 28.603
89 2020 5 16 0 41.526 29.107
90 2020 5 16 0 41.28 28.325
91 2020 5 16 0 40.823 27.324
92 2020 5 16 0 40.71 26.749
93 2020 5 16 0 40.813 27.215
94 2020 5 16 0 40.664 27.28
95 2020 5 16 0 40.495 26.463
96 2020 5 16 0 40.422 26.311
97 2020 5 16 0 40.378 26.466
98 2020 5 16 0 40.742 26.938
99 2020 5 16 0 41.106 27.626
100 2020 5 16 0 40.704 27.058
102 2020 5 16 0 40.839 29.286
103 2020 5 16 0 41.664 29.278
104 2020 5 16 0 41.414 29.181
105 2020 5 16 0 40.694 29.453
106 2020 5 16 0 41.965 29.241
107 2020 5 16 0 35.787 20.717
109 2020 5 16 0 35.057 20.918
110 2020 5 16 0 35.421 20.599
111 2020 5 16 0 40.175 28.539
112 2020 5 16 0 34.752 20.876
113 2020 5 16 0 41.329 29.576
114 2020 5 16 0 41.482 29.474
115 2020 5 16 0 41.341 29.539
116 2020 5 16 0 41.457 29.505
117 2020 5 16 0 41.363 29.513
118 2020 5 16 0 41.567 29.502
119 2020 5 16 0 41.593 29.438
120 2020 5 16 0 39.894 25.977
121 2020 5 16 0 40.294 26.358
122 2020 5 16 0 39.816 25.86
123 2020 5 16 0 39.462 25.808
124 2020 5 16 0 39.656 25.807
125 2020 5 16 0 40.061 26.053
126 2020 5 16 0 38.942 25.816
127 2020 5 16 0 39.354 25.467
128 2020 5 16 0 39.933 25.876
129 2020 5 16 0 32.38 20.597
130 2020 5 16 0 32.47 20.759
131 2020 5 16 0 32.255 20.626
132 2020 5 16 0 38.103 25.887
133 2020 5 16 0 32.786 20.44
134 2020 5 16 0 36.517 25.989
135 2020 5 16 0 35.195 26.377
136 2020 5 16 0 38.412 25.704
137 2020 5 16 0 35.34 26.291
138 2020 5 16 0 37.207 25.818
139 2020 5 16 0 36.517 26.172
140 2020 5 16 0 36.768 26.247
141 2020 5 16 0 32.249 20.493
142 2020 5 16 0 39.644 25.809
143 2020 5 16 0 41.458 27.958
144 2020 5 16 0 40.946 27.196
145 2020 5 16 0 40.488 26.508
146 2020 5 16 0 40.498 26.455
147 2020 5 16 0 41.579 28.309
148 2020 5 16 0 41.761 28.591
149 2020 5 16 0 40.62 26.708
150 2020 5 16 0 40.574 26.653
151 2020 5 16 0 39.998 28.362
152 2020 5 16 0 39.826 28.756
153 2020 5 16 0 39.936 28.302
154 2020 5 16 0 40.183 28.613
155 2020 5 16 0 39.721 28.742
156 2020 5 16 0 39.911 28.868
157 2020 5 16 0 40.178 28.756
158 2020 5 16 0 39.92 28.277
159 2020 5 16 0 40.168 28.616
160 2020 5 16 0 40.083 29.155
161 2020 5 16 0 39.644 26.05
162 2020 5 16 0 39.555 26.59
164 2020 5 16 0 39.308 25.972
165 2020 5 16 0 39.517 26.29
166 2020 5 16 0 39.584 26.811
167 2020 5 16 0 39.226 26.089
168 2020 5 16 0 39.566 26.115
169 2020 5 16 0 39.255 26.032
170 2020 5 16 0 39.5 26.293
171 2020 5 16 0.16172 34.54 21.016
172 2020 5 16 0 38.798 29.023
173 2020 5 16 0.14784 34.508 21.319
174 2020 5 16 0 41.164 28.878
175 2020 5 16 0 41.595 29.157
176 2020 5 16 0 41.428 29.293
177 2020 5 16 0 40.903 28.759
178 2020 5 16 0 40.812 28.564
179 2020 5 16 0 41.256 29.107
180 2020 5 16 0 41.468 29.033
181 2020 5 16 0 41.414 29.288
182 2020 5 16 0 34.867 20.58
183 2020 5 16 0.30287 34.438 21.155
184 2020 5 16 0.62493 34.139 21.277
185 2020 5 16 0 34.496 20.579
186 2020 5 16 0 34.499 20.366
187 2020 5 16 0 34.458 20.561
188 2020 5 16 0 41.015 29.584
189 2020 5 16 0 39.398 29.112
190 2020 5 16 0 39.792 29.268
191 2020 5 16 0 39.457 28.839
192 2020 5 16 0 39.266 28.935
195 2020 5 16 0 31.7 20.395
196 2020 5 16 0 31.762 20.362
197 2020 5 16 0 31.63 20.275
198 2020 5 16 0 31.825 20.295
199 2020 5 16 0 38.32 26.068
200 2020 5 16 0 37.438 26.133
201 2020 5 16 0 37.581 26.157
202 2020 5 16 0 37.669 26.145
203 2020 5 16 0 38.847 25.996
204 2020 5 16 0 41.761 28.928
205 2020 5 16 0 41.162 27.508
206 2020 5 16 0 41.779 28.677
207 2020 5 16 0 41.757 28.688
208 2020 5 16 0 41.64 28.268
209 2020 5 16 0 41.708 28.343
210 2020 5 16 0 41.349 29.468
211 2020 5 16 0 41.627 29.424
212 2020 5 16 0 41.492 29.487
213 2020 5 16 0 41.826 29.252
214 2020 5 16 0 41.949 29.264
215 2020 5 16 0 41.803 29.34
216 2020 5 16 0 36.632 26.143
217 2020 5 16 0 38.367 25.805
218 2020 5 16 0 35.817 26.197
219 2020 5 16 0 36.09 26.343
220 2020 5 16 0 35.67 19.096
221 2020 5 16 0 36.585 26.38
222 2020 5 16 0 36.239 26.082
223 2020 5 16 0 38.017 26.093
224 2020 5 16 0 36.86 26.248
225 2020 5 16 0 37.502 26.392
226 2020 5 16 0 36.885 26.317
227 2020 5 16 0 36.16 26.458
228 2020 5 16 0 35.093 19.19
229 2020 5 16 0 35.142 19.161
230 2020 5 16 0 35.003 19.256
231 2020 5 16 0 35.167 19.193
232 2020 5 16 0 34.925 19.331
233 2020 5 16 0 41.694 29.246
234 2020 5 16 0 41.727 28.82
235 2020 5 16 0 41.739 28.764
236 2020 5 16 0 41.675 29.19
237 2020 5 16 0 41.678 29.12
238 2020 5 16 0 41.719 28.966
239 2020 5 16 0 39.797 27.285
240 2020 5 16 0 37.815 26.403
241 2020 5 16 0 39.778 27.173
242 2020 5 16 0 37.671 26.456
243 2020 5 16 0 37.973 26.643
244 2020 5 16 0 38.817 26.609
245 2020 5 16 0 39.43 26.746
246 2020 5 16 0 39.156 26.93
247 2020 5 16 0 39.311 26.515
248 2020 5 16 0 39.693 26.889
249 2020 5 16 0 39.874 26.286
250 2020 5 16 0 39.655 26.969
251 2020 5 16 0 39.628 26.06
252 2020 5 16 0 39.691 26.585
0 2020 5 16 0 37.6 26.068
