1 2020 5 20 0 42.813 27.393
2 2020 5 20 0 41.814 26.49
3 2020 5 20 0 42.845 27.466
4 2020 5 20 0 42.488 26.433
5 2020 5 20 0 40.701 26.081
6 2020 5 20 0 40.876 26.28
7 2020 5 20 0 42.186 26.876
8 2020 5 20 0 42.398 26.05
9 2020 5 20 0 42.237 26.622
10 2020 5 20 0 41.836 25.956
11 2020 5 20 0 42.675 27.555
12 2020 5 20 0 42.1 27.328
13 2020 5 20 0 42.054 27.18
14 2020 5 20 0 41.974 26.911
15 2020 5 20 0 42.541 27.293
16 2020 5 20 0 42.639 27.277
17 2020 5 20 0 42.504 27.094
18 2020 5 20 0 42.768 27.828
19 2020 5 20 0 42.51 25.719
20 2020 5 20 0 42.186 25.645
21 2020 5 20 0 42.298 25.56
22 2020 5 20 0 42.216 25.727
23 2020 5 20 0 41.541 25.405
24 2020 5 20 0 41.801 25.542
25 2020 5 20 0 41.716 25.761
26 2020 5 20 0 41.525 25.113
27 2020 5 20 0 41.594 25.651
28 2020 5 20 0 42.229 25.535
29 2020 5 20 0 42.209 25.83
30 2020 5 20 0 42.286 26.3
31 2020 5 20 0 42.328 25.522
32 2020 5 20 0 42.801 26.506
33 2020 5 20 0 39.706 27.013
34 2020 5 20 0 40.445 26.796
35 2020 5 20 0 38.908 27.123
36 2020 5 20 0 38.611 26.934
37 2020 5 20 0 40.947 26.621
38 2020 5 20 0 39.615 27.464
39 2020 5 20 0 39.145 27.712
40 2020 5 20 0 39.589 26.669
41 2020 5 20 0 38.729 27.443
42 2020 5 20 0 42.192 28.139
43 2020 5 20 0 42.667 28.409
44 2020 5 20 0 42.411 28.28
45 2020 5 20 0 43.372 28.224
46 2020 5 20 0 42.195 28.139
47 2020 5 20 0 42.941 28.497
48 2020 5 20 0 43.281 28.475
49 2020 5 20 0 42.684 28.285
51 2020 5 20 0 43.014 27.502
52 2020 5 20 0 43.283 27.833
53 2020 5 20 0 42.775 27.232
54 2020 5 20 0 43.131 27.415
55 2020 5 20 0 37.06 25.776
56 2020 5 20 0 37.806 25.865
57 2020 5 20 0 35.989 25.719
58 2020 5 20 0 38.282 25.757
59 2020 5 20 0 36.417 25.878
60 2020 5 20 0 36.32 25.686
61 2020 5 20 0 33.288 20.379
62 2020 5 20 0 36.014 25.963
63 2020 5 20 0 35.223 26.192
64 2020 5 20 0 33.684 20.256
65 2020 5 20 0 34.462 19.683
66 2020 5 20 0 32.942 20.678
67 2020 5 20 0 33.525 20.37
68 2020 5 20 0 34.471 19.63
69 2020 5 20 0 33.508 20.386
70 2020 5 20 0 34.34 19.494
71 2020 5 20 0 32.044 20.16
72 2020 5 20 0 37.92 25.792
73 2020 5 20 0 39.133 25.596
74 2020 5 20 0 37.86 25.794
75 2020 5 20 0 38.112 25.768
76 2020 5 20 0 37.679 25.826
77 2020 5 20 0 32.019 20.175
78 2020 5 20 0 31.944 20.159
79 2020 5 20 0 37.699 25.819
80 2020 5 20 0 39.851 25.345
81 2020 5 20 0 42.725 27.322
82 2020 5 20 0 43.049 28.205
83 2020 5 20 0 43.313 28.138
84 2020 5 20 0 43.119 28.048
85 2020 5 20 0 42.974 27.875
86 2020 5 20 0 42.668 27.268
87 2020 5 20 0 42.899 27.653
88 2020 5 20 0 42.815 27.609
89 2020 5 20 0 42.946 28.042
90 2020 5 20 0 42.715 27.39
91 2020 5 20 0 42.688 26.89
92 2020 5 20 0 42.658 26.356
93 2020 5 20 0 42.688 26.781
94 2020 5 20 0 42.525 26.801
95 2020 5 20 0 42.479 25.873
96 2020 5 20 0 42.331 25.54
97 2020 5 20 0 42.383 26.03
98 2020 5 20 0 42.695 26.291
99 2020 5 20 0 43.074 27.03
100 2020 5 20 0 42.627 26.585
102 2020 5 20 0 39.48 28.051
103 2020 5 20 0 40.761 28.203
104 2020 5 20 0 40.382 28.005
105 2020 5 20 0 39.467 28.303
106 2020 5 20 0 41.242 28.196
107 2020 5 20 0 35.787 20.717
109 2020 5 20 0 35.057 20.918
110 2020 5 20 0 35.421 20.599
111 2020 5 20 0 38.435 27.112
112 2020 5 20 0 34.752 20.876
113 2020 5 20 0 42.557 28.359
114 2020 5 20 0 42.914 28.364
115 2020 5 20 0 42.248 28.293
116 2020 5 20 0 42.07 28.29
117 2020 5 20 0 42.639 28.319
118 2020 5 20 0 43.141 28.486
119 2020 5 20 0 43.187 28.413
120 2020 5 20 0 41.97 25.598
121 2020 5 20 0 42.307 25.974
122 2020 5 20 0 41.987 25.473
123 2020 5 20 0 42.042 25.258
124 2020 5 20 0 42.133 25.253
125 2020 5 20 0 42.367 25.525
126 2020 5 20 0 41.433 25.234
127 2020 5 20 0 41.517 25.097
128 2020 5 20 0 42.032 25.461
129 2020 5 20 0 32.38 20.597
130 2020 5 20 0 32.47 20.759
131 2020 5 20 0 32.255 20.626
132 2020 5 20 0 39.276 25.419
133 2020 5 20 0 32.786 20.44
134 2020 5 20 0 37.238 25.585
135 2020 5 20 0 35.856 25.972
136 2020 5 20 0 39.315 25.215
137 2020 5 20 0 35.983 25.951
138 2020 5 20 0 37.938 25.427
139 2020 5 20 0 37.523 25.723
140 2020 5 20 0 38.137 25.787
141 2020 5 20 0 32.249 20.493
142 2020 5 20 0 40.91 25.124
143 2020 5 20 0 43.55 27.206
144 2020 5 20 0 42.88 26.327
145 2020 5 20 0 42.206 25.48
146 2020 5 20 0 42.109 25.497
147 2020 5 20 0 43.608 27.643
148 2020 5 20 0 43.741 27.819
149 2020 5 20 0 42.443 25.738
150 2020 5 20 0 42.345 25.627
151 2020 5 20 0 38.403 26.941
152 2020 5 20 0 37.918 27.32
153 2020 5 20 0 38.383 26.881
154 2020 5 20 0 38.412 27.191
155 2020 5 20 0 37.783 27.302
156 2020 5 20 0 38.02 27.434
157 2020 5 20 0 38.387 27.334
158 2020 5 20 0 38.412 26.861
159 2020 5 20 0 38.373 27.189
160 2020 5 20 0 38.281 27.759
161 2020 5 20 0 41.514 25.472
162 2020 5 20 0 41.125 25.771
164 2020 5 20 0 41.056 25.371
165 2020 5 20 0 41.322 25.607
166 2020 5 20 0 41.107 25.987
167 2020 5 20 0 41.023 25.463
168 2020 5 20 0 41.348 25.44
169 2020 5 20 0 40.999 25.421
170 2020 5 20 0 41.268 25.605
171 2020 5 20 0 34.54 21.016
172 2020 5 20 0 36.629 27.597
173 2020 5 20 0 34.508 21.319
174 2020 5 20 0 41.836 27.599
175 2020 5 20 0 41.458 27.968
176 2020 5 20 0 42.796 28.165
177 2020 5 20 0 40.758 27.271
178 2020 5 20 0 41.375 27.11
179 2020 5 20 0 42.499 27.927
180 2020 5 20 0 40.916 27.784
181 2020 5 20 0 41.986 28.078
182 2020 5 20 0 34.867 20.58
183 2020 5 20 0 34.438 21.155
184 2020 5 20 0 34.139 21.277
185 2020 5 20 0 34.496 20.579
186 2020 5 20 0 34.499 20.366
187 2020 5 20 0 34.458 20.561
188 2020 5 20 0 40.109 28.614
189 2020 5 20 0 37.428 27.709
190 2020 5 20 0 38.134 27.996
191 2020 5 20 0 37.442 27.393
192 2020 5 20 0 37.192 27.483
195 2020 5 20 0 31.7 20.395
196 2020 5 20 0 31.762 20.362
197 2020 5 20 0 31.63 20.275
198 2020 5 20 0 31.825 20.295
199 2020 5 20 0.1026 40.082 25.446
200 2020 5 20 0.28016 39.383 25.543
201 2020 5 20 0.15725 39.388 25.583
202 2020 5 20 0 39.3 25.632
203 2020 5 20 0 40.478 25.422
204 2020 5 20 0 43.544 28.042
205 2020 5 20 0 43.15 26.632
206 2020 5 20 0 43.767 27.88
207 2020 5 20 0 43.804 27.895
208 2020 5 20 0 43.785 27.516
209 2020 5 20 0 43.862 27.601
210 2020 5 20 0 42.071 28.228
211 2020 5 20 0 41.842 28.263
212 2020 5 20 0 42.028 28.284
213 2020 5 20 0 41.437 28.156
214 2020 5 20 0 41.281 28.222
215 2020 5 20 0 41.597 28.236
216 2020 5 20 0 37.641 25.633
217 2020 5 20 0 39.295 25.239
218 2020 5 20 0 36.853 25.725
219 2020 5 20 0 36.595 25.906
220 2020 5 20 0 35.67 19.096
221 2020 5 20 0 36.529 25.977
222 2020 5 20 0 37.145 25.643
223 2020 5 20 0 38.986 25.47
224 2020 5 20 0 37.845 25.726
225 2020 5 20 0 37.075 25.89
226 2020 5 20 0 37.247 25.847
227 2020 5 20 0 35.881 26.123
228 2020 5 20 0 35.093 19.19
229 2020 5 20 0 35.142 19.161
230 2020 5 20 0 35.003 19.256
231 2020 5 20 0 35.167 19.193
232 2020 5 20 0 34.925 19.331
233 2020 5 20 0 43.318 28.261
234 2020 5 20 0 43.728 28.006
235 2020 5 20 0 43.764 27.956
236 2020 5 20 0 43.457 28.255
237 2020 5 20 0 43.523 28.237
238 2020 5 20 0 43.597 28.086
239 2020 5 20 0 39.719 25.906
240 2020 5 20 0 38.312 25.709
241 2020 5 20 0 39.063 25.922
242 2020 5 20 0 37.728 25.809
243 2020 5 20 0 37.438 25.884
244 2020 5 20 0 38.638 25.69
245 2020 5 20 0 39.295 25.644
246 2020 5 20 0 38.286 25.856
247 2020 5 20 0 39.778 25.503
248 2020 5 20 0 40.117 25.625
249 2020 5 20 0 41.067 25.365
250 2020 5 20 0 40.419 25.779
251 2020 5 20 0 40.596 25.204
252 2020 5 20 0 40.928 25.642
0 2020 5 20 0 39.694 25.536
