1 2020 2 24 0 32.523 16.922
2 2020 2 24 0 32.663 16.972
3 2020 2 24 0 32.387 16.997
4 2020 2 24 0 33.031 16.778
5 2020 2 24 0 32.783 16.633
6 2020 2 24 0 32.962 16.872
7 2020 2 24 0 32.633 17.21
8 2020 2 24 0 33.199 16.716
9 2020 2 24 0 32.749 16.884
10 2020 2 24 0 32.86 16.767
11 2020 2 24 0 31.814 17.657
12 2020 2 24 0 31.974 17.63
13 2020 2 24 0 32.183 17.6
14 2020 2 24 0 32.656 17.497
15 2020 2 24 0 32.158 17.638
16 2020 2 24 0 32.259 17.589
17 2020 2 24 0 32.547 17.516
18 2020 2 24 0 31.695 17.508
19 2020 2 24 0 29.345 12.803
20 2020 2 24 0 32.574 15.509
21 2020 2 24 0 29.251 12.869
22 2020 2 24 0 29.673 13.057
23 2020 2 24 0 30.606 13.594
24 2020 2 24 0 31.874 14.796
25 2020 2 24 0 30.248 13.468
26 2020 2 24 0 31.792 14.568
27 2020 2 24 0 31.358 14.344
28 2020 2 24 0 30.262 13.35
29 2020 2 24 0 32.959 15.956
30 2020 2 24 0 31.842 15.144
31 2020 2 24 0 30.496 13.534
32 2020 2 24 0 32.726 16.074
33 2020 2 24 0 32.766 17.458
34 2020 2 24 0 32.627 17.331
35 2020 2 24 0 33.047 17.6
36 2020 2 24 0 32.954 17.449
37 2020 2 24 0 32.869 17.415
38 2020 2 24 0 32.663 17.654
39 2020 2 24 0 32.711 17.842
40 2020 2 24 0 32.869 17.342
41 2020 2 24 0 32.999 17.792
42 2020 2 24 0 31.517 17.14
43 2020 2 24 0 31.665 17.402
44 2020 2 24 0 31.59 17.321
45 2020 2 24 0 31.629 17.057
46 2020 2 24 0 31.521 17.211
47 2020 2 24 0 31.817 17.393
48 2020 2 24 0 31.848 17.309
49 2020 2 24 0 31.613 17.167
51 2020 2 24 0 32.386 16.858
52 2020 2 24 0 31.939 16.847
53 2020 2 24 0 32.671 16.872
54 2020 2 24 0 32.471 16.741
55 2020 2 24 0 30.832 17.885
56 2020 2 24 0 31.196 17.634
57 2020 2 24 0 31.087 18.303
58 2020 2 24 0 31.414 17.531
59 2020 2 24 0 31.154 17.855
60 2020 2 24 0 30.853 18.095
61 2020 2 24 0 32.217 18.284
62 2020 2 24 0 32.582 17.805
63 2020 2 24 0 32.405 18.153
64 2020 2 24 0 32.262 18.332
65 2020 2 24 0 32.6 17.809
66 2020 2 24 0 31.813 18.739
67 2020 2 24 0 32.178 18.444
68 2020 2 24 0 32.574 17.8
69 2020 2 24 0 32.252 18.414
70 2020 2 24 0 32.568 17.771
71 2020 2 24 0 31.107 17.947
72 2020 2 24 0 31.243 17.843
73 2020 2 24 0 31.965 17.256
74 2020 2 24 0 31.226 17.851
75 2020 2 24 0 31.37 17.748
76 2020 2 24 0 31.125 17.93
77 2020 2 24 0 31.091 17.961
78 2020 2 24 0 31.064 17.958
79 2020 2 24 0 31.131 17.924
80 2020 2 24 0 32.609 16.468
81 2020 2 24 0 32.423 17.259
82 2020 2 24 0 31.629 17.384
83 2020 2 24 0 31.594 17.041
84 2020 2 24 0 31.64 17.118
85 2020 2 24 0 31.68 17.286
86 2020 2 24 0 32.377 17.452
87 2020 2 24 0 32.028 17.176
88 2020 2 24 0 31.888 17.443
89 2020 2 24 0 31.635 17.371
90 2020 2 24 0 32.187 17.459
91 2020 2 24 0 32.669 16.548
92 2020 2 24 0 33.044 16.501
93 2020 2 24 0 32.974 16.813
94 2020 2 24 0 32.836 16.842
95 2020 2 24 0 30.827 14.205
96 2020 2 24 0 29.91 13.47
97 2020 2 24 0 31.653 14.896
98 2020 2 24 0 31.044 14.809
99 2020 2 24 0 31.906 15.998
100 2020 2 24 0 31.969 15.646
102 2020 2 24 0 32.5 17.921
103 2020 2 24 0 32.06 17.736
104 2020 2 24 0 32.219 17.732
105 2020 2 24 0 32.437 18.055
106 2020 2 24 0 31.9 17.64
107 2020 2 24 0 33.107 17.888
109 2020 2 24 0 32.736 18.489
110 2020 2 24 0 32.847 18.057
111 2020 2 24 0 32.793 18.286
112 2020 2 24 0 32.549 18.658
113 2020 2 24 0 31.595 17.4
114 2020 2 24 0 31.658 17.447
115 2020 2 24 0 31.584 17.416
116 2020 2 24 0 31.627 17.445
117 2020 2 24 0 31.593 17.424
118 2020 2 24 0 31.811 17.425
119 2020 2 24 0 31.728 17.472
120 2020 2 24 0 31.871 14.903
121 2020 2 24 0 32.466 15.709
122 2020 2 24 0 32.459 15.448
123 2020 2 24 0 32.902 15.858
124 2020 2 24 0 33.035 16.107
125 2020 2 24 0 33.298 16.513
126 2020 2 24 0 33.119 15.973
127 2020 2 24 0 31.311 14.074
128 2020 2 24 0 31.225 14.108
129 2020 2 24 0 31.496 18.575
130 2020 2 24 0 31.465 18.834
131 2020 2 24 0 31.387 18.626
132 2020 2 24 0 33.097 16.72
133 2020 2 24 0 31.859 18.265
134 2020 2 24 0 32.882 17.077
135 2020 2 24 0 31.45 17.966
136 2020 2 24 0 33.864 16.371
137 2020 2 24 0 32.307 17.724
138 2020 2 24 0 33.252 16.753
139 2020 2 24 0 32.062 17.318
140 2020 2 24 0 31.661 17.422
141 2020 2 24 0 31.453 18.34
142 2020 2 24 0 33.874 16.202
143 2020 2 24 0 31.414 15.814
144 2020 2 24 0 30.285 14.546
145 2020 2 24 0 28.89 13.021
146 2020 2 24 0 28.744 12.32
147 2020 2 24 0 32.192 16.631
148 2020 2 24 0 31.92 16.641
149 2020 2 24 0 29.446 13.667
150 2020 2 24 0 28.911 13.458
151 2020 2 24 0 32.984 17.455
152 2020 2 24 0 33.06 18.099
153 2020 2 24 0 32.914 17.396
154 2020 2 24 0 33.22 17.729
155 2020 2 24 0 32.94 18.332
156 2020 2 24 0 33.016 18.086
157 2020 2 24 0 33.148 17.82
158 2020 2 24 0 32.872 17.369
159 2020 2 24 0 33.236 17.749
160 2020 2 24 0 32.841 18.123
161 2020 2 24 0 33.27 16.595
162 2020 2 24 0 32.822 16.654
164 2020 2 24 0 33.128 16.653
165 2020 2 24 0 32.898 16.696
166 2020 2 24 0 32.669 16.767
167 2020 2 24 0 32.903 16.748
168 2020 2 24 0 33.106 16.584
169 2020 2 24 0 33.005 16.693
170 2020 2 24 0 32.91 16.686
171 2020 2 24 0 32.699 18.605
172 2020 2 24 0 32.609 18.904
173 2020 2 24 0 32.576 19.015
174 2020 2 24 0 31.931 17.537
175 2020 2 24 0 31.899 17.539
176 2020 2 24 0 31.629 17.443
177 2020 2 24 0 32.298 17.426
178 2020 2 24 0 32.232 17.456
179 2020 2 24 0 31.681 17.544
180 2020 2 24 0 32.107 17.557
181 2020 2 24 0 31.728 17.499
182 2020 2 24 0 32.526 18.411
183 2020 2 24 0 32.424 18.992
184 2020 2 24 0 32.23 18.986
185 2020 2 24 0 32.295 18.638
186 2020 2 24 0 32.082 18.557
187 2020 2 24 0 32.2 18.629
188 2020 2 24 0 32.249 18.116
189 2020 2 24 0 32.63 18.689
190 2020 2 24 0 32.478 18.542
191 2020 2 24 0 32.884 18.459
192 2020 2 24 0 32.689 18.827
195 2020 2 24 0 31.078 18.33
196 2020 2 24 0 31.106 18.242
197 2020 2 24 0 30.992 18.153
198 2020 2 24 0 31.072 18.136
199 2020 2 24 0 32.462 17.02
200 2020 2 24 0 32.024 17.203
201 2020 2 24 0 32.027 17.267
202 2020 2 24 0 32.082 17.178
203 2020 2 24 0 32.884 16.777
204 2020 2 24 0 31.664 16.933
205 2020 2 24 0 30.215 14.932
206 2020 2 24 0 31.724 16.707
207 2020 2 24 0 31.492 16.767
208 2020 2 24 0 31.064 16.204
209 2020 2 24 0 31.426 16.325
210 2020 2 24 0 31.591 17.384
211 2020 2 24 0 31.703 17.499
212 2020 2 24 0 31.643 17.454
213 2020 2 24 0 31.819 17.513
214 2020 2 24 0 31.89 17.637
215 2020 2 24 0 31.782 17.56
216 2020 2 24 0 33.177 17.303
217 2020 2 24 0 33.872 16.499
218 2020 2 24 0 32.647 17.592
219 2020 2 24 0 32.636 17.588
220 2020 2 24 0 32.59 17.362
221 2020 2 24 0 32.649 17.507
222 2020 2 24 0 33.014 17.255
223 2020 2 24 0 33.686 16.971
224 2020 2 24 0 33.365 17.531
225 2020 2 24 0 32.783 17.297
226 2020 2 24 0 33.026 17.529
227 2020 2 24 0 32.425 17.606
228 2020 2 24 0 32.493 17.54
229 2020 2 24 0 32.677 17.436
230 2020 2 24 0 32.664 17.507
231 2020 2 24 0 32.37 17.584
232 2020 2 24 0 32.722 17.525
233 2020 2 24 0 31.627 17.307
234 2020 2 24 0 31.517 16.86
235 2020 2 24 0 31.474 16.835
236 2020 2 24 0 31.644 17.28
237 2020 2 24 0 31.675 17.109
238 2020 2 24 0 31.563 17.058
239 2020 2 24 0 33.256 16.418
240 2020 2 24 0 33.469 17.174
241 2020 2 24 0 33.198 16.478
242 2020 2 24 0 33.197 17.213
243 2020 2 24 0 32.988 16.941
244 2020 2 24 0 33.442 16.673
245 2020 2 24 0 33.488 16.353
246 2020 2 24 0 33.161 16.482
247 2020 2 24 0 33.649 16.379
248 2020 2 24 0 33.478 16.149
249 2020 2 24 0 33.562 16.234
250 2020 2 24 0 33.176 16.298
251 2020 2 24 0 33.963 16.234
252 2020 2 24 0 33.162 16.423
0 2020 2 24 0 32.144 17.018
