1 2020 6 7 11.964 35.047 24.637
2 2020 6 7 3.1366 34.307 24.899
3 2020 6 7 10.001 35.137 24.419
4 2020 6 7 4.4998 34.978 25.639
5 2020 6 7 2.5268 33.819 24.565
6 2020 6 7 2.9552 34.168 23.956
7 2020 6 7 5.4507 34.591 24.323
8 2020 6 7 8.2524 35.117 26.049
9 2020 6 7 10.985 34.581 25.194
10 2020 6 7 8.4933 34.372 25.782
11 2020 6 7 0.18667 35.926 23.824
12 2020 6 7 0.55231 35.582 23.725
13 2020 6 7 0 35.372 23.721
14 2020 6 7 0 34.849 23.799
15 2020 6 7 0 35.527 23.822
16 2020 6 7 0.21492 35.376 23.856
17 2020 6 7 0.78997 34.945 23.861
18 2020 6 7 1.6216 35.803 23.811
19 2020 6 7 13.238 35.003 22.745
20 2020 6 7 33.515 35.098 26.233
21 2020 6 7 8.4884 34.588 22.278
22 2020 6 7 6.4246 34.869 23.198
23 2020 6 7 34.844 33.963 23.651
24 2020 6 7 78.101 34.443 25.198
25 2020 6 7 10.367 34.502 23.543
26 2020 6 7 52.128 34.021 24.964
27 2020 6 7 70.728 34.202 24.524
28 2020 6 7 17.851 34.244 22.93
29 2020 6 7 32.966 35.666 27.025
30 2020 6 7 33.06 35.019 25.247
31 2020 6 7 7.4228 33.931 22.564
32 2020 6 7 33.707 35.769 26.449
33 2020 6 7 7.4798 33.758 23.547
34 2020 6 7 15.694 34.217 23.467
35 2020 6 7 3.3884 33.184 23.601
36 2020 6 7 5.1337 33.242 23.864
37 2020 6 7 2.7303 34.517 23.65
38 2020 6 7 6.7275 33.961 23.756
39 2020 6 7 4.4821 33.877 23.99
40 2020 6 7 7.1888 33.884 23.827
41 2020 6 7 4.0501 33.292 23.791
42 2020 6 7 4.6209 35.133 23.877
43 2020 6 7 0.21942 35.344 24.106
44 2020 6 7 0.6215 35.254 24.02
45 2020 6 7 0.13661 35.572 24.029
46 2020 6 7 1.0227 35.144 23.881
47 2020 6 7 0.24361 35.3 24.109
48 2020 6 7 0.54668 35.398 24.097
49 2020 6 7 1.7271 35.279 23.994
51 2020 6 7 5.4462 35.231 24.496
52 2020 6 7 6.3058 35.59 24.036
53 2020 6 7 4.0701 34.965 24.832
54 2020 6 7 0.88735 35.259 24.587
55 2020 6 7 0.23154 35.089 28.756
56 2020 6 7 2.2534 34.89 28.464
57 2020 6 7 0 35.247 28.827
58 2020 6 7 3.0976 35.079 28.543
59 2020 6 7 0.2561 34.827 28.569
60 2020 6 7 0 35.32 28.89
61 2020 6 7 1.3696 33.288 20.379
62 2020 6 7 0.69482 34.591 27.486
63 2020 6 7 3.1144 35.106 28.306
64 2020 6 7 2.6315 33.684 20.256
65 2020 6 7 6.8297 34.462 19.683
66 2020 6 7 0 32.942 20.678
67 2020 6 7 0.58806 33.525 20.37
68 2020 6 7 9.4701 34.471 19.63
69 2020 6 7 2.8566 33.508 20.386
70 2020 6 7 1.8717 34.34 19.494
71 2020 6 7 1.1929 32.044 20.16
72 2020 6 7 0 35.762 29.012
73 2020 6 7 3.0702 35.309 28.665
74 2020 6 7 0.36814 35.811 29.038
75 2020 6 7 0 35.678 28.96
76 2020 6 7 0.64695 35.864 29.083
77 2020 6 7 5.1467 32.019 20.175
78 2020 6 7 0.69489 31.944 20.159
79 2020 6 7 0.83406 35.866 29.08
80 2020 6 7 1.6152 35.52 28.475
81 2020 6 7 7.8376 35.125 24.18
82 2020 6 7 3.6701 35.537 23.715
83 2020 6 7 6.489 35.683 23.657
84 2020 6 7 7.3122 35.645 23.701
85 2020 6 7 2.9789 35.766 23.72
86 2020 6 7 2.5791 35.187 23.958
87 2020 6 7 3.7181 35.446 23.999
88 2020 6 7 0 35.719 23.826
89 2020 6 7 4.209 35.671 23.739
90 2020 6 7 0.48358 35.42 23.934
91 2020 6 7 0.80887 34.887 24.874
92 2020 6 7 1.2164 35.185 25.584
93 2020 6 7 0.78716 35.08 25.362
94 2020 6 7 2.7005 34.842 25.235
95 2020 6 7 0.81411 34.103 22.788
96 2020 6 7 1.2205 34.087 22.197
97 2020 6 7 4.2606 34.137 23.64
98 2020 6 7 2.3081 34.523 23.164
99 2020 6 7 1.352 35.082 24.033
100 2020 6 7 0.98449 34.506 23.969
102 2020 6 7 6.9564 34.261 24.15
103 2020 6 7 7.511 35.243 24.115
104 2020 6 7 6.3724 34.923 24.051
105 2020 6 7 4.6722 34.228 24.219
106 2020 6 7 2.8219 35.598 24.08
107 2020 6 7 0.22313 35.787 20.717
109 2020 6 7 0.52265 35.057 20.918
110 2020 6 7 0.1304 35.421 20.599
111 2020 6 7 0.98311 32.875 23.632
112 2020 6 7 0.53664 34.752 20.876
113 2020 6 7 0 35.351 24.066
114 2020 6 7 0.43634 35.379 23.881
115 2020 6 7 0.13103 35.395 24.096
116 2020 6 7 0.24481 35.434 24.108
117 2020 6 7 0.27967 35.38 23.975
118 2020 6 7 0.49936 35.353 24.009
119 2020 6 7 0.37454 35.375 23.804
120 2020 6 7 16.95 34.094 24.365
121 2020 6 7 3.1654 34.642 24.994
122 2020 6 7 11.113 34.596 25.408
123 2020 6 7 11.612 35.364 26.665
124 2020 6 7 8.5493 35.451 26.55
125 2020 6 7 10.621 35.636 26.55
126 2020 6 7 11.276 35.738 27.589
127 2020 6 7 45.959 33.569 23.961
128 2020 6 7 22.072 33.718 23.323
129 2020 6 7 0.42939 32.38 20.597
130 2020 6 7 0 32.47 20.759
131 2020 6 7 0.35835 32.255 20.626
132 2020 6 7 1.5588 36.176 27.621
133 2020 6 7 0.29959 32.786 20.44
134 2020 6 7 0.48096 35.695 27.663
135 2020 6 7 0 34.871 28.372
136 2020 6 7 1.5859 36.261 26.928
137 2020 6 7 0.13897 35.033 28.023
138 2020 6 7 0.86473 36.412 27.719
139 2020 6 7 1.646 35.359 28.12
140 2020 6 7 1.757 35.1 28.195
141 2020 6 7 0 32.249 20.493
142 2020 6 7 8.8845 35.281 26.087
143 2020 6 7 0.37074 35.592 23.702
144 2020 6 7 1.59 34.896 22.77
145 2020 6 7 10.843 34.433 21.892
146 2020 6 7 12.024 34.811 22.265
147 2020 6 7 1.6003 35.723 24.31
148 2020 6 7 1.6561 35.903 24.051
149 2020 6 7 2.6083 34.462 22.101
150 2020 6 7 15.222 34.453 21.943
151 2020 6 7 2.8263 33.148 23.893
152 2020 6 7 0 32.927 23.735
153 2020 6 7 3.1224 33.236 23.979
154 2020 6 7 0.50229 32.842 23.6
155 2020 6 7 0.21557 32.905 23.73
156 2020 6 7 0.71791 33.058 23.844
157 2020 6 7 2.3634 32.968 23.718
158 2020 6 7 4.888 33.286 24.019
159 2020 6 7 0.14706 32.815 23.58
160 2020 6 7 2.9529 33.442 24.1
161 2020 6 7 10.756 35.391 26.645
162 2020 6 7 5.6858 33.937 25.431
164 2020 6 7 4.2097 35.603 27.128
165 2020 6 7 10.199 34.449 26.164
166 2020 6 7 2.9235 33.888 25.324
167 2020 6 7 7.8607 35.012 26.803
168 2020 6 7 13.222 34.56 26.161
169 2020 6 7 24.712 35.32 26.971
170 2020 6 7 2.7635 34.527 26.193
171 2020 6 7 1.2028 34.54 21.016
172 2020 6 7 3.1024 33.215 24.112
173 2020 6 7 0.63113 34.508 21.319
174 2020 6 7 7.1158 35.39 23.808
175 2020 6 7 6.6324 35.412 23.953
176 2020 6 7 2.8172 35.526 23.851
177 2020 6 7 17.028 34.655 23.595
178 2020 6 7 7.771 34.955 23.58
179 2020 6 7 0.99738 35.652 23.954
180 2020 6 7 9.9408 35.118 23.868
181 2020 6 7 2.6929 35.468 24.017
182 2020 6 7 0 34.867 20.58
183 2020 6 7 1.0002 34.438 21.155
184 2020 6 7 3.2219 34.139 21.277
185 2020 6 7 0.12795 34.496 20.579
186 2020 6 7 0.28593 34.499 20.366
187 2020 6 7 0 34.458 20.561
188 2020 6 7 0.64177 34.612 24.487
189 2020 6 7 5.7171 33.374 24.123
190 2020 6 7 13.94 33.745 24.176
191 2020 6 7 0 33.004 23.859
192 2020 6 7 0.16396 33.103 23.978
195 2020 6 7 0.1475 31.7 20.395
196 2020 6 7 0.68704 31.762 20.362
197 2020 6 7 0.80882 31.63 20.275
198 2020 6 7 0.87507 31.825 20.295
199 2020 6 7 2.5397 35.179 27.495
200 2020 6 7 0.43627 34.954 28.082
201 2020 6 7 6.4537 35.026 27.946
202 2020 6 7 4.3065 35.301 27.963
203 2020 6 7 10.031 35.665 27.412
204 2020 6 7 2.7575 35.753 23.783
205 2020 6 7 1.6313 35.211 22.925
206 2020 6 7 1.5238 35.901 23.928
207 2020 6 7 0.65327 35.872 23.831
208 2020 6 7 0.30197 35.835 23.657
209 2020 6 7 0.15697 35.916 23.842
210 2020 6 7 4.7134 35.369 24.033
211 2020 6 7 0.44915 35.502 24.101
212 2020 6 7 0.26598 35.451 24.112
213 2020 6 7 3.139 35.562 23.993
214 2020 6 7 1.0705 35.597 24.096
215 2020 6 7 1.1623 35.57 24.088
216 2020 6 7 21.824 34.103 26.299
217 2020 6 7 6.47 35.462 26.4
218 2020 6 7 2.298 33.765 26.463
219 2020 6 7 5.9921 33.615 26.461
220 2020 6 7 1.2456 35.67 19.096
221 2020 6 7 1.5671 34.015 26.64
222 2020 6 7 3.3032 34.595 26.808
223 2020 6 7 8.0454 34.478 25.947
224 2020 6 7 17.912 34.002 26.143
225 2020 6 7 2.3398 34.599 26.459
226 2020 6 7 6.9407 34.16 26.39
227 2020 6 7 0.15711 33.743 26.83
228 2020 6 7 0.12029 35.093 19.19
229 2020 6 7 2.8823 35.142 19.161
230 2020 6 7 6.2318 35.003 19.256
231 2020 6 7 0.4109 35.167 19.193
232 2020 6 7 4.1694 34.925 19.331
233 2020 6 7 2.1581 35.523 23.639
234 2020 6 7 4.703 35.792 23.898
235 2020 6 7 3.2326 35.822 23.838
236 2020 6 7 1.9973 35.528 23.748
237 2020 6 7 2.6043 35.597 23.959
238 2020 6 7 1.1722 35.684 23.743
239 2020 6 7 10.539 34.211 23.832
240 2020 6 7 17.827 34.277 25.686
241 2020 6 7 7.3637 34.437 24.398
242 2020 6 7 9.1182 34.366 25.908
243 2020 6 7 5.3005 34.407 25.684
244 2020 6 7 19.317 34.53 25.121
245 2020 6 7 10.71 34.527 24.582
246 2020 6 7 3.4103 34.485 24.847
247 2020 6 7 8.2437 34.475 24.811
248 2020 6 7 9.0174 34.254 24.037
249 2020 6 7 16.315 34.462 25.155
250 2020 6 7 8.7739 34.011 24.228
251 2020 6 7 11.604 34.734 25.32
252 2020 6 7 17.709 34.131 25.038
0 2020 6 7 15.991 35.628 28.377
