1 2020 3 2 0 34.542 18.917
2 2020 3 2 0 34.238 18.695
3 2020 3 2 0 34.463 19.017
4 2020 3 2 0 34.436 18.776
5 2020 3 2 0 33.935 18.373
6 2020 3 2 0 33.956 18.366
7 2020 3 2 0 34.402 18.809
8 2020 3 2 0 34.364 18.776
9 2020 3 2 0 34.364 18.653
10 2020 3 2 0 34.107 18.547
11 2020 3 2 0 34.22 19.239
12 2020 3 2 0 34.084 19.221
13 2020 3 2 0 34.136 19.152
14 2020 3 2 0 34.263 18.94
15 2020 3 2 0 34.313 19.098
16 2020 3 2 0 34.389 19.044
17 2020 3 2 0 34.453 18.925
18 2020 3 2 0 34.209 19.323
19 2020 3 2 0 31.704 15.911
20 2020 3 2 0 33.574 18.34
21 2020 3 2 0 31.878 16.224
22 2020 3 2 0 31.62 16.056
23 2020 3 2 0 31.914 16.439
24 2020 3 2 0 32.863 17.582
25 2020 3 2 0 31.595 16.292
26 2020 3 2 0 32.771 17.375
27 2020 3 2 0 32.353 17.085
28 2020 3 2 0 32.184 16.251
29 2020 3 2 0 33.899 18.615
30 2020 3 2 0 32.893 17.708
31 2020 3 2 0 32.564 16.427
32 2020 3 2 0 33.726 18.564
33 2020 3 2 0 33.331 19.203
34 2020 3 2 0 33.644 19.191
35 2020 3 2 0 33.059 19.183
36 2020 3 2 0 32.915 19.041
37 2020 3 2 0 33.905 19.007
38 2020 3 2 0 33.126 19.228
39 2020 3 2 0 32.88 19.174
40 2020 3 2 0 33.326 18.986
41 2020 3 2 0 32.891 19.172
42 2020 3 2 0 34.133 18.594
43 2020 3 2 0 34.389 19.134
44 2020 3 2 0 34.269 18.967
45 2020 3 2 0 34.509 19.219
46 2020 3 2 0 34.164 18.779
47 2020 3 2 0 34.558 19.221
48 2020 3 2 0 34.66 19.335
49 2020 3 2 0 34.32 18.837
51 2020 3 2 0 34.48 19.008
52 2020 3 2 0 34.246 19.333
53 2020 3 2 0 34.596 18.803
54 2020 3 2 0 34.537 18.9
55 2020 3 2 0 31.731 19.4
56 2020 3 2 0 32.314 19.141
57 2020 3 2 0 31.69 19.475
58 2020 3 2 0 32.371 19.231
59 2020 3 2 0 32.118 19.175
60 2020 3 2 0 31.617 19.54
61 2020 3 2 0 32.204 18.724
62 2020 3 2 0 32.421 18.27
63 2020 3 2 0 32.274 18.545
64 2020 3 2 0 31.97 18.668
65 2020 3 2 0 32.206 18.196
66 2020 3 2 0 31.627 19.132
67 2020 3 2 0 31.901 18.77
68 2020 3 2 0 32.16 18.238
69 2020 3 2 0 32.025 18.738
70 2020 3 2 0 32.155 18.238
71 2020 3 2 0 31.952 19.537
72 2020 3 2 0 32.058 19.509
73 2020 3 2 0 32.654 19.326
74 2020 3 2 0 32.041 19.501
75 2020 3 2 0 32.163 19.494
76 2020 3 2 0 31.963 19.523
77 2020 3 2 0 31.941 19.547
78 2020 3 2 0 31.906 19.545
79 2020 3 2 0 31.967 19.522
80 2020 3 2 0 33.246 18.578
81 2020 3 2 0 34.467 18.981
82 2020 3 2 0 34.399 19.625
83 2020 3 2 0 34.185 19.661
84 2020 3 2 0 34.131 19.583
85 2020 3 2 0 34.123 19.471
86 2020 3 2 0 34.436 19.001
87 2020 3 2 0 34.275 19.252
88 2020 3 2 0 34.223 19.285
89 2020 3 2 0 34.248 19.498
90 2020 3 2 0 34.358 19.101
91 2020 3 2 0 34.435 18.596
92 2020 3 2 0 34.382 18.732
93 2020 3 2 0 34.567 18.829
94 2020 3 2 0 34.499 18.734
95 2020 3 2 0 33.022 17.031
96 2020 3 2 0 32.445 16.739
97 2020 3 2 0 33.433 17.352
98 2020 3 2 0 33.343 17.604
99 2020 3 2 0 34.089 18.451
100 2020 3 2 0 33.913 17.926
102 2020 3 2 0 32.953 19.313
103 2020 3 2 0 33.198 19.376
104 2020 3 2 0 33.102 19.282
105 2020 3 2 0 33.078 19.568
106 2020 3 2 0 33.27 19.332
107 2020 3 2 0 32.635 19.097
109 2020 3 2 0 31.979 19.023
110 2020 3 2 0 32.171 18.897
111 2020 3 2 0 32.225 19.078
112 2020 3 2 0 31.622 18.885
113 2020 3 2 0 34.318 19.109
114 2020 3 2 0 34.51 19.469
115 2020 3 2 0 34.093 19.015
116 2020 3 2 0 33.946 19.054
117 2020 3 2 0 34.352 19.23
118 2020 3 2 0 34.651 19.455
119 2020 3 2 0 34.677 19.688
120 2020 3 2 0 33.195 17.472
121 2020 3 2 0 33.788 18.111
122 2020 3 2 0 33.489 17.986
123 2020 3 2 0 33.833 18.391
124 2020 3 2 0 33.975 18.401
125 2020 3 2 0 34.292 18.644
126 2020 3 2 0 33.917 18.322
127 2020 3 2 0 32.505 16.855
128 2020 3 2 0 32.835 16.795
129 2020 3 2 0 31.796 19.552
130 2020 3 2 0 31.426 19.42
131 2020 3 2 0 31.669 19.574
132 2020 3 2 0 33.919 17.897
133 2020 3 2 0 32.077 18.924
134 2020 3 2 0 33.403 17.918
135 2020 3 2 0 32.176 19.033
136 2020 3 2 0 34.479 17.362
137 2020 3 2 0 32.601 18.44
138 2020 3 2 0 33.93 17.647
139 2020 3 2 0 32.994 18.52
140 2020 3 2 0 32.741 18.815
141 2020 3 2 0 31.835 19.215
142 2020 3 2 0 34.696 17.606
143 2020 3 2 0 33.926 18.671
144 2020 3 2 0 33.027 17.824
145 2020 3 2 0 31.892 16.742
146 2020 3 2 0 31.426 15.765
147 2020 3 2 0 34.426 19.107
148 2020 3 2 0 34.313 19.283
149 2020 3 2 0 32.4 17.276
150 2020 3 2 0 31.967 17.205
151 2020 3 2 0 32.831 19.013
152 2020 3 2 0 32.614 19.206
153 2020 3 2 0 32.804 18.97
154 2020 3 2 0 32.889 19.176
155 2020 3 2 0 32.379 19.198
156 2020 3 2 0 32.616 19.182
157 2020 3 2 0 32.828 19.172
158 2020 3 2 0 32.807 18.964
159 2020 3 2 0 32.878 19.176
160 2020 3 2 0 32.634 19.194
161 2020 3 2 0 34.225 18.281
162 2020 3 2 0 33.98 18.399
164 2020 3 2 0 34.022 18.175
165 2020 3 2 0 33.981 18.355
166 2020 3 2 0 33.987 18.587
167 2020 3 2 0 33.851 18.295
168 2020 3 2 0 34.103 18.166
169 2020 3 2 0 33.921 18.205
170 2020 3 2 0 33.991 18.338
171 2020 3 2 0 31.791 18.579
172 2020 3 2 0 31.797 18.99
173 2020 3 2 0 31.775 19.093
174 2020 3 2 0 33.923 19.196
175 2020 3 2 0 33.554 19.255
176 2020 3 2 0 34.345 19.383
177 2020 3 2 0 33.551 19.281
178 2020 3 2 0 33.882 19.225
179 2020 3 2 0 34.209 19.123
180 2020 3 2 0 33.35 19.309
181 2020 3 2 0 33.904 19.117
182 2020 3 2 0 31.537 18.688
183 2020 3 2 0 31.507 18.965
184 2020 3 2 0 31.278 18.512
185 2020 3 2 0 31.119 18.502
186 2020 3 2 0 30.982 18.245
187 2020 3 2 0 31.05 18.335
188 2020 3 2 0 33.362 19.856
189 2020 3 2 0 32.213 19.303
190 2020 3 2 0 32.54 19.49
191 2020 3 2 0 32.324 19.238
192 2020 3 2 0 32.033 19.269
195 2020 3 2 0 31.685 19.601
196 2020 3 2 0 31.773 19.633
197 2020 3 2 0 31.729 19.601
198 2020 3 2 0 31.817 19.604
199 2020 3 2 0 33.293 18.578
200 2020 3 2 0 32.773 19.045
201 2020 3 2 0 32.862 18.962
202 2020 3 2 0 33.072 18.709
203 2020 3 2 0 33.766 18.24
204 2020 3 2 0 34.349 19.546
205 2020 3 2 0 33.145 18.163
206 2020 3 2 0 34.365 19.352
207 2020 3 2 0 34.478 19.373
208 2020 3 2 0 34.128 18.971
209 2020 3 2 0 34.245 19.06
210 2020 3 2 0 34 19.002
211 2020 3 2 0 33.747 19.136
212 2020 3 2 0 33.911 19.068
213 2020 3 2 0 33.448 19.198
214 2020 3 2 0 33.311 19.336
215 2020 3 2 0 33.531 19.229
216 2020 3 2 0 32.999 17.956
217 2020 3 2 0 34.304 17.498
218 2020 3 2 0 32.229 18.083
219 2020 3 2 0 32.12 18.207
220 2020 3 2 0 31.914 18.187
221 2020 3 2 0 32.066 18.275
222 2020 3 2 0 32.943 17.842
223 2020 3 2 0 33.8 17.92
224 2020 3 2 0 33.125 18.221
225 2020 3 2 0 32.182 18.143
226 2020 3 2 0 32.583 18.254
227 2020 3 2 0 31.782 18.309
228 2020 3 2 0 31.85 18.182
229 2020 3 2 0 32.089 17.954
230 2020 3 2 0 32.115 18.01
231 2020 3 2 0 31.676 18.359
232 2020 3 2 0 32.225 17.957
233 2020 3 2 0 34.516 19.802
234 2020 3 2 0 34.528 19.333
235 2020 3 2 0 34.521 19.377
236 2020 3 2 0 34.674 19.696
237 2020 3 2 0 34.613 19.402
238 2020 3 2 0 34.563 19.596
239 2020 3 2 0 33.526 17.715
240 2020 3 2 0 33.303 18.01
241 2020 3 2 0 33.287 17.77
242 2020 3 2 0 32.813 18.021
243 2020 3 2 0 32.438 17.776
244 2020 3 2 0 33.315 17.648
245 2020 3 2 0 33.567 17.481
246 2020 3 2 0 32.897 17.539
247 2020 3 2 0 33.915 17.57
248 2020 3 2 0 33.864 17.454
249 2020 3 2 0 34.37 17.76
250 2020 3 2 0 33.889 17.806
251 2020 3 2 0 34.517 17.575
252 2020 3 2 0 34.104 18.045
0 2020 3 2 0 32.88 18.974
