1 2020 5 31 0 40.234 28.267
2 2020 5 31 0 39.455 28.263
3 2020 5 31 0 40.236 28.357
4 2020 5 31 0 39.46 27.965
5 2020 5 31 0 38.815 28.053
6 2020 5 31 0 38.998 28.112
7 2020 5 31 0 39.904 28.457
8 2020 5 31 0 39.126 27.857
9 2020 5 31 0 39.641 28.147
10 2020 5 31 0 38.995 27.99
11 2020 5 31 0 40.161 28.91
12 2020 5 31 0 39.778 28.848
13 2020 5 31 0 39.762 28.756
14 2020 5 31 0 39.781 28.587
15 2020 5 31 0 40.137 28.805
16 2020 5 31 0 40.228 28.769
17 2020 5 31 0 40.185 28.676
18 2020 5 31 0 40.183 28.928
19 2020 5 31 0 37.54 24.459
20 2020 5 31 0 37.981 27.077
21 2020 5 31 0 37.604 24.7
22 2020 5 31 0 37.245 24.341
23 2020 5 31 0 37.029 24.567
24 2020 5 31 0 37.459 25.948
25 2020 5 31 0 36.946 24.158
26 2020 5 31 0 37.246 25.896
27 2020 5 31 0 37.193 25.111
28 2020 5 31 0 37.88 24.812
29 2020 5 31 0 38.178 27.623
30 2020 5 31 0 37.847 25.783
31 2020 5 31 0 38.432 25.126
32 2020 5 31 0 38.424 27.037
33 2020 5 31 0 38.416 28.6
34 2020 5 31 0 38.652 28.491
35 2020 5 31 0 38.125 28.641
36 2020 5 31 0 37.835 28.517
37 2020 5 31 0 39 28.413
38 2020 5 31 0 38.612 28.889
39 2020 5 31 0 38.426 29.023
40 2020 5 31 0 38.219 28.397
41 2020 5 31 0 38.119 28.832
42 2020 5 31 0 39.996 28.62
43 2020 5 31 0 40.106 29.252
44 2020 5 31 0 39.955 29.123
45 2020 5 31 0 40.228 28.42
46 2020 5 31 0 39.879 28.843
47 2020 5 31 0 40.197 29.09
48 2020 5 31 0 40.273 28.875
49 2020 5 31 0 40.197 28.544
51 2020 5 31 0 40.222 28.197
52 2020 5 31 0 40.218 28.273
53 2020 5 31 0 40.163 28.164
54 2020 5 31 0 40.193 28.007
55 2020 5 31 0 35.201 28.235
56 2020 5 31 0 36.008 28.077
57 2020 5 31 0 35.051 28.373
58 2020 5 31 0 36.067 28.183
59 2020 5 31 0 35.518 28.224
60 2020 5 31 0 34.922 28.366
61 2020 5 31 0 33.288 20.379
62 2020 5 31 0 35.678 28.246
63 2020 5 31 0 35.253 28.326
64 2020 5 31 0 33.684 20.256
65 2020 5 31 0 34.462 19.683
66 2020 5 31 0 32.942 20.678
67 2020 5 31 0 33.525 20.37
68 2020 5 31 0 34.471 19.63
69 2020 5 31 0 33.508 20.386
70 2020 5 31 0 34.34 19.494
71 2020 5 31 0 32.044 20.16
72 2020 5 31 0 35.374 28.444
73 2020 5 31 0 36.362 28.377
74 2020 5 31 0 35.309 28.451
75 2020 5 31 0 35.54 28.438
76 2020 5 31 0 35.179 28.459
77 2020 5 31 0 32.019 20.175
78 2020 5 31 0 31.944 20.159
79 2020 5 31 0 35.185 28.459
80 2020 5 31 0 36.932 28.188
81 2020 5 31 0 40.242 28.527
82 2020 5 31 0 40.376 28.864
83 2020 5 31 0 40.307 28.536
84 2020 5 31 0 40.263 28.645
85 2020 5 31 0 40.218 28.73
86 2020 5 31 0 40.243 28.665
87 2020 5 31 0 40.227 28.571
88 2020 5 31 0 40.206 28.756
89 2020 5 31 0 40.266 28.858
90 2020 5 31 0 40.224 28.703
91 2020 5 31 0 39.859 27.83
92 2020 5 31 0 39.314 27.653
93 2020 5 31 0 39.78 28.03
94 2020 5 31 0 39.805 28.095
95 2020 5 31 0 38.88 25.787
96 2020 5 31 0 38.279 25.221
97 2020 5 31 0 39.049 26.308
98 2020 5 31 0 39.122 26.337
99 2020 5 31 0 39.792 27.342
100 2020 5 31 0 39.598 27.041
102 2020 5 31 0 38.712 29.25
103 2020 5 31 0 39.695 29.432
104 2020 5 31 0 39.373 29.287
105 2020 5 31 0 38.675 29.403
106 2020 5 31 0 40.043 29.459
107 2020 5 31 0 35.787 20.717
109 2020 5 31 0 35.057 20.918
110 2020 5 31 0 35.421 20.599
111 2020 5 31 0 37.931 28.618
112 2020 5 31 0 34.752 20.876
113 2020 5 31 0 40.086 29.272
114 2020 5 31 0 40.328 29.058
115 2020 5 31 0 39.998 29.36
116 2020 5 31 0 40.01 29.393
117 2020 5 31 0 40.165 29.196
118 2020 5 31 0 40.329 29.023
119 2020 5 31 0 40.483 28.926
120 2020 5 31 0 38.175 26.158
121 2020 5 31 0 38.729 26.908
122 2020 5 31 0 38.044 26.654
123 2020 5 31 0 38.16 27.499
124 2020 5 31 0 38.414 27.523
125 2020 5 31 0 38.843 27.765
126 2020 5 31 0 37.915 27.919
127 2020 5 31 0 37.337 25.333
128 2020 5 31 0 38.284 25.519
129 2020 5 31 0 32.38 20.597
130 2020 5 31 0 32.47 20.759
131 2020 5 31 0 32.255 20.626
132 2020 5 31 0 37.675 27.768
133 2020 5 31 0 32.786 20.44
134 2020 5 31 0 36.644 27.949
135 2020 5 31 0 35.628 28.224
136 2020 5 31 0 38.103 27.698
137 2020 5 31 0 35.734 28.202
138 2020 5 31 0 37.152 27.797
139 2020 5 31 0 36.501 27.991
140 2020 5 31 0 36.513 27.982
141 2020 5 31 0 32.249 20.493
142 2020 5 31 0 39.056 27.712
143 2020 5 31 0 39.683 27.125
144 2020 5 31 0 38.796 26.161
145 2020 5 31 0.41712 37.626 24.945
146 2020 5 31 0.41693 37.027 24.138
147 2020 5 31 0 40.189 27.852
148 2020 5 31 0 40.195 27.905
149 2020 5 31 0.14047 38.164 25.498
150 2020 5 31 1.0315 37.957 25.317
151 2020 5 31 0 37.739 28.514
152 2020 5 31 0 37.622 28.821
153 2020 5 31 0 37.671 28.476
154 2020 5 31 0 37.949 28.677
155 2020 5 31 0 37.533 28.831
156 2020 5 31 0 37.675 28.87
157 2020 5 31 0 37.926 28.763
158 2020 5 31 0 37.658 28.465
159 2020 5 31 0 37.936 28.678
160 2020 5 31 0 37.831 29.044
161 2020 5 31 0 38.711 27.826
162 2020 5 31 0 38.768 28.005
164 2020 5 31 0 38.475 27.803
165 2020 5 31 0 38.669 27.938
166 2020 5 31 0 38.843 28.12
167 2020 5 31 0 38.402 27.855
168 2020 5 31 0 38.746 27.868
169 2020 5 31 0 38.424 27.814
170 2020 5 31 0 38.666 27.932
171 2020 5 31 0 34.54 21.016
172 2020 5 31 0 36.733 29.198
173 2020 5 31 0 34.508 21.319
174 2020 5 31 0 39.729 29.005
175 2020 5 31 0 39.854 29.272
176 2020 5 31 0 40.244 29.03
177 2020 5 31 0 39.072 28.805
178 2020 5 31 0 39.275 28.7
179 2020 5 31 0 40.072 29.133
180 2020 5 31 0 39.553 29.166
181 2020 5 31 0 39.954 29.284
182 2020 5 31 0 34.867 20.58
183 2020 5 31 0 34.438 21.155
184 2020 5 31 0 34.139 21.277
185 2020 5 31 0 34.496 20.579
186 2020 5 31 0 34.499 20.366
187 2020 5 31 0 34.458 20.561
188 2020 5 31 0 39.179 29.573
189 2020 5 31 0 37.261 29.155
190 2020 5 31 0 37.76 29.32
191 2020 5 31 0 37.289 28.934
192 2020 5 31 0 37.107 29.023
195 2020 5 31 0 31.7 20.395
196 2020 5 31 0 31.762 20.362
197 2020 5 31 0 31.63 20.275
198 2020 5 31 0 31.825 20.295
199 2020 5 31 0 37.657 27.895
200 2020 5 31 0 36.851 28.142
201 2020 5 31 0 37.012 28.056
202 2020 5 31 0 37.126 27.937
203 2020 5 31 0 38.1 27.798
204 2020 5 31 0 40.322 28.275
205 2020 5 31 0 39.04 26.454
206 2020 5 31 0 40.243 27.949
207 2020 5 31 0 40.299 27.949
208 2020 5 31 0 39.95 27.406
209 2020 5 31 0 40.044 27.514
210 2020 5 31 0 39.941 29.31
211 2020 5 31 0 40.04 29.415
212 2020 5 31 0 40.021 29.396
213 2020 5 31 0 40.043 29.384
214 2020 5 31 0 40.056 29.469
215 2020 5 31 0 40.064 29.44
216 2020 5 31 0 36.747 28.125
217 2020 5 31 0 38.142 27.795
218 2020 5 31 0 36.084 28.187
219 2020 5 31 0 36.018 28.288
220 2020 5 31 0 35.67 19.096
221 2020 5 31 0 36.146 28.289
222 2020 5 31 0 36.424 28.077
223 2020 5 31 0 37.849 27.995
224 2020 5 31 0 36.954 28.208
225 2020 5 31 0.25847 36.736 28.149
226 2020 5 31 0.69339 36.639 28.241
227 2020 5 31 0 35.664 28.359
228 2020 5 31 0 35.093 19.19
229 2020 5 31 0 35.142 19.161
230 2020 5 31 0 35.003 19.256
231 2020 5 31 0 35.167 19.193
232 2020 5 31 0 34.925 19.331
233 2020 5 31 0 40.5 28.678
234 2020 5 31 0 40.276 28.12
235 2020 5 31 0 40.308 28.044
236 2020 5 31 0 40.501 28.578
237 2020 5 31 0 40.31 28.503
238 2020 5 31 0 40.429 28.299
239 2020 5 31 0 38.329 27.705
240 2020 5 31 0.12317 37.441 28.006
241 2020 5 31 0 38.09 27.717
242 2020 5 31 0.90511 37.121 28.035
243 2020 5 31 0.55107 37.07 27.887
244 2020 5 31 0 37.847 27.725
245 2020 5 31 0 38.248 27.603
246 2020 5 31 0 37.722 27.64
247 2020 5 31 0 38.46 27.7
248 2020 5 31 0 38.579 27.608
249 2020 5 31 0 39.061 27.747
250 2020 5 31 0 38.656 27.766
251 2020 5 31 0 39.022 27.727
252 2020 5 31 0 38.855 27.866
0 2020 5 31 0 36.725 28.166
