1 2020 4 16 0 39.575 24.379
2 2020 4 16 0 39.497 24.219
3 2020 4 16 0 39.732 24.449
4 2020 4 16 0 39.356 24.178
5 2020 4 16 0 39.491 23.945
6 2020 4 16 0 39.9 24.174
7 2020 4 16 0 39.924 24.44
8 2020 4 16 0 39.306 24.094
9 2020 4 16 0 39.344 24.204
10 2020 4 16 0 39.129 24.04
11 2020 4 16 0 40.099 24.747
12 2020 4 16 0 39.868 24.937
13 2020 4 16 0 39.96 24.864
14 2020 4 16 0 40.155 24.691
15 2020 4 16 0 40.199 24.712
16 2020 4 16 0 40.265 24.682
17 2020 4 16 0 40.329 24.67
18 2020 4 16 0 40.005 24.871
19 2020 4 16 0 37.918 23.81
20 2020 4 16 0 38.304 23.848
21 2020 4 16 0 37.9 23.454
22 2020 4 16 0 37.712 23.907
23 2020 4 16 0 37.423 23.387
24 2020 4 16 0 37.915 23.638
25 2020 4 16 0 37.495 23.933
26 2020 4 16 0 37.594 23.108
27 2020 4 16 0 37.717 23.722
28 2020 4 16 0 37.925 23.363
29 2020 4 16 0 38.553 24.13
30 2020 4 16 0.15786 38.568 24.528
31 2020 4 16 0 38.16 23.106
32 2020 4 16 0.29031 39.193 24.882
33 2020 4 16 0 38.951 25.48
34 2020 4 16 0 39.274 25.322
35 2020 4 16 0 38.68 25.576
36 2020 4 16 0 38.598 25.291
37 2020 4 16 0 39.732 24.87
38 2020 4 16 0 38.772 25.652
39 2020 4 16 0 38.493 25.739
40 2020 4 16 0 39.079 25.019
41 2020 4 16 0 38.471 25.719
42 2020 4 16 0 39.71 24.76
43 2020 4 16 0 39.572 25.374
44 2020 4 16 0 39.482 25.271
45 2020 4 16 0 39.754 24.992
46 2020 4 16 0 39.505 25.021
47 2020 4 16 0 39.725 25.148
48 2020 4 16 0 39.79 25.072
49 2020 4 16 0 39.878 24.755
51 2020 4 16 0 39.658 24.458
52 2020 4 16 0 39.922 24.607
53 2020 4 16 0 39.477 24.343
54 2020 4 16 0 39.589 24.463
55 2020 4 16 0 33.949 24.131
56 2020 4 16 0 34.953 24.143
57 2020 4 16 0 33.684 24.09
58 2020 4 16 0 35.209 24.08
59 2020 4 16 0 34.293 24.099
60 2020 4 16 0 33.564 24.095
61 2020 4 16 0 33.288 20.379
62 2020 4 16 0 36.183 23.644
63 2020 4 16 0 35.32 23.806
64 2020 4 16 0 33.684 20.256
65 2020 4 16 0 34.462 19.683
66 2020 4 16 0 32.942 20.678
67 2020 4 16 0 33.525 20.37
68 2020 4 16 0 34.471 19.63
69 2020 4 16 0 33.508 20.386
70 2020 4 16 0 34.34 19.494
71 2020 4 16 0 32.044 20.16
72 2020 4 16 0 34.48 24.127
73 2020 4 16 0 35.941 23.965
74 2020 4 16 0 34.396 24.126
75 2020 4 16 0 34.717 24.108
76 2020 4 16 0 34.204 24.145
77 2020 4 16 0 32.019 20.175
78 2020 4 16 0 31.944 20.159
79 2020 4 16 0 34.212 24.143
80 2020 4 16 0 36.871 23.579
81 2020 4 16 0 39.994 24.549
82 2020 4 16 0 39.945 25.067
83 2020 4 16 0 40.079 24.789
84 2020 4 16 0 40.082 24.71
85 2020 4 16 0 40.118 24.69
86 2020 4 16 0 40.202 24.637
87 2020 4 16 0 39.997 24.579
88 2020 4 16 0 40.129 24.662
89 2020 4 16 0 39.998 24.925
90 2020 4 16 0 40.15 24.64
91 2020 4 16 0 39.318 24.163
92 2020 4 16 0 39.299 24.088
93 2020 4 16 0 39.435 24.251
94 2020 4 16 0 39.369 24.236
95 2020 4 16 0 38.468 23.31
96 2020 4 16 0 38.116 23.184
97 2020 4 16 0 38.609 23.426
98 2020 4 16 0 38.739 23.669
99 2020 4 16 0 39.301 24.211
100 2020 4 16 0 39.001 23.824
102 2020 4 16 0 38.679 25.854
103 2020 4 16 0 39.111 25.742
104 2020 4 16 0 38.916 25.693
105 2020 4 16 0 38.907 26.059
106 2020 4 16 0 39.207 25.647
107 2020 4 16 0 35.787 20.717
109 2020 4 16 0 35.057 20.918
110 2020 4 16 0 35.421 20.599
111 2020 4 16 0 38.521 25.572
112 2020 4 16 0 34.752 20.876
113 2020 4 16 0 39.534 25.435
114 2020 4 16 0 39.743 25.305
115 2020 4 16 0 39.435 25.504
116 2020 4 16 0 39.379 25.545
117 2020 4 16 0 39.609 25.396
118 2020 4 16 0 39.786 25.191
119 2020 4 16 0 39.863 25.225
120 2020 4 16 0 38.209 23.289
121 2020 4 16 0 38.747 23.689
122 2020 4 16 0 38.342 23.467
123 2020 4 16 0 38.346 23.613
124 2020 4 16 0 38.604 23.64
125 2020 4 16 0 39.027 23.847
126 2020 4 16 0 38.085 23.534
127 2020 4 16 0 37.545 22.875
128 2020 4 16 0 38.069 23.011
129 2020 4 16 0 32.38 20.597
130 2020 4 16 0 32.47 20.759
131 2020 4 16 0 32.255 20.626
132 2020 4 16 0 37.506 23.295
133 2020 4 16 0 32.786 20.44
134 2020 4 16 0 36.537 23.291
135 2020 4 16 0 34.825 23.903
136 2020 4 16 0 38.471 22.988
137 2020 4 16 0 35.578 23.698
138 2020 4 16 0 36.998 23.055
139 2020 4 16 0 35.755 23.718
140 2020 4 16 0 35.653 23.962
141 2020 4 16 0 32.249 20.493
142 2020 4 16 0 39.612 23.385
143 2020 4 16 0 39.41 24.441
144 2020 4 16 0 38.672 23.833
145 2020 4 16 0 37.876 23.334
146 2020 4 16 0 37.776 23.454
147 2020 4 16 0 39.796 24.652
148 2020 4 16 0 39.918 24.746
149 2020 4 16 0 38.163 23.442
150 2020 4 16 0 38.049 23.406
151 2020 4 16 0 38.499 25.295
152 2020 4 16 0 38.049 25.794
153 2020 4 16 0 38.487 25.202
154 2020 4 16 0 38.484 25.662
155 2020 4 16 0 37.956 25.81
156 2020 4 16 0 38.061 25.804
157 2020 4 16 0 38.391 25.717
158 2020 4 16 0 38.505 25.161
159 2020 4 16 0 38.461 25.677
160 2020 4 16 0 38.118 25.876
161 2020 4 16 0 38.915 23.692
162 2020 4 16 0 39.195 23.906
164 2020 4 16 0 38.533 23.566
165 2020 4 16 0 38.927 23.837
166 2020 4 16 0 39.146 23.979
167 2020 4 16 0 38.498 23.712
168 2020 4 16 0 39.088 23.758
169 2020 4 16 0 38.495 23.623
170 2020 4 16 0 38.909 23.807
171 2020 4 16 0 34.54 21.016
172 2020 4 16 0 36.944 26.1
173 2020 4 16 0 34.508 21.319
174 2020 4 16 0 39.604 25.226
175 2020 4 16 0 39.317 25.537
176 2020 4 16 0 39.806 25.179
177 2020 4 16 0 39.218 25.493
178 2020 4 16 0 39.569 25.185
179 2020 4 16 0 39.768 25.133
180 2020 4 16 0 39.164 25.597
181 2020 4 16 0 39.462 25.432
182 2020 4 16 0 34.867 20.58
183 2020 4 16 0 34.438 21.155
184 2020 4 16 0 34.139 21.277
185 2020 4 16 0 34.496 20.579
186 2020 4 16 0 34.499 20.366
187 2020 4 16 0 34.458 20.561
188 2020 4 16 0 39.154 26.196
189 2020 4 16 0 37.508 26.01
190 2020 4 16 0 38.011 26.098
191 2020 4 16 0 37.648 25.885
192 2020 4 16 0 37.407 25.945
195 2020 4 16 0 31.7 20.395
196 2020 4 16 0 31.762 20.362
197 2020 4 16 0 31.63 20.275
198 2020 4 16 0 31.825 20.295
199 2020 4 16 0 37.463 23.716
200 2020 4 16 0 36.506 23.883
201 2020 4 16 0 36.593 23.892
202 2020 4 16 0 36.579 23.852
203 2020 4 16 0 37.987 23.568
204 2020 4 16 0 39.955 24.886
205 2020 4 16 0 38.84 24.131
206 2020 4 16 0 39.865 24.866
207 2020 4 16 0 39.726 25.021
208 2020 4 16 0 39.434 24.818
209 2020 4 16 0 39.597 24.819
210 2020 4 16 0 39.328 25.485
211 2020 4 16 0 39.332 25.574
212 2020 4 16 0 39.367 25.552
213 2020 4 16 0 39.201 25.567
214 2020 4 16 0 39.236 25.662
215 2020 4 16 0 39.286 25.603
216 2020 4 16 0 37.839 23.567
217 2020 4 16 0 38.842 23.22
218 2020 4 16 0 37.14 23.513
219 2020 4 16 0 37.271 23.789
220 2020 4 16 0 35.67 19.096
221 2020 4 16 0 37.435 23.914
222 2020 4 16 0 37.191 23.373
223 2020 4 16 0 38.947 23.671
224 2020 4 16 0 38.218 23.838
225 2020 4 16 0 38.124 24.007
226 2020 4 16 0 37.956 23.918
227 2020 4 16 0 36.924 23.927
228 2020 4 16 0 35.093 19.19
229 2020 4 16 0 35.142 19.161
230 2020 4 16 0 35.003 19.256
231 2020 4 16 0 35.167 19.193
232 2020 4 16 0 34.925 19.331
233 2020 4 16 0 39.989 25.055
234 2020 4 16 0 39.694 25.056
235 2020 4 16 0 39.701 25.063
236 2020 4 16 0 39.859 25.158
237 2020 4 16 0 39.755 25.088
238 2020 4 16 0 39.829 25.084
239 2020 4 16 0 39.826 23.981
240 2020 4 16 0 38.744 23.916
241 2020 4 16 0 39.398 24.155
242 2020 4 16 0 38.487 23.987
243 2020 4 16 0 38.543 24.06
244 2020 4 16 0 39.174 23.955
245 2020 4 16 0 39.634 23.866
246 2020 4 16 0 39.119 24.118
247 2020 4 16 0 39.772 23.717
248 2020 4 16 0 40.081 23.688
249 2020 4 16 0 39.925 23.648
250 2020 4 16 0 39.845 23.756
251 2020 4 16 0 40.047 23.546
252 2020 4 16 0 39.608 23.78
0 2020 4 16 0 36.656 23.878
