1 2020 2 2 0 28.059 12.121
2 2020 2 2 0 27.997 12.618
3 2020 2 2 0 27.972 12.366
4 2020 2 2 0 28.298 11.657
5 2020 2 2 0 27.98 12.677
6 2020 2 2 0 28.021 13.073
7 2020 2 2 0 27.933 12.933
8 2020 2 2 0 28.371 11.474
9 2020 2 2 0 28.092 12.147
10 2020 2 2 0 28.124 12.077
11 2020 2 2 0 27.504 13.345
12 2020 2 2 0 27.675 13.775
13 2020 2 2 0 27.757 13.759
14 2020 2 2 0 27.965 13.643
15 2020 2 2 0 27.633 13.397
16 2020 2 2 0 27.669 13.305
17 2020 2 2 0 27.813 13.367
18 2020 2 2 0 27.603 13.393
19 2020 2 2 0 25.336 8.0728
20 2020 2 2 0.15069 27.638 9.9232
21 2020 2 2 0 25.432 8.4548
22 2020 2 2 0 25.48 8.1721
23 2020 2 2 0.50219 26.129 8.6759
24 2020 2 2 0.24528 27.099 9.4911
25 2020 2 2 0 25.875 8.5073
26 2020 2 2 0.12951 26.963 9.2776
27 2020 2 2 0.58605 26.719 9.2305
28 2020 2 2 0 26.037 8.7656
29 2020 2 2 0.67242 27.975 10.299
30 2020 2 2 0.15315 27.23 9.9095
31 2020 2 2 0 26.35 9.2543
32 2020 2 2 0.29807 27.939 10.578
33 2020 2 2 0 28.632 15.039
34 2020 2 2 0 28.382 14.829
35 2020 2 2 0 28.923 15.234
36 2020 2 2 0 28.922 15.256
37 2020 2 2 0 28.316 14.292
38 2020 2 2 0 28.709 14.952
39 2020 2 2 0 28.843 14.986
40 2020 2 2 0 28.642 14.873
41 2020 2 2 0 28.978 15.2
42 2020 2 2 0 27.929 13.311
43 2020 2 2 0 28.02 13.755
44 2020 2 2 0 27.96 13.691
45 2020 2 2 0 28.077 13.114
46 2020 2 2 0 27.932 13.523
47 2020 2 2 0 28.263 13.58
48 2020 2 2 0 28.327 13.403
49 2020 2 2 0 28.058 13.215
51 2020 2 2 0 28.015 12.225
52 2020 2 2 0 27.832 12.629
53 2020 2 2 0 28.127 11.978
54 2020 2 2 0 28.06 12.086
55 2020 2 2 0 27.143 12.916
56 2020 2 2 0 27.517 13.184
57 2020 2 2 0 27.474 13.444
58 2020 2 2 0 27.403 12.828
59 2020 2 2 0 27.713 13.446
60 2020 2 2 0 27.113 12.959
61 2020 2 2 0 28.965 13.602
62 2020 2 2 0 29.039 13.055
63 2020 2 2 0 29.132 13.459
64 2020 2 2 0 29.004 13.732
65 2020 2 2 0 29.444 13.362
66 2020 2 2 0 28.44 14.096
67 2020 2 2 0 28.901 13.823
68 2020 2 2 0 29.407 13.48
69 2020 2 2 0 28.978 13.731
70 2020 2 2 0 29.23 13.381
71 2020 2 2 0 26.99 12.426
72 2020 2 2 0 27.05 12.405
73 2020 2 2 0.25731 27.365 12.269
74 2020 2 2 0.29549 27.036 12.362
75 2020 2 2 0 27.103 12.411
76 2020 2 2 0 26.993 12.395
77 2020 2 2 0 26.987 12.451
78 2020 2 2 0 26.981 12.464
79 2020 2 2 0 26.997 12.386
80 2020 2 2 0.10488 27.771 11.323
81 2020 2 2 0 27.872 12.792
82 2020 2 2 0 27.923 13.558
83 2020 2 2 0 27.779 13.12
84 2020 2 2 0 27.707 13.081
85 2020 2 2 0 27.601 13.144
86 2020 2 2 0 27.769 13.137
87 2020 2 2 0 27.757 12.837
88 2020 2 2 0 27.594 13.156
89 2020 2 2 0 27.738 13.408
90 2020 2 2 0 27.698 13.123
91 2020 2 2 0 28.074 11.526
92 2020 2 2 0 28.283 11.149
93 2020 2 2 0 28.291 11.65
94 2020 2 2 0 28.188 11.864
95 2020 2 2 0 26.7 9.9746
96 2020 2 2 0 26.029 9.3992
97 2020 2 2 0 27.232 10.282
98 2020 2 2 0 26.928 10.537
99 2020 2 2 0 27.633 11.548
100 2020 2 2 0 27.555 10.984
102 2020 2 2 0 28.827 14.867
103 2020 2 2 0 28.528 14.416
104 2020 2 2 0 28.561 14.54
105 2020 2 2 0 28.951 14.982
106 2020 2 2 0 28.369 14.22
107 2020 2 2 0 29.283 15.535
109 2020 2 2 0 29.663 15.961
110 2020 2 2 0 29.528 15.771
111 2020 2 2 0 29.45 15.785
112 2020 2 2 0 29.878 16.166
113 2020 2 2 0 27.919 13.81
114 2020 2 2 0 28.076 13.768
115 2020 2 2 0 27.857 13.875
116 2020 2 2 0 27.948 13.941
117 2020 2 2 0 27.918 13.805
118 2020 2 2 0 28.292 13.625
119 2020 2 2 0 28.242 13.732
120 2020 2 2 0 27.232 9.9004
121 2020 2 2 0 27.76 10.519
122 2020 2 2 0 27.593 10.047
123 2020 2 2 0.14948 27.751 10.146
124 2020 2 2 0 27.852 10.409
125 2020 2 2 0 28.165 10.844
126 2020 2 2 0.87963 27.986 10.321
127 2020 2 2 0 26.678 9.1343
128 2020 2 2 0 26.8 9.5375
129 2020 2 2 0 27.813 13.706
130 2020 2 2 0 27.962 14.138
131 2020 2 2 0 27.712 13.778
132 2020 2 2 0 28.605 11.686
133 2020 2 2 0 28.574 13.702
134 2020 2 2 0 28.847 12.173
135 2020 2 2 0 28.167 13.651
136 2020 2 2 0 29.131 11.228
137 2020 2 2 0 28.784 13.086
138 2020 2 2 0 28.923 11.628
139 2020 2 2 0 28.237 12.741
140 2020 2 2 0 27.852 12.94
141 2020 2 2 0 28.035 13.714
142 2020 2 2 0 28.93 11.502
143 2020 2 2 0 27.417 11.76
144 2020 2 2 0 26.477 10.559
145 2020 2 2 0 25.306 8.9363
146 2020 2 2 0 25.011 7.5949
147 2020 2 2 0 27.975 12.368
148 2020 2 2 0 27.871 12.598
149 2020 2 2 0 25.8 9.7505
150 2020 2 2 0 25.403 9.5521
151 2020 2 2 0 28.983 15.314
152 2020 2 2 0 29.261 15.546
153 2020 2 2 0 28.951 15.304
154 2020 2 2 0 29.121 15.371
155 2020 2 2 0 29.414 15.734
156 2020 2 2 0 29.197 15.459
157 2020 2 2 0 29.102 15.338
158 2020 2 2 0 28.922 15.29
159 2020 2 2 0 29.143 15.39
160 2020 2 2 0 29.096 15.291
161 2020 2 2 0 28.354 11.48
162 2020 2 2 0 28.084 12.39
164 2020 2 2 0 28.297 11.672
165 2020 2 2 0 28.141 12.131
166 2020 2 2 0 28.024 12.575
167 2020 2 2 0 28.164 11.968
168 2020 2 2 0 28.288 11.969
169 2020 2 2 0 28.243 11.832
170 2020 2 2 0 28.157 12.112
171 2020 2 2 0 29.596 15.763
172 2020 2 2 0 29.651 15.965
173 2020 2 2 0 29.681 16.051
174 2020 2 2 0 27.879 14
175 2020 2 2 0 28.186 14.201
176 2020 2 2 0 27.85 13.646
177 2020 2 2 0 28.299 14.681
178 2020 2 2 0 28 14.311
179 2020 2 2 0 27.665 13.622
180 2020 2 2 0 28.372 14.466
181 2020 2 2 0 27.93 13.941
182 2020 2 2 0 29.908 16.137
183 2020 2 2 0 29.935 16.283
184 2020 2 2 0 30.196 16.432
185 2020 2 2 0 30.176 16.392
186 2020 2 2 0 30.108 16.357
187 2020 2 2 0 30.243 16.452
188 2020 2 2 0 29.04 15.067
189 2020 2 2 0 29.411 15.728
190 2020 2 2 0 29.285 15.494
191 2020 2 2 0 29.419 15.761
192 2020 2 2 0 29.561 15.956
195 2020 2 2 0 27.365 13.267
196 2020 2 2 0 27.364 13.043
197 2020 2 2 0 27.183 12.893
198 2020 2 2 0 27.202 12.812
199 2020 2 2 0 27.897 12.152
200 2020 2 2 0 27.531 12.405
201 2020 2 2 0 27.636 12.534
202 2020 2 2 0 27.859 12.494
203 2020 2 2 0 28.233 11.858
204 2020 2 2 0 27.878 13.016
205 2020 2 2 0 26.551 10.992
206 2020 2 2 0 27.854 12.735
207 2020 2 2 0 27.845 12.831
208 2020 2 2 0 27.432 12.213
209 2020 2 2 0 27.63 12.328
210 2020 2 2 0 27.926 13.881
211 2020 2 2 0 28.074 14.018
212 2020 2 2 0 27.98 13.958
213 2020 2 2 0 28.257 14.06
214 2020 2 2 0 28.376 14.218
215 2020 2 2 0 28.199 14.099
216 2020 2 2 0 29.13 12.581
217 2020 2 2 0 29.225 11.621
218 2020 2 2 0 28.995 12.988
219 2020 2 2 0 29.166 13.499
220 2020 2 2 0 29.311 14.204
221 2020 2 2 0 29.322 13.937
222 2020 2 2 0 29.038 12.368
223 2020 2 2 0 29.249 12.428
224 2020 2 2 0 29.312 12.953
225 2020 2 2 0 29.334 13.947
226 2020 2 2 0 29.336 13.474
227 2020 2 2 0 29.362 14.133
228 2020 2 2 0 29.503 13.962
229 2020 2 2 0 29.627 13.445
230 2020 2 2 0 29.582 13.442
231 2020 2 2 0 29.36 14.418
232 2020 2 2 0 29.619 13.239
233 2020 2 2 0 28.045 13.506
234 2020 2 2 0 27.932 12.93
235 2020 2 2 0 27.891 12.915
236 2020 2 2 0 28.156 13.478
237 2020 2 2 0 28.133 13.211
238 2020 2 2 0 27.993 13.204
239 2020 2 2 0 28.166 13.074
240 2020 2 2 0 29.139 13.082
241 2020 2 2 0 28.509 13.748
242 2020 2 2 0 29.173 13.497
243 2020 2 2 0 28.993 13.856
244 2020 2 2 0 28.816 13.242
245 2020 2 2 0 28.525 12.913
246 2020 2 2 0 28.651 13.834
247 2020 2 2 0 28.677 12.414
248 2020 2 2 0 28.195 12.265
249 2020 2 2 0 28.512 11.924
250 2020 2 2 0 28.044 12.328
251 2020 2 2 0 28.984 11.873
252 2020 2 2 0 28.229 12.223
0 2020 2 2 1.1387 27.491 11.703
