1 2020 2 7 0 28.817 12.533
2 2020 2 7 0 28.232 11.887
3 2020 2 7 0 28.655 12.565
4 2020 2 7 0 28.752 12.261
5 2020 2 7 0 28.039 11.07
6 2020 2 7 0 28.107 11.224
7 2020 2 7 0 28.249 12.065
8 2020 2 7 0 28.689 12.164
9 2020 2 7 0 28.534 12.163
10 2020 2 7 0 28.262 11.934
11 2020 2 7 0 27.856 12.533
12 2020 2 7 0 27.811 12.384
13 2020 2 7 0 27.887 12.292
14 2020 2 7 0 28.112 12.114
15 2020 2 7 0 27.921 12.362
16 2020 2 7 0 27.989 12.36
17 2020 2 7 0 28.084 12.245
18 2020 2 7 0 28.016 12.792
19 2020 2 7 0 26.126 9.4602
20 2020 2 7 0 28.075 11.418
21 2020 2 7 0 26.368 9.7
22 2020 2 7 0 26.136 9.6687
23 2020 2 7 0 26.682 10.165
24 2020 2 7 0 27.548 10.976
25 2020 2 7 0 26.376 10.081
26 2020 2 7 0 27.42 10.665
27 2020 2 7 0 27.175 10.786
28 2020 2 7 0 26.84 9.9934
29 2020 2 7 0 28.335 11.678
30 2020 2 7 0 27.688 11.419
31 2020 2 7 0 27.307 10.276
32 2020 2 7 0 28.375 11.962
33 2020 2 7 0 28.167 12.307
34 2020 2 7 0 28.031 12.095
35 2020 2 7 0 28.347 12.457
36 2020 2 7 0 28.51 12.266
37 2020 2 7 0 28.2 11.953
38 2020 2 7 0 28.261 12.7
39 2020 2 7 0 28.495 13.015
40 2020 2 7 0 28.406 12.016
41 2020 2 7 0 28.496 12.814
42 2020 2 7 0 28.29 13.365
43 2020 2 7 0 28.468 13.4
44 2020 2 7 0 28.375 13.296
45 2020 2 7 0 28.633 13.675
46 2020 2 7 0 28.31 13.287
47 2020 2 7 0 28.722 13.711
48 2020 2 7 0 28.836 13.848
49 2020 2 7 0 28.483 13.621
51 2020 2 7 0 28.715 12.578
52 2020 2 7 0 28.423 12.761
53 2020 2 7 0 28.87 12.448
54 2020 2 7 0 28.749 12.496
55 2020 2 7 0 26.68 14.14
56 2020 2 7 0 27.256 14.08
57 2020 2 7 0 26.832 14.564
58 2020 2 7 0 27.176 13.748
59 2020 2 7 0 27.207 14.327
60 2020 2 7 0 26.526 14.256
61 2020 2 7 0 28.28 14.572
62 2020 2 7 0 28.334 13.41
63 2020 2 7 0 28.461 14.259
64 2020 2 7 0 28.462 14.471
65 2020 2 7 0 29.091 13.681
66 2020 2 7 0 27.819 15.063
67 2020 2 7 0 28.33 14.632
68 2020 2 7 0 28.978 13.581
69 2020 2 7 0 28.349 14.633
70 2020 2 7 0 28.645 13.278
71 2020 2 7 0 26.723 13.987
72 2020 2 7 0 26.802 13.868
73 2020 2 7 0 27.243 13.143
74 2020 2 7 0 26.788 13.863
75 2020 2 7 0 26.879 13.756
76 2020 2 7 0 26.73 13.96
77 2020 2 7 0 26.717 14.009
78 2020 2 7 0 26.692 14.014
79 2020 2 7 0 26.734 13.952
80 2020 2 7 0 27.687 12.127
81 2020 2 7 0 28.384 12.438
82 2020 2 7 0 28.42 13.421
83 2020 2 7 0 28.325 13.153
84 2020 2 7 0 28.254 12.995
85 2020 2 7 0 28.082 12.796
86 2020 2 7 0 28.15 12.374
87 2020 2 7 0 28.306 12.653
88 2020 2 7 0 28.019 12.587
89 2020 2 7 0 28.211 13.082
90 2020 2 7 0 28.101 12.45
91 2020 2 7 0 28.815 12.238
92 2020 2 7 0 28.827 12.194
93 2020 2 7 0 28.913 12.38
94 2020 2 7 0 28.781 12.318
95 2020 2 7 0 27.679 10.814
96 2020 2 7 0 27.097 10.349
97 2020 2 7 0 28.075 11.161
98 2020 2 7 0 27.835 11.247
99 2020 2 7 0 28.375 12.044
100 2020 2 7 0 28.403 11.688
102 2020 2 7 0 28.526 13.244
103 2020 2 7 0 28.136 13.086
104 2020 2 7 0 28.186 13.006
105 2020 2 7 0 28.616 13.469
106 2020 2 7 0 27.969 12.979
107 2020 2 7 0 28.498 12.713
109 2020 2 7 0 28.603 13.293
110 2020 2 7 0 28.675 12.862
111 2020 2 7 0 28.545 13.095
112 2020 2 7 0 28.729 13.45
113 2020 2 7 0 28.364 13.292
114 2020 2 7 0 28.556 13.609
115 2020 2 7 0 28.189 13.077
116 2020 2 7 0 28.149 13.06
117 2020 2 7 0 28.374 13.338
118 2020 2 7 0 28.783 13.828
119 2020 2 7 0 28.747 13.888
120 2020 2 7 0 27.846 11.032
121 2020 2 7 0 28.335 11.615
122 2020 2 7 0 28.039 11.291
123 2020 2 7 0 28.141 11.308
124 2020 2 7 0 28.244 11.372
125 2020 2 7 0 28.555 11.73
126 2020 2 7 0 28.187 11.363
127 2020 2 7 0 27.258 10.395
128 2020 2 7 0 27.6 10.581
129 2020 2 7 0 27.231 14.871
130 2020 2 7 0 27.354 15.17
131 2020 2 7 0 27.121 14.922
132 2020 2 7 0 28.331 12.358
133 2020 2 7 0 27.92 14.628
134 2020 2 7 0 28.318 12.828
135 2020 2 7 0 27.555 14.45
136 2020 2 7 0 28.786 11.606
137 2020 2 7 0 28.151 13.745
138 2020 2 7 0 28.482 12.47
139 2020 2 7 0 27.837 13.506
140 2020 2 7 0 27.583 13.707
141 2020 2 7 0 27.397 14.693
142 2020 2 7 0 28.75 11.155
143 2020 2 7 0 28.069 12.165
144 2020 2 7 0 27.407 11.246
145 2020 2 7 0 26.447 10.081
146 2020 2 7 0 25.867 9.2232
147 2020 2 7 0 28.519 12.593
148 2020 2 7 0 28.374 12.744
149 2020 2 7 0 26.918 10.625
150 2020 2 7 0 26.735 10.742
151 2020 2 7 0 28.559 12.279
152 2020 2 7 0 28.453 12.967
153 2020 2 7 0 28.595 12.215
154 2020 2 7 0 28.432 12.578
155 2020 2 7 0 28.449 13.152
156 2020 2 7 0 28.541 13.05
157 2020 2 7 0 28.506 12.758
158 2020 2 7 0 28.602 12.19
159 2020 2 7 0 28.426 12.589
160 2020 2 7 0 28.709 13.307
161 2020 2 7 0 28.404 11.786
162 2020 2 7 0 28.059 11.413
164 2020 2 7 0 28.221 11.916
165 2020 2 7 0 28.084 11.73
166 2020 2 7 0 28.037 11.501
167 2020 2 7 0 28.054 11.988
168 2020 2 7 0 28.191 11.618
169 2020 2 7 0 28.125 11.964
170 2020 2 7 0 28.098 11.71
171 2020 2 7 0 28.361 13.509
172 2020 2 7 0 28.388 13.761
173 2020 2 7 0 28.393 13.846
174 2020 2 7 0 27.918 12.579
175 2020 2 7 0 27.97 12.825
176 2020 2 7 0 28.308 13.248
177 2020 2 7 0 27.937 12.406
178 2020 2 7 0 27.882 12.265
179 2020 2 7 0 28.039 12.83
180 2020 2 7 0 27.975 12.738
181 2020 2 7 0 28.057 12.905
182 2020 2 7 0 28.873 13.193
183 2020 2 7 0 28.619 13.81
184 2020 2 7 0 28.579 13.949
185 2020 2 7 0 28.991 13.405
186 2020 2 7 0 28.99 13.281
187 2020 2 7 0 28.987 13.38
188 2020 2 7 0 28.562 13.676
189 2020 2 7 0 28.55 13.699
190 2020 2 7 0 28.543 13.708
191 2020 2 7 0 28.442 13.299
192 2020 2 7 0 28.45 13.667
195 2020 2 7 0 26.727 14.523
196 2020 2 7 0 26.795 14.414
197 2020 2 7 0 26.666 14.294
198 2020 2 7 0 26.751 14.261
199 2020 2 7 0 27.728 12.498
200 2020 2 7 0 27.355 12.941
201 2020 2 7 0 27.45 13.047
202 2020 2 7 0 27.683 13.125
203 2020 2 7 0 28.084 12.242
204 2020 2 7 0 28.426 13.22
205 2020 2 7 0 27.547 11.871
206 2020 2 7 0 28.404 13.039
207 2020 2 7 0 28.486 13.433
208 2020 2 7 0 28.223 13.085
209 2020 2 7 0 28.295 12.938
210 2020 2 7 0 28.164 13.036
211 2020 2 7 0 28.089 13.033
212 2020 2 7 0 28.14 13.057
213 2020 2 7 0 27.976 12.886
214 2020 2 7 0 27.991 13.001
215 2020 2 7 0 28.022 13.002
216 2020 2 7 0 28.486 12.206
217 2020 2 7 0 28.833 11.517
218 2020 2 7 0 28.274 12.607
219 2020 2 7 0 28.555 12.67
220 2020 2 7 0 29.002 12.521
221 2020 2 7 0 28.856 12.671
222 2020 2 7 0 28.391 12.411
223 2020 2 7 0 28.787 11.789
224 2020 2 7 0 28.659 12.39
225 2020 2 7 0 29.017 12.361
226 2020 2 7 0 28.788 12.513
227 2020 2 7 0 28.927 12.991
228 2020 2 7 0 29.211 13.031
229 2020 2 7 0 29.47 12.993
230 2020 2 7 0 29.363 13.109
231 2020 2 7 0 28.96 12.957
232 2020 2 7 0 29.428 13.214
233 2020 2 7 0 28.585 13.669
234 2020 2 7 0 28.571 13.576
235 2020 2 7 0 28.541 13.565
236 2020 2 7 0 28.718 13.864
237 2020 2 7 0 28.71 13.736
238 2020 2 7 0 28.588 13.645
239 2020 2 7 0 28.3 10.583
240 2020 2 7 0 28.769 11.856
241 2020 2 7 0 28.73 10.82
242 2020 2 7 0 28.859 11.994
243 2020 2 7 0 28.917 11.661
244 2020 2 7 0 28.817 11.117
245 2020 2 7 0 28.642 10.638
246 2020 2 7 0 28.885 10.892
247 2020 2 7 0 28.606 10.806
248 2020 2 7 0 28.253 10.351
249 2020 2 7 0 28.452 10.868
250 2020 2 7 0 28.096 10.59
251 2020 2 7 0 28.808 10.876
252 2020 2 7 0.22379 28.211 11.021
0 2020 2 7 0 27.425 12.731
