1 2020 5 14 0 40.166 26.936
2 2020 5 14 0 39.755 26.595
3 2020 5 14 0 40.304 27.089
4 2020 5 14 0 39.732 26.077
5 2020 5 14 0 39.307 26.376
6 2020 5 14 0 39.817 26.628
7 2020 5 14 0 40.295 27.093
8 2020 5 14 0 39.589 25.743
9 2020 5 14 0 39.75 26.418
10 2020 5 14 0 39.352 25.858
11 2020 5 14 0 40.6 27.724
12 2020 5 14 0 40.457 27.607
13 2020 5 14 0 40.477 27.479
14 2020 5 14 0 40.574 27.292
15 2020 5 14 0 40.661 27.575
16 2020 5 14 0 40.73 27.569
17 2020 5 14 0 40.787 27.488
18 2020 5 14 0 40.638 27.96
19 2020 5 14 0 39.728 25.026
20 2020 5 14 0 38.824 25.433
21 2020 5 14 0 39.607 24.718
22 2020 5 14 0 39.356 24.921
23 2020 5 14 0 38.573 24.424
24 2020 5 14 0 38.602 24.891
25 2020 5 14 0 38.819 24.663
26 2020 5 14 0 38.349 24.531
27 2020 5 14 0 38.519 24.668
28 2020 5 14 0 39.345 24.781
29 2020 5 14 0 38.912 25.809
30 2020 5 14 0 39.155 25.367
31 2020 5 14 0 39.474 24.763
32 2020 5 14 0 39.525 25.989
33 2020 5 14 0 39.948 27.388
34 2020 5 14 0 40.037 27.175
35 2020 5 14 0 39.805 27.481
36 2020 5 14 0 39.431 27.239
37 2020 5 14 0 40.195 26.972
38 2020 5 14 0 40.253 27.894
39 2020 5 14 0 40.179 28.158
40 2020 5 14 0 39.637 26.984
41 2020 5 14 0 39.895 27.839
42 2020 5 14 0 40.671 27.88
43 2020 5 14 0 40.755 28.943
44 2020 5 14 0 40.675 28.739
45 2020 5 14 0 40.818 28.004
46 2020 5 14 0 40.604 28.308
47 2020 5 14 0 40.752 28.814
48 2020 5 14 0 40.78 28.617
49 2020 5 14 0 40.777 27.913
51 2020 5 14 0 40.308 26.927
52 2020 5 14 0 40.589 27.167
53 2020 5 14 0 40.083 26.754
54 2020 5 14 0 40.325 26.719
55 2020 5 14 0 35.071 26.131
56 2020 5 14 0 35.955 25.974
57 2020 5 14 0 34.623 26.159
58 2020 5 14 0 36.144 25.998
59 2020 5 14 0 35.103 26.04
60 2020 5 14 0 34.626 26.19
61 2020 5 14 0 33.288 20.379
62 2020 5 14 0.25422 35.432 25.912
63 2020 5 14 0 34.932 26.103
64 2020 5 14 0 33.684 20.256
65 2020 5 14 0 34.462 19.683
66 2020 5 14 0 32.942 20.678
67 2020 5 14 0 33.525 20.37
68 2020 5 14 0 34.471 19.63
69 2020 5 14 0 33.508 20.386
70 2020 5 14 0 34.34 19.494
71 2020 5 14 0 32.044 20.16
72 2020 5 14 0 35.672 26.29
73 2020 5 14 0 36.646 26.01
74 2020 5 14 0 35.615 26.306
75 2020 5 14 0 35.832 26.249
76 2020 5 14 0 35.485 26.342
77 2020 5 14 0 32.019 20.175
78 2020 5 14 0 31.944 20.159
79 2020 5 14 0 35.49 26.34
80 2020 5 14 0 37.276 25.737
81 2020 5 14 0 40.517 27.291
82 2020 5 14 0 40.677 28.321
83 2020 5 14 0 40.708 27.714
84 2020 5 14 0 40.639 27.707
85 2020 5 14 0 40.633 27.673
86 2020 5 14 0 40.689 27.467
87 2020 5 14 0 40.522 27.412
88 2020 5 14 0 40.612 27.586
89 2020 5 14 0 40.664 28.072
90 2020 5 14 0 40.636 27.501
91 2020 5 14 0 39.922 26.399
92 2020 5 14 0 39.74 25.86
93 2020 5 14 0 39.907 26.347
94 2020 5 14 0 39.847 26.431
95 2020 5 14 0 39.665 25.101
96 2020 5 14 0 39.576 24.673
97 2020 5 14 0 39.53 25.387
98 2020 5 14 0 39.889 25.473
99 2020 5 14 0 40.23 26.22
100 2020 5 14 0 39.845 25.983
102 2020 5 14 0 40.375 28.4
103 2020 5 14 0 41.227 28.662
104 2020 5 14 0 40.983 28.513
105 2020 5 14 0 40.182 28.394
106 2020 5 14 0 41.547 28.763
107 2020 5 14 0 35.787 20.717
109 2020 5 14 0 35.057 20.918
110 2020 5 14 0 35.421 20.599
111 2020 5 14 0 39.672 27.441
112 2020 5 14 0 34.752 20.876
113 2020 5 14 0 40.749 28.939
114 2020 5 14 0 40.713 28.769
115 2020 5 14 0 40.851 28.933
116 2020 5 14 0 40.989 28.93
117 2020 5 14 0 40.729 28.845
118 2020 5 14 0 40.742 28.807
119 2020 5 14 0 40.701 28.71
120 2020 5 14 0 38.995 24.913
121 2020 5 14 0 39.357 25.382
122 2020 5 14 0 38.913 24.949
123 2020 5 14 0 38.78 25.346
124 2020 5 14 0 38.994 25.287
125 2020 5 14 0 39.34 25.468
126 2020 5 14 0 38.394 25.545
127 2020 5 14 0 38.477 24.309
128 2020 5 14 0 39.095 24.724
129 2020 5 14 0 32.38 20.597
130 2020 5 14 0 32.47 20.759
131 2020 5 14 0 32.255 20.626
132 2020 5 14 0 37.751 25.394
133 2020 5 14 0 32.786 20.44
134 2020 5 14 0.91226 36.427 25.571
135 2020 5 14 0 35.112 25.971
136 2020 5 14 0.46188 38.204 25.227
137 2020 5 14 0.19996 35.383 25.913
138 2020 5 14 0.18923 37.049 25.401
139 2020 5 14 0 36.265 25.73
140 2020 5 14 0 36.438 25.811
141 2020 5 14 0 32.249 20.493
142 2020 5 14 0 39.302 25.223
143 2020 5 14 0 40.573 26.112
144 2020 5 14 0 40.07 25.295
145 2020 5 14 0 39.595 24.508
146 2020 5 14 0 39.557 24.614
147 2020 5 14 0 40.669 26.674
148 2020 5 14 0 40.812 26.847
149 2020 5 14 0 39.747 24.733
150 2020 5 14 0 39.704 24.62
151 2020 5 14 0 39.357 27.232
152 2020 5 14 0 39.355 27.649
153 2020 5 14 0 39.248 27.158
154 2020 5 14 0 39.714 27.535
155 2020 5 14 0 39.245 27.618
156 2020 5 14 0 39.443 27.79
157 2020 5 14 0 39.719 27.7
158 2020 5 14 0 39.214 27.136
159 2020 5 14 0 39.706 27.529
160 2020 5 14 0 39.61 28.106
161 2020 5 14 0 39.087 25.443
162 2020 5 14 0 39.162 25.92
164 2020 5 14 0 38.752 25.369
165 2020 5 14 0 39.054 25.644
166 2020 5 14 0 39.182 26.174
167 2020 5 14 0 38.697 25.454
168 2020 5 14 0 39.128 25.473
169 2020 5 14 0 38.706 25.404
170 2020 5 14 0 39.033 25.65
171 2020 5 14 1.512 34.54 21.016
172 2020 5 14 0.75534 38.268 27.828
173 2020 5 14 0.58012 34.508 21.319
174 2020 5 14 0 40.648 28.014
175 2020 5 14 0 41.149 28.512
176 2020 5 14 0 40.689 28.484
177 2020 5 14 0 40.454 27.703
178 2020 5 14 0 40.314 27.461
179 2020 5 14 0 40.676 28.351
180 2020 5 14 0 41.039 28.296
181 2020 5 14 0 40.929 28.639
182 2020 5 14 0 34.867 20.58
183 2020 5 14 0.26978 34.438 21.155
184 2020 5 14 0.3981 34.139 21.277
185 2020 5 14 0 34.496 20.579
186 2020 5 14 0 34.499 20.366
187 2020 5 14 0 34.458 20.561
188 2020 5 14 0 40.399 28.726
189 2020 5 14 0 38.891 27.976
190 2020 5 14 0 39.267 28.128
191 2020 5 14 0 38.968 27.7
192 2020 5 14 0 38.767 27.787
195 2020 5 14 0 31.7 20.395
196 2020 5 14 0 31.762 20.362
197 2020 5 14 0 31.63 20.275
198 2020 5 14 0 31.825 20.295
199 2020 5 14 0 37.732 25.486
200 2020 5 14 0 36.944 25.753
201 2020 5 14 0 37.078 25.708
202 2020 5 14 0 37.223 25.679
203 2020 5 14 0 38.292 25.407
204 2020 5 14 0 40.766 27.525
205 2020 5 14 0 40.282 25.661
206 2020 5 14 0 40.835 27.095
207 2020 5 14 0 40.839 27.364
208 2020 5 14 0 40.755 26.772
209 2020 5 14 0 40.816 26.712
210 2020 5 14 0 40.878 28.876
211 2020 5 14 0 41.175 28.882
212 2020 5 14 0 41.028 28.917
213 2020 5 14 0 41.42 28.758
214 2020 5 14 0 41.527 28.767
215 2020 5 14 0 41.367 28.836
216 2020 5 14 0.4392 36.659 25.658
217 2020 5 14 0.45003 38.214 25.304
218 2020 5 14 0.2386 35.906 25.723
219 2020 5 14 0 35.977 25.858
220 2020 5 14 0 35.67 19.096
221 2020 5 14 0 36.266 25.905
222 2020 5 14 2.0088 36.28 25.633
223 2020 5 14 0 37.92 25.551
224 2020 5 14 0 36.901 25.768
225 2020 5 14 0 37.068 25.857
226 2020 5 14 0 36.719 25.845
227 2020 5 14 0 35.768 25.977
228 2020 5 14 0 35.093 19.19
229 2020 5 14 0 35.142 19.161
230 2020 5 14 0 35.003 19.256
231 2020 5 14 0 35.167 19.193
232 2020 5 14 0 34.925 19.331
233 2020 5 14 0 40.688 28.233
234 2020 5 14 0 40.84 27.645
235 2020 5 14 0 40.835 27.553
236 2020 5 14 0 40.732 28.288
237 2020 5 14 0 40.8 28.154
238 2020 5 14 0 40.768 27.851
239 2020 5 14 0 39.383 26.133
240 2020 5 14 0 37.647 25.723
241 2020 5 14 0 39.079 25.968
242 2020 5 14 0 37.399 25.782
243 2020 5 14 0 37.559 25.792
244 2020 5 14 0 38.371 25.645
245 2020 5 14 0 38.961 25.692
246 2020 5 14 0 38.516 25.756
247 2020 5 14 0 39.008 25.651
248 2020 5 14 0 39.41 25.891
249 2020 5 14 0 39.532 25.551
250 2020 5 14 0 39.368 26.07
251 2020 5 14 0 39.35 25.381
252 2020 5 14 0 39.342 25.842
0 2020 5 14 0 37.225 25.865
