1 2020 3 24 0 36.616 23.847
2 2020 3 24 0 36.466 23.175
3 2020 3 24 0 36.705 23.898
4 2020 3 24 0 36.292 23.176
5 2020 3 24 0.10838 36.406 22.64
6 2020 3 24 0.29739 36.947 22.94
7 2020 3 24 0 36.915 23.583
8 2020 3 24 0 36.156 22.906
9 2020 3 24 0 36.352 23.276
10 2020 3 24 0 36.02 22.729
11 2020 3 24 0 36.763 23.857
12 2020 3 24 0 36.959 23.69
13 2020 3 24 0 37.08 23.697
14 2020 3 24 0 37.338 23.687
15 2020 3 24 0 36.988 23.832
16 2020 3 24 0 37.054 23.874
17 2020 3 24 0 37.276 23.852
18 2020 3 24 0 36.828 23.938
19 2020 3 24 0 33.93 21.674
20 2020 3 24 0 35.2 22.566
21 2020 3 24 0 34.292 21.718
22 2020 3 24 0 33.728 21.632
23 2020 3 24 0 33.933 21.501
24 2020 3 24 0 34.69 22.093
25 2020 3 24 0 33.603 21.568
26 2020 3 24 0 34.613 21.818
27 2020 3 24 0 34.268 21.843
28 2020 3 24 0 34.326 21.673
29 2020 3 24 0 35.381 22.745
30 2020 3 24 0 34.852 22.538
31 2020 3 24 0 34.772 21.782
32 2020 3 24 0 35.563 23.115
33 2020 3 24 0 37.541 23.447
34 2020 3 24 0.15543 37.615 23.384
35 2020 3 24 0 37.521 23.53
36 2020 3 24 0 37.371 23.497
37 2020 3 24 0.45648 37.561 23.431
38 2020 3 24 0 37.335 23.417
39 2020 3 24 0 37.152 23.442
40 2020 3 24 0.56823 37.449 23.404
41 2020 3 24 0 37.345 23.53
42 2020 3 24 0 36.91 23.205
43 2020 3 24 0 37.163 23.876
44 2020 3 24 0 37.081 23.671
45 2020 3 24 0 36.999 23.868
46 2020 3 24 0 36.963 23.412
47 2020 3 24 0 37.159 23.943
48 2020 3 24 0 37.134 24.042
49 2020 3 24 0 36.976 23.456
51 2020 3 24 0 36.659 23.87
52 2020 3 24 0 36.753 24.014
53 2020 3 24 0 36.568 23.736
54 2020 3 24 0 36.646 23.785
55 2020 3 24 0 32.187 22.376
56 2020 3 24 0 33.036 22.265
57 2020 3 24 0 32.713 22.387
58 2020 3 24 0 33.088 22.41
59 2020 3 24 0 32.962 22.168
60 2020 3 24 0 32.192 22.453
61 2020 3 24 0 33.98 21.917
62 2020 3 24 0 34.555 21.709
63 2020 3 24 0 34.23 21.836
64 2020 3 24 0 34.228 21.976
65 2020 3 24 0 34.814 21.731
66 2020 3 24 0 33.678 22.259
67 2020 3 24 0 34.104 22.034
68 2020 3 24 0 34.798 21.804
69 2020 3 24 0 34.099 21.981
70 2020 3 24 0.4171 34.747 21.837
71 2020 3 24 0 32.537 22.742
72 2020 3 24 0 32.69 22.732
73 2020 3 24 0 33.511 22.654
74 2020 3 24 0.12724 32.664 22.731
75 2020 3 24 0 32.838 22.73
76 2020 3 24 0 32.555 22.737
77 2020 3 24 0 32.521 22.744
78 2020 3 24 0 32.465 22.724
79 2020 3 24 0 32.558 22.737
80 2020 3 24 0 34.176 22.136
81 2020 3 24 0 36.924 23.884
82 2020 3 24 0 36.976 24.179
83 2020 3 24 0 36.853 24.204
84 2020 3 24 0 36.809 24.163
85 2020 3 24 0 36.78 24.063
86 2020 3 24 0 37.071 23.889
87 2020 3 24 0 36.791 23.991
88 2020 3 24 0 36.804 23.95
89 2020 3 24 0 36.887 24.08
90 2020 3 24 0 36.94 23.899
91 2020 3 24 0 36.357 23.453
92 2020 3 24 0 36.214 23.115
93 2020 3 24 0 36.437 23.45
94 2020 3 24 0 36.4 23.431
95 2020 3 24 0 35.264 22.23
96 2020 3 24 0 34.854 21.932
97 2020 3 24 0 35.479 22.444
98 2020 3 24 0 35.62 22.665
99 2020 3 24 0 36.29 23.374
100 2020 3 24 0 35.956 23.011
102 2020 3 24 0 37.012 23.428
103 2020 3 24 0 36.991 23.212
104 2020 3 24 0 37.046 23.251
105 2020 3 24 0 36.93 23.542
106 2020 3 24 0 36.996 23.13
107 2020 3 24 0 37.171 23.531
109 2020 3 24 0 36.235 23.511
110 2020 3 24 0 36.561 23.402
111 2020 3 24 0 36.533 23.554
112 2020 3 24 0 35.762 23.423
113 2020 3 24 0 37.148 23.849
114 2020 3 24 0 37.113 24.093
115 2020 3 24 0 37.122 23.679
116 2020 3 24 0 37.108 23.563
117 2020 3 24 0 37.118 23.927
118 2020 3 24 0 37.156 24.123
119 2020 3 24 0 37.114 24.25
120 2020 3 24 0 35.167 22.162
121 2020 3 24 0 35.687 22.639
122 2020 3 24 0 35.304 22.285
123 2020 3 24 0 35.309 22.472
124 2020 3 24 0 35.496 22.501
125 2020 3 24 0 35.86 22.72
126 2020 3 24 0 35.13 22.233
127 2020 3 24 0 34.522 21.595
128 2020 3 24 0 34.916 21.855
129 2020 3 24 0 33.161 22.49
130 2020 3 24 0 33.295 22.445
131 2020 3 24 0 33.079 22.502
132 2020 3 24 0 35.219 21.319
133 2020 3 24 0 33.661 22.036
134 2020 3 24 0 35.031 21.183
135 2020 3 24 0 33.324 22.048
136 2020 3 24 0 36.427 20.898
137 2020 3 24 0 34.264 21.674
138 2020 3 24 0 35.428 20.897
139 2020 3 24 0 34.091 21.691
140 2020 3 24 0 33.631 22.028
141 2020 3 24 0 33.223 22.229
142 2020 3 24 0 37.006 21.464
143 2020 3 24 0 36.367 23.41
144 2020 3 24 0 35.566 22.699
145 2020 3 24 0 34.545 21.885
146 2020 3 24 0 33.928 21.45
147 2020 3 24 0 36.764 23.833
148 2020 3 24 0 36.813 23.913
149 2020 3 24 0 35.023 22.228
150 2020 3 24 0 34.787 22.102
151 2020 3 24 0 37.349 23.496
152 2020 3 24 0 37.086 23.619
153 2020 3 24 0 37.293 23.476
154 2020 3 24 0 37.495 23.576
155 2020 3 24 0 36.756 23.627
156 2020 3 24 0 37.068 23.604
157 2020 3 24 0 37.383 23.578
158 2020 3 24 0 37.269 23.474
159 2020 3 24 0 37.495 23.576
160 2020 3 24 0 36.948 23.574
161 2020 3 24 0 35.849 22.178
162 2020 3 24 0 36.106 22.456
164 2020 3 24 0 35.343 21.917
165 2020 3 24 0 35.773 22.298
166 2020 3 24 0 36.072 22.656
167 2020 3 24 0 35.326 22.071
168 2020 3 24 0 36.02 22.106
169 2020 3 24 0 35.308 21.948
170 2020 3 24 0 35.754 22.266
171 2020 3 24 0 35.762 23.228
172 2020 3 24 0 35.795 23.517
173 2020 3 24 0 35.778 23.601
174 2020 3 24 0 37.085 23.569
175 2020 3 24 0 37.104 23.308
176 2020 3 24 0 37.008 24.013
177 2020 3 24 0 37.405 23.349
178 2020 3 24 0 37.302 23.52
179 2020 3 24 0 36.949 23.798
180 2020 3 24 0 37.179 23.224
181 2020 3 24 0 37.072 23.552
182 2020 3 24 0 35.722 23.269
183 2020 3 24 0 35.474 23.51
184 2020 3 24 0 34.884 23.281
185 2020 3 24 0 35.145 23.179
186 2020 3 24 0 34.91 23.106
187 2020 3 24 0 35.006 23.152
188 2020 3 24 0 36.905 23.508
189 2020 3 24 0 36.324 23.676
190 2020 3 24 0 36.449 23.65
191 2020 3 24 0 36.651 23.664
192 2020 3 24 0 36.2 23.709
195 2020 3 24 0 32.593 22.514
196 2020 3 24 0 32.549 22.647
197 2020 3 24 0 32.389 22.622
198 2020 3 24 0 32.506 22.696
199 2020 3 24 0 34.371 22.077
200 2020 3 24 0 33.701 22.393
201 2020 3 24 0 33.808 22.304
202 2020 3 24 0 34.007 22.077
203 2020 3 24 0 34.933 21.832
204 2020 3 24 0 36.875 24.106
205 2020 3 24 0 35.759 22.93
206 2020 3 24 0 36.837 23.954
207 2020 3 24 0 36.851 23.967
208 2020 3 24 0 36.552 23.632
209 2020 3 24 0 36.664 23.712
210 2020 3 24 0 37.089 23.533
211 2020 3 24 0 37.075 23.424
212 2020 3 24 0 37.103 23.527
213 2020 3 24 0 37.021 23.123
214 2020 3 24 0 37.001 23.14
215 2020 3 24 0 37.037 23.287
216 2020 3 24 0 35.635 21.695
217 2020 3 24 0 36.699 21.191
218 2020 3 24 0.672 34.839 21.77
219 2020 3 24 2.4169 35.104 22.004
220 2020 3 24 0 35.709 22.297
221 2020 3 24 0.40186 35.532 22.209
222 2020 3 24 0 35.231 21.4
223 2020 3 24 0.17634 36.612 21.823
224 2020 3 24 0 35.998 22.063
225 2020 3 24 0 36.05 22.278
226 2020 3 24 0 35.87 22.179
227 2020 3 24 0.93734 35.048 22.139
228 2020 3 24 0 35.128 22.004
229 2020 3 24 0 35.271 21.742
230 2020 3 24 0 35.181 21.751
231 2020 3 24 0 35.13 22.27
232 2020 3 24 0 35.161 21.646
233 2020 3 24 0 36.984 24.301
234 2020 3 24 0 36.909 23.962
235 2020 3 24 0 36.883 23.979
236 2020 3 24 0 37.028 24.229
237 2020 3 24 0 37.022 24.05
238 2020 3 24 0 36.937 24.138
239 2020 3 24 0.57245 36.963 22.454
240 2020 3 24 0.32337 36.397 22.163
241 2020 3 24 0.10023 36.978 22.57
242 2020 3 24 0 36.23 22.241
243 2020 3 24 0 36.185 22.289
244 2020 3 24 0.35648 36.653 22.203
245 2020 3 24 0.98698 36.873 22.147
246 2020 3 24 0 36.633 22.39
247 2020 3 24 1.9803 36.998 21.96
248 2020 3 24 0.90084 36.973 22.035
249 2020 3 24 0 36.968 21.925
250 2020 3 24 0.37095 36.682 22.238
251 2020 3 24 0.40412 37.367 21.678
252 2020 3 24 0 36.555 22.225
0 2020 3 24 0.30589 33.804 22.514
