1 2020 5 24 0 42.231 27.173
2 2020 5 24 0 41.192 26.48
3 2020 5 24 0 42.342 27.235
4 2020 5 24 0 41.193 26.543
5 2020 5 24 0 40.629 26.123
6 2020 5 24 0 41.092 26.288
7 2020 5 24 0 41.846 26.753
8 2020 5 24 0 40.793 26.334
9 2020 5 24 0 41.313 26.597
10 2020 5 24 0 40.476 26.142
11 2020 5 24 0 42.408 27.442
12 2020 5 24 0 42.178 27.286
13 2020 5 24 0 42.128 27.136
14 2020 5 24 0 42.033 26.847
15 2020 5 24 0 42.314 27.176
16 2020 5 24 0 42.359 27.125
17 2020 5 24 0 42.288 26.93
18 2020 5 24 0 42.559 27.671
19 2020 5 24 0 41.865 26.308
20 2020 5 24 0 39.975 26.344
21 2020 5 24 0 41.628 26.094
22 2020 5 24 0 41.563 26.269
23 2020 5 24 0 40.691 25.657
24 2020 5 24 0 40.19 25.969
25 2020 5 24 0 41.206 26.176
26 2020 5 24 0 39.735 25.479
27 2020 5 24 0 40.551 25.941
28 2020 5 24 0 41.541 25.761
29 2020 5 24 0 39.907 26.734
30 2020 5 24 0 41.225 26.688
31 2020 5 24 0 41.743 25.558
32 2020 5 24 0 41.125 27.15
33 2020 5 24 0 41.406 26.973
34 2020 5 24 0 41.586 26.863
35 2020 5 24 0 41.128 26.986
36 2020 5 24 0 41.027 26.826
37 2020 5 24 0 41.625 26.718
38 2020 5 24 0 41.542 27.397
39 2020 5 24 0 41.36 27.656
40 2020 5 24 0 41.258 26.705
41 2020 5 24 0 41.084 27.331
42 2020 5 24 0 42.586 27.919
43 2020 5 24 0 42.64 28.227
44 2020 5 24 0 42.518 28.102
45 2020 5 24 0 42.992 27.974
46 2020 5 24 0 42.462 27.946
47 2020 5 24 0 42.737 28.224
48 2020 5 24 0 42.88 28.168
49 2020 5 24 0 42.805 28.039
51 2020 5 24 0 42.444 27.27
52 2020 5 24 0 42.848 27.555
53 2020 5 24 0 42.089 27.048
54 2020 5 24 0 42.486 27.203
55 2020 5 24 0 35.384 26.868
56 2020 5 24 0 36.627 26.711
57 2020 5 24 0 35.105 26.856
58 2020 5 24 0 36.661 26.777
59 2020 5 24 0 35.914 26.745
60 2020 5 24 0 34.898 26.905
61 2020 5 24 0 33.288 20.379
62 2020 5 24 0 35.644 26.332
63 2020 5 24 0 35.156 26.691
64 2020 5 24 0 33.684 20.256
65 2020 5 24 0 34.462 19.683
66 2020 5 24 0 32.942 20.678
67 2020 5 24 0 33.525 20.37
68 2020 5 24 0 34.471 19.63
69 2020 5 24 0 33.508 20.386
70 2020 5 24 0 34.34 19.494
71 2020 5 24 0 32.044 20.16
72 2020 5 24 0 35.654 27.082
73 2020 5 24 0 37.063 26.867
74 2020 5 24 0 35.556 27.094
75 2020 5 24 0 35.894 27.053
76 2020 5 24 0 35.367 27.124
77 2020 5 24 0 32.019 20.175
78 2020 5 24 0 31.944 20.159
79 2020 5 24 0 35.376 27.121
80 2020 5 24 0 37.736 26.608
81 2020 5 24 0 42.326 27.123
82 2020 5 24 0 42.828 27.986
83 2020 5 24 0 43.012 27.836
84 2020 5 24 0 42.852 27.754
85 2020 5 24 0 42.711 27.633
86 2020 5 24 0 42.356 27.089
87 2020 5 24 0 42.543 27.414
88 2020 5 24 0 42.516 27.425
89 2020 5 24 0 42.736 27.83
90 2020 5 24 0 42.396 27.217
91 2020 5 24 0 41.84 26.784
92 2020 5 24 0 41.269 26.504
93 2020 5 24 0 41.61 26.781
94 2020 5 24 0 41.558 26.754
95 2020 5 24 0 41.904 25.848
96 2020 5 24 0 41.711 25.758
97 2020 5 24 0 41.651 25.919
98 2020 5 24 0 42.073 26.289
99 2020 5 24 0 42.425 26.901
100 2020 5 24 0 41.985 26.431
102 2020 5 24 0 41.575 27.949
103 2020 5 24 0 42.448 28.091
104 2020 5 24 0 42.19 27.937
105 2020 5 24 0 41.46 28.098
106 2020 5 24 0 42.77 28.108
107 2020 5 24 0 35.787 20.717
109 2020 5 24 0 35.057 20.918
110 2020 5 24 0 35.421 20.599
111 2020 5 24 0 40.964 26.928
112 2020 5 24 0 34.752 20.876
113 2020 5 24 0 42.611 28.211
114 2020 5 24 0 42.769 28.173
115 2020 5 24 0 42.566 28.18
116 2020 5 24 0 42.611 28.184
117 2020 5 24 0 42.649 28.17
118 2020 5 24 0 42.826 28.219
119 2020 5 24 0 42.885 28.181
120 2020 5 24 0 40.723 25.667
121 2020 5 24 0 40.978 26.086
122 2020 5 24 0 40.231 25.805
123 2020 5 24 0 39.573 26.153
124 2020 5 24 0 39.816 26.081
125 2020 5 24 0 40.253 26.227
126 2020 5 24 0 38.953 26.363
127 2020 5 24 0 40.2 25.199
128 2020 5 24 0 41.163 25.408
129 2020 5 24 0 32.38 20.597
130 2020 5 24 0 32.47 20.759
131 2020 5 24 0 32.255 20.626
132 2020 5 24 0 38.415 26.128
133 2020 5 24 0 32.786 20.44
134 2020 5 24 0 36.99 26.182
135 2020 5 24 0 35.968 26.641
136 2020 5 24 0 38.81 25.775
137 2020 5 24 0 35.876 26.496
138 2020 5 24 0 37.595 26.102
139 2020 5 24 0 37.093 26.445
140 2020 5 24 0 37.226 26.539
141 2020 5 24 0 32.249 20.493
142 2020 5 24 0 40.31 25.554
143 2020 5 24 0 42.87 27.142
144 2020 5 24 0 42.187 26.527
145 2020 5 24 0 41.489 26.072
146 2020 5 24 0 41.44 26.274
147 2020 5 24 0 42.982 27.419
148 2020 5 24 0 43.187 27.573
149 2020 5 24 0 41.733 26.138
150 2020 5 24 0 41.627 26.13
151 2020 5 24 0 40.962 26.82
152 2020 5 24 0 40.451 27.257
153 2020 5 24 0 40.957 26.782
154 2020 5 24 0 40.918 27.007
155 2020 5 24 0 40.325 27.261
156 2020 5 24 0 40.546 27.386
157 2020 5 24 0 40.887 27.189
158 2020 5 24 0 40.971 26.769
159 2020 5 24 0 40.889 27.006
160 2020 5 24 0 40.736 27.733
161 2020 5 24 0 39.936 26.032
162 2020 5 24 0 40.279 25.948
164 2020 5 24 0 39.563 26.054
165 2020 5 24 0 39.983 25.948
166 2020 5 24 0 40.418 26.121
167 2020 5 24 0 39.533 26.003
168 2020 5 24 0 40.02 25.798
169 2020 5 24 0 39.532 26.02
170 2020 5 24 0 39.976 25.963
171 2020 5 24 0 34.54 21.016
172 2020 5 24 0 39.181 27.842
173 2020 5 24 0 34.508 21.319
174 2020 5 24 0 42.288 27.55
175 2020 5 24 0 42.563 27.901
176 2020 5 24 0 42.682 27.997
177 2020 5 24 0 41.961 27.279
178 2020 5 24 0 41.959 27.124
179 2020 5 24 0 42.465 27.82
180 2020 5 24 0 42.37 27.741
181 2020 5 24 0 42.533 27.987
182 2020 5 24 0 34.867 20.58
183 2020 5 24 0 34.438 21.155
184 2020 5 24 0 34.139 21.277
185 2020 5 24 0 34.496 20.579
186 2020 5 24 0 34.499 20.366
187 2020 5 24 0 34.458 20.561
188 2020 5 24 0 41.892 28.286
189 2020 5 24 0 39.908 27.829
190 2020 5 24 0 40.382 27.991
191 2020 5 24 0 39.997 27.445
192 2020 5 24 0 39.758 27.611
195 2020 5 24 0 31.7 20.395
196 2020 5 24 0 31.762 20.362
197 2020 5 24 0 31.63 20.275
198 2020 5 24 0 31.825 20.295
199 2020 5 24 0.16499 38.551 26.238
200 2020 5 24 0.12778 37.634 26.562
201 2020 5 24 0.117 37.825 26.492
202 2020 5 24 0 37.972 26.438
203 2020 5 24 0 39.097 26.146
204 2020 5 24 0 43.114 27.782
205 2020 5 24 0 42.45 26.783
206 2020 5 24 0 43.22 27.641
207 2020 5 24 0 43.229 27.677
208 2020 5 24 0 43.123 27.377
209 2020 5 24 0 43.203 27.434
210 2020 5 24 0 42.531 28.114
211 2020 5 24 0 42.676 28.163
212 2020 5 24 0 42.626 28.179
213 2020 5 24 0 42.725 28.058
214 2020 5 24 0 42.768 28.124
215 2020 5 24 0 42.74 28.141
216 2020 5 24 0 37.017 25.86
217 2020 5 24 0 38.914 25.666
218 2020 5 24 0 36.107 25.913
219 2020 5 24 0 36.619 25.964
220 2020 5 24 0 35.67 19.096
221 2020 5 24 0 37.32 25.987
222 2020 5 24 0 36.557 25.965
223 2020 5 24 0 38.626 25.742
224 2020 5 24 0 37.311 25.934
225 2020 5 24 0 38.399 25.903
226 2020 5 24 0 37.502 25.954
227 2020 5 24 0 36.957 26.06
228 2020 5 24 0 35.093 19.19
229 2020 5 24 0 35.142 19.161
230 2020 5 24 0 35.003 19.256
231 2020 5 24 0 35.167 19.193
232 2020 5 24 0 34.925 19.331
233 2020 5 24 0 42.988 28.012
234 2020 5 24 0 43.166 27.771
235 2020 5 24 0 43.197 27.734
236 2020 5 24 0 43.03 28.025
237 2020 5 24 0 43.032 27.973
238 2020 5 24 0 43.121 27.863
239 2020 5 24 0 40.783 25.916
240 2020 5 24 0 38.513 25.856
241 2020 5 24 0 41.01 25.916
242 2020 5 24 0 38.47 25.886
243 2020 5 24 0 38.999 25.854
244 2020 5 24 0 39.82 25.736
245 2020 5 24 0 40.465 25.678
246 2020 5 24 0 40.417 25.799
247 2020 5 24 0 40.186 25.643
248 2020 5 24 0 40.567 25.689
249 2020 5 24 0 40.66 25.606
250 2020 5 24 0 40.534 25.843
251 2020 5 24 0 40.475 25.49
252 2020 5 24 0 40.49 25.811
0 2020 5 24 0.50762 37.534 26.764
