1 2020 4 7 0 38.636 22.8
2 2020 4 7 0 37.885 22.366
3 2020 4 7 0 38.712 23.081
4 2020 4 7 0 38.025 21.9
5 2020 4 7 0 37.49 22.052
6 2020 4 7 0 37.794 22.729
7 2020 4 7 0 38.379 23.118
8 2020 4 7 0 37.814 21.609
9 2020 4 7 0 37.99 22.116
10 2020 4 7 0 37.423 21.492
11 2020 4 7 0 38.556 23.844
12 2020 4 7 0 38.113 23.708
13 2020 4 7 0 38.154 23.692
14 2020 4 7 0 38.32 23.667
15 2020 4 7 0 38.553 23.792
16 2020 4 7 0 38.674 23.801
17 2020 4 7 0 38.691 23.786
18 2020 4 7 0 38.664 24.009
19 2020 4 7 0 37.61 21.842
20 2020 4 7 0 36.977 21.104
21 2020 4 7 0 37.633 21.872
22 2020 4 7 0 37.365 21.707
23 2020 4 7 0 36.836 21.083
24 2020 4 7 0 36.877 21.056
25 2020 4 7 0 37.102 21.502
26 2020 4 7 0 36.549 20.701
27 2020 4 7 0 36.92 21.16
28 2020 4 7 0 37.381 21.369
29 2020 4 7 0 37.08 21.187
30 2020 4 7 0 37.605 21.757
31 2020 4 7 0 37.553 21.331
32 2020 4 7 0 37.871 21.935
33 2020 4 7 0 36.873 23.632
34 2020 4 7 0 37.099 23.459
35 2020 4 7 0 36.649 23.782
36 2020 4 7 0 36.398 23.618
37 2020 4 7 0 37.568 23.467
38 2020 4 7 0 36.974 23.916
39 2020 4 7 0 36.802 24.122
40 2020 4 7 0 36.79 23.442
41 2020 4 7 0 36.608 24.011
42 2020 4 7 0 38.599 23.873
43 2020 4 7 0 38.622 24.33
44 2020 4 7 0 38.52 24.157
45 2020 4 7 0 39.038 24.428
46 2020 4 7 0 38.493 23.978
47 2020 4 7 0 38.809 24.444
48 2020 4 7 0 38.977 24.552
49 2020 4 7 0 38.84 24.132
51 2020 4 7 0 38.802 23.057
52 2020 4 7 0 39.089 23.696
53 2020 4 7 0 38.547 22.591
54 2020 4 7 0 38.85 22.993
55 2020 4 7 0 32.636 21.448
56 2020 4 7 0 33.543 21.219
57 2020 4 7 0 32.151 21.365
58 2020 4 7 0 33.825 21.229
59 2020 4 7 0 32.703 21.129
60 2020 4 7 0 32.161 21.485
61 2020 4 7 0 33.288 20.379
62 2020 4 7 0 33.897 21.197
63 2020 4 7 0 33.269 21.344
64 2020 4 7 0 33.684 20.256
65 2020 4 7 0 34.462 19.683
66 2020 4 7 0 32.942 20.678
67 2020 4 7 0 33.525 20.37
68 2020 4 7 0 34.471 19.63
69 2020 4 7 0 33.508 20.386
70 2020 4 7 0 34.34 19.494
71 2020 4 7 0 32.044 20.16
72 2020 4 7 0 33.336 21.76
73 2020 4 7 0 34.488 21.08
74 2020 4 7 0 33.271 21.797
75 2020 4 7 0 33.522 21.651
76 2020 4 7 0 33.12 21.881
77 2020 4 7 0 32.019 20.175
78 2020 4 7 0 31.944 20.159
79 2020 4 7 0 33.127 21.877
80 2020 4 7 0 35.328 20.504
81 2020 4 7 0 38.702 23.39
82 2020 4 7 0 38.884 24.445
83 2020 4 7 0 39.141 24.258
84 2020 4 7 0 39.01 24.067
85 2020 4 7 0 38.873 23.976
86 2020 4 7 0 38.717 23.677
87 2020 4 7 0 38.813 23.604
88 2020 4 7 0 38.728 23.816
89 2020 4 7 0 38.826 24.207
90 2020 4 7 0 38.695 23.695
91 2020 4 7 0 38.341 22.256
92 2020 4 7 0 38.102 21.87
93 2020 4 7 0 38.303 22.183
94 2020 4 7 0 38.201 22.171
95 2020 4 7 0 37.864 21.718
96 2020 4 7 0 37.721 21.78
97 2020 4 7 0 37.772 21.541
98 2020 4 7 0 38.195 22.235
99 2020 4 7 0 38.692 22.819
100 2020 4 7 0 38.185 22.063
102 2020 4 7 0 36.959 24.202
103 2020 4 7 0 37.712 24.158
104 2020 4 7 0 37.497 24.137
105 2020 4 7 0 36.85 24.198
106 2020 4 7 0 38.012 24.148
107 2020 4 7 0 35.787 20.717
109 2020 4 7 0 35.057 20.918
110 2020 4 7 0 35.421 20.599
111 2020 4 7 0 36.487 23.793
112 2020 4 7 0 34.752 20.876
113 2020 4 7 0 38.56 24.291
114 2020 4 7 0 38.769 24.54
115 2020 4 7 0 38.407 24.165
116 2020 4 7 0 38.338 24.155
117 2020 4 7 0 38.608 24.352
118 2020 4 7 0 38.893 24.609
119 2020 4 7 0 38.923 24.729
120 2020 4 7 0 37.257 21.175
121 2020 4 7 0 37.672 21.52
122 2020 4 7 0 37.165 21.096
123 2020 4 7 0 36.846 20.863
124 2020 4 7 0 37.092 20.982
125 2020 4 7 0 37.508 21.263
126 2020 4 7 0 36.498 20.56
127 2020 4 7 0 36.689 20.73
128 2020 4 7 0 37.267 21.059
129 2020 4 7 0 32.38 20.597
130 2020 4 7 0 32.47 20.759
131 2020 4 7 0 32.255 20.626
132 2020 4 7 0 36.098 20.658
133 2020 4 7 0 32.786 20.44
134 2020 4 7 0 34.845 20.7
135 2020 4 7 0 33.023 20.966
136 2020 4 7 0 36.791 20.456
137 2020 4 7 0 33.628 21.061
138 2020 4 7 0 35.585 20.544
139 2020 4 7 0 34.226 20.843
140 2020 4 7 0 34.193 21.042
141 2020 4 7 0 32.249 20.493
142 2020 4 7 0 37.48 20.488
143 2020 4 7 0 39.088 23.508
144 2020 4 7 0 38.426 22.829
145 2020 4 7 0 37.738 22.188
146 2020 4 7 0 37.498 21.778
147 2020 4 7 0 39.253 23.589
148 2020 4 7 0 39.382 23.953
149 2020 4 7 0 37.998 22.434
150 2020 4 7 0 37.922 22.447
151 2020 4 7 0 36.302 23.614
152 2020 4 7 0 36.15 23.993
153 2020 4 7 0 36.235 23.551
154 2020 4 7 0 36.503 23.873
155 2020 4 7 0 36.058 23.988
156 2020 4 7 0 36.196 24.065
157 2020 4 7 0 36.468 23.977
158 2020 4 7 0 36.226 23.533
159 2020 4 7 0 36.488 23.873
160 2020 4 7 0 36.285 24.206
161 2020 4 7 0 37.261 20.995
162 2020 4 7 0 37.227 21.45
164 2020 4 7 0 36.966 20.804
165 2020 4 7 0 37.102 21.147
166 2020 4 7 0 37.301 21.734
167 2020 4 7 0 36.817 20.93
168 2020 4 7 0 37.144 20.931
169 2020 4 7 0 36.882 20.854
170 2020 4 7 0 37.109 21.145
171 2020 4 7 0 34.54 21.016
172 2020 4 7 0 35.17 24.222
173 2020 4 7 0 34.508 21.319
174 2020 4 7 0 38.034 23.831
175 2020 4 7 0 37.988 24.018
176 2020 4 7 0 38.703 24.313
177 2020 4 7 0 37.351 23.675
178 2020 4 7 0 37.637 23.593
179 2020 4 7 0 38.48 24.018
180 2020 4 7 0 37.664 23.95
181 2020 4 7 0 38.253 24.063
182 2020 4 7 0 34.867 20.58
183 2020 4 7 0 34.438 21.155
184 2020 4 7 0 34.139 21.277
185 2020 4 7 0 34.496 20.579
186 2020 4 7 0 34.499 20.366
187 2020 4 7 0 34.458 20.561
188 2020 4 7 0 37.39 24.259
189 2020 4 7 0 35.69 24.22
190 2020 4 7 0 36.052 24.209
191 2020 4 7 0 35.797 24.071
192 2020 4 7 0 35.6 24.147
195 2020 4 7 0 31.7 20.395
196 2020 4 7 0 31.762 20.362
197 2020 4 7 0 31.63 20.275
198 2020 4 7 0 31.825 20.295
199 2020 4 7 0 35.941 20.931
200 2020 4 7 0 34.989 20.987
201 2020 4 7 0 35.105 21.043
202 2020 4 7 0 35.14 20.994
203 2020 4 7 0 36.503 20.81
204 2020 4 7 0 39.217 24.309
205 2020 4 7 0 38.63 23.285
206 2020 4 7 0 39.329 24.185
207 2020 4 7 0 39.223 24.422
208 2020 4 7 0 39.108 24.131
209 2020 4 7 0 39.263 24.081
210 2020 4 7 0 38.342 24.105
211 2020 4 7 0 38.254 24.15
212 2020 4 7 0 38.322 24.149
213 2020 4 7 0 38.133 24.08
214 2020 4 7 0 38.023 24.139
215 2020 4 7 0 38.161 24.15
216 2020 4 7 0 35.258 21.126
217 2020 4 7 0 36.706 20.59
218 2020 4 7 0 34.494 21.063
219 2020 4 7 0 34.372 21.334
220 2020 4 7 0 35.67 19.096
221 2020 4 7 0 34.387 21.461
222 2020 4 7 0 34.887 20.938
223 2020 4 7 0 36.389 21.121
224 2020 4 7 0 35.539 21.49
225 2020 4 7 0 34.855 21.597
226 2020 4 7 0 35.012 21.557
227 2020 4 7 0 33.895 21.411
228 2020 4 7 0 35.093 19.19
229 2020 4 7 0 35.142 19.161
230 2020 4 7 0 35.003 19.256
231 2020 4 7 0 35.167 19.193
232 2020 4 7 0 34.925 19.331
233 2020 4 7 0 39.048 24.624
234 2020 4 7 0 39.158 24.475
235 2020 4 7 0 39.175 24.491
236 2020 4 7 0 39.052 24.725
237 2020 4 7 0 39.072 24.556
238 2020 4 7 0 39.133 24.587
239 2020 4 7 0 37.342 22.284
240 2020 4 7 0 36.105 21.611
241 2020 4 7 0 36.871 22.216
242 2020 4 7 0 35.598 21.661
243 2020 4 7 0 35.432 21.679
244 2020 4 7 0 36.562 21.668
245 2020 4 7 0 37.097 21.687
246 2020 4 7 0 36.334 21.87
247 2020 4 7 0 37.221 21.39
248 2020 4 7 0 37.576 21.683
249 2020 4 7 0 37.595 21.008
250 2020 4 7 0 37.546 21.776
251 2020 4 7 0 37.519 20.794
252 2020 4 7 0 37.44 21.384
0 2020 4 7 0 35.192 20.996
