1 2020 5 21 0 43.079 26.66
2 2020 5 21 0 41.886 26.369
3 2020 5 21 0 43.025 26.708
4 2020 5 21 0 42.568 26.564
5 2020 5 21 0 40.866 26.082
6 2020 5 21 0 40.998 26.327
7 2020 5 21 0 42.248 26.517
8 2020 5 21 0 42.361 26.52
9 2020 5 21 0 42.395 26.467
10 2020 5 21 0 41.823 26.357
11 2020 5 21 0 42.434 26.931
12 2020 5 21 0 41.86 26.955
13 2020 5 21 0 41.856 26.875
14 2020 5 21 0 41.886 26.717
15 2020 5 21 0 42.364 26.818
16 2020 5 21 0 42.509 26.774
17 2020 5 21 0 42.441 26.689
18 2020 5 21 0 42.561 27.047
19 2020 5 21 0 42.482 26.37
20 2020 5 21 0 42.226 26.032
21 2020 5 21 0 42.302 25.888
22 2020 5 21 0 42.218 26.563
23 2020 5 21 0 41.544 25.94
24 2020 5 21 0 41.806 26.035
25 2020 5 21 0 41.818 26.702
26 2020 5 21 0 41.433 25.449
27 2020 5 21 0 41.656 26.295
28 2020 5 21 0 42.203 25.597
29 2020 5 21 0 42.298 26.294
30 2020 5 21 0 42.397 27.114
31 2020 5 21 0 42.324 25.047
32 2020 5 21 0 42.887 27.289
33 2020 5 21 0 39.67 27.103
34 2020 5 21 0 40.335 26.974
35 2020 5 21 0 38.957 27.164
36 2020 5 21 0 38.795 27.038
37 2020 5 21 0 40.844 26.81
38 2020 5 21 0 39.542 27.403
39 2020 5 21 0 39.105 27.55
40 2020 5 21 0 39.671 26.892
41 2020 5 21 0 38.755 27.363
42 2020 5 21 0 42.48 27.326
43 2020 5 21 0 42.524 27.584
44 2020 5 21 0 42.312 27.443
45 2020 5 21 0 43.331 27.571
46 2020 5 21 0 42.257 27.301
47 2020 5 21 0 42.924 27.767
48 2020 5 21 0 43.26 27.814
49 2020 5 21 0 42.959 27.532
51 2020 5 21 0 43.18 26.763
52 2020 5 21 0 43.246 26.938
53 2020 5 21 0 43.061 26.632
54 2020 5 21 0 43.282 26.783
55 2020 5 21 0 37.203 26.199
56 2020 5 21 0 37.921 26.12
57 2020 5 21 0 36.615 26.01
58 2020 5 21 0 38.362 26.122
59 2020 5 21 0 36.949 26.016
60 2020 5 21 0 36.749 26.103
61 2020 5 21 0 33.288 20.379
62 2020 5 21 0 36.673 26.419
63 2020 5 21 0 35.994 26.451
64 2020 5 21 0 33.684 20.256
65 2020 5 21 0 34.462 19.683
66 2020 5 21 0 32.942 20.678
67 2020 5 21 0 33.525 20.37
68 2020 5 21 0 34.471 19.63
69 2020 5 21 0 33.508 20.386
70 2020 5 21 0 34.34 19.494
71 2020 5 21 0 32.044 20.16
72 2020 5 21 0 37.944 26.428
73 2020 5 21 0 39.258 26.035
74 2020 5 21 0 37.873 26.448
75 2020 5 21 0 38.158 26.365
76 2020 5 21 0 37.684 26.501
77 2020 5 21 0 32.019 20.175
78 2020 5 21 0 31.944 20.159
79 2020 5 21 0 37.702 26.496
80 2020 5 21 0 39.995 25.7
81 2020 5 21 0 42.789 26.708
82 2020 5 21 0 42.96 27.271
83 2020 5 21 0 43.207 27.098
84 2020 5 21 0 43.031 26.998
85 2020 5 21 0 42.825 26.95
86 2020 5 21 0 42.623 26.733
87 2020 5 21 0 42.89 26.821
88 2020 5 21 0 42.662 26.874
89 2020 5 21 0 42.802 27.131
90 2020 5 21 0 42.628 26.788
91 2020 5 21 0 42.926 26.451
92 2020 5 21 0 42.7 26.522
93 2020 5 21 0 42.868 26.617
94 2020 5 21 0 42.736 26.553
95 2020 5 21 0 42.53 25.245
96 2020 5 21 0 42.352 25.174
97 2020 5 21 0 42.471 25.462
98 2020 5 21 0 42.751 25.752
99 2020 5 21 0 43.146 26.46
100 2020 5 21 0 42.812 25.935
102 2020 5 21 0 39.404 27.81
103 2020 5 21 0 40.529 27.972
104 2020 5 21 0 40.19 27.804
105 2020 5 21 0 39.416 28.014
106 2020 5 21 0 40.949 27.957
107 2020 5 21 0 35.787 20.717
109 2020 5 21 0 35.057 20.918
110 2020 5 21 0 35.421 20.599
111 2020 5 21 0 38.548 27.164
112 2020 5 21 0 34.752 20.876
113 2020 5 21 0 42.386 27.482
114 2020 5 21 0 42.828 27.494
115 2020 5 21 0 42.02 27.467
116 2020 5 21 0 41.828 27.568
117 2020 5 21 0 42.485 27.427
118 2020 5 21 0 43.102 27.736
119 2020 5 21 0 43.167 27.578
120 2020 5 21 0 41.928 25.586
121 2020 5 21 0 42.306 26.061
122 2020 5 21 0 41.888 25.879
123 2020 5 21 0 42.018 25.695
124 2020 5 21 0 42.055 25.794
125 2020 5 21 0 42.283 26.107
126 2020 5 21 0 41.494 25.623
127 2020 5 21 0 41.399 25.182
128 2020 5 21 0 42.005 25.038
129 2020 5 21 0 32.38 20.597
130 2020 5 21 0 32.47 20.759
131 2020 5 21 0 32.255 20.626
132 2020 5 21 0 39.596 25.816
133 2020 5 21 0 32.786 20.44
134 2020 5 21 0 37.924 25.906
135 2020 5 21 0 36.632 26.033
136 2020 5 21 0 39.863 25.676
137 2020 5 21 0 36.717 26.2
138 2020 5 21 0 38.583 25.759
139 2020 5 21 0 38.008 25.91
140 2020 5 21 0 38.332 26.027
141 2020 5 21 0 32.249 20.493
142 2020 5 21 0 41.296 25.602
143 2020 5 21 0 43.391 26.764
144 2020 5 21 0 42.828 26.034
145 2020 5 21 0 42.241 25.625
146 2020 5 21 0 42.11 26.245
147 2020 5 21 0 43.517 27.028
148 2020 5 21 0 43.546 27.122
149 2020 5 21 0 42.455 25.572
150 2020 5 21 0 42.366 25.554
151 2020 5 21 0 38.616 27.046
152 2020 5 21 0 38.003 27.279
153 2020 5 21 0 38.63 27.007
154 2020 5 21 0 38.498 27.209
155 2020 5 21 0 37.873 27.268
156 2020 5 21 0 38.095 27.344
157 2020 5 21 0 38.458 27.289
158 2020 5 21 0 38.671 26.989
159 2020 5 21 0 38.456 27.211
160 2020 5 21 0 38.325 27.558
161 2020 5 21 0 41.521 26.055
162 2020 5 21 0 41.168 26.107
164 2020 5 21 0 41.044 25.916
165 2020 5 21 0 41.276 26.139
166 2020 5 21 0 41.14 26.139
167 2020 5 21 0 40.983 26.056
168 2020 5 21 0 41.365 26.055
169 2020 5 21 0 40.975 25.991
170 2020 5 21 0 41.233 26.109
171 2020 5 21 0 34.54 21.016
172 2020 5 21 0 36.738 27.435
173 2020 5 21 0 34.508 21.319
174 2020 5 21 0 41.6 27.21
175 2020 5 21 0 41.195 27.654
176 2020 5 21 0 42.651 27.29
177 2020 5 21 0 40.578 27.265
178 2020 5 21 0 41.183 26.999
179 2020 5 21 0 42.267 27.185
180 2020 5 21 0 40.681 27.657
181 2020 5 21 0 41.739 27.472
182 2020 5 21 0 34.867 20.58
183 2020 5 21 0 34.438 21.155
184 2020 5 21 0 34.139 21.277
185 2020 5 21 0 34.496 20.579
186 2020 5 21 0 34.499 20.366
187 2020 5 21 0 34.458 20.561
188 2020 5 21 0 39.919 28.278
189 2020 5 21 0 37.502 27.52
190 2020 5 21 0 38.161 27.761
191 2020 5 21 0 37.538 27.314
192 2020 5 21 0 37.291 27.361
195 2020 5 21 0 31.7 20.395
196 2020 5 21 0 31.762 20.362
197 2020 5 21 0 31.63 20.275
198 2020 5 21 0 31.825 20.295
199 2020 5 21 0 40.083 25.97
200 2020 5 21 0.42014 39.456 25.995
201 2020 5 21 0.20019 39.44 26.033
202 2020 5 21 0 39.35 26.005
203 2020 5 21 0 40.501 25.917
204 2020 5 21 0 43.408 27.193
205 2020 5 21 0 43.035 26.334
206 2020 5 21 0 43.568 27.187
207 2020 5 21 0 43.616 27.257
208 2020 5 21 0 43.563 27.014
209 2020 5 21 0 43.629 27.087
210 2020 5 21 0 41.835 27.479
211 2020 5 21 0 41.582 27.691
212 2020 5 21 0 41.783 27.599
213 2020 5 21 0 41.141 27.829
214 2020 5 21 0 40.992 27.973
215 2020 5 21 0 41.318 27.814
216 2020 5 21 0 38.143 26.347
217 2020 5 21 0 39.865 25.752
218 2020 5 21 0 37.369 26.424
219 2020 5 21 0 37.256 26.624
220 2020 5 21 0 35.67 19.096
221 2020 5 21 0 37.354 26.636
222 2020 5 21 0.20775 37.718 26.243
223 2020 5 21 0 39.483 26.14
224 2020 5 21 0 38.311 26.525
225 2020 5 21 0 37.971 26.517
226 2020 5 21 0 37.909 26.578
227 2020 5 21 0 36.804 26.753
228 2020 5 21 0 35.093 19.19
229 2020 5 21 0 35.142 19.161
230 2020 5 21 0 35.003 19.256
231 2020 5 21 0 35.167 19.193
232 2020 5 21 0 34.925 19.331
233 2020 5 21 0 43.276 27.322
234 2020 5 21 0 43.56 27.396
235 2020 5 21 0 43.591 27.329
236 2020 5 21 0 43.408 27.478
237 2020 5 21 0 43.423 27.585
238 2020 5 21 0 43.489 27.334
239 2020 5 21 0 40.156 26.321
240 2020 5 21 0 38.886 26.528
241 2020 5 21 0 39.733 26.557
242 2020 5 21 0 38.443 26.587
243 2020 5 21 0 38.321 26.606
244 2020 5 21 0 39.381 26.534
245 2020 5 21 0 39.977 26.34
246 2020 5 21 0 39.161 26.63
247 2020 5 21 0 40.319 26.047
248 2020 5 21 0 40.566 25.965
249 2020 5 21 0 41.368 25.773
250 2020 5 21 0 40.721 25.97
251 2020 5 21 0 41.085 25.671
252 2020 5 21 0 41.128 25.95
0 2020 5 21 0 39.77 26.07
