1 2020 3 29 0 36.283 19.413
2 2020 3 29 0 35.608 19.43
3 2020 3 29 0 36.234 19.494
4 2020 3 29 0 36.048 19.389
5 2020 3 29 0 35.364 19.054
6 2020 3 29 0 35.669 19.183
7 2020 3 29 0 35.851 19.583
8 2020 3 29 0 35.979 19.399
9 2020 3 29 0 35.834 19.352
10 2020 3 29 0 35.454 19.317
11 2020 3 29 0 35.799 19.836
12 2020 3 29 0 35.871 19.998
13 2020 3 29 0 35.893 19.982
14 2020 3 29 0 35.965 19.857
15 2020 3 29 0 35.828 19.847
16 2020 3 29 0 35.866 19.806
17 2020 3 29 0 35.932 19.791
18 2020 3 29 0 35.988 19.794
19 2020 3 29 0 33.73 16.623
20 2020 3 29 0 35.556 18.566
21 2020 3 29 0 33.577 16.778
22 2020 3 29 0 33.707 16.747
23 2020 3 29 0 33.979 17.081
24 2020 3 29 0 34.887 18.029
25 2020 3 29 0 33.732 16.98
26 2020 3 29 0 34.705 17.812
27 2020 3 29 0 34.443 17.661
28 2020 3 29 0 34.27 16.993
29 2020 3 29 0 35.856 18.914
30 2020 3 29 0 35.084 18.399
31 2020 3 29 0 34.59 17.177
32 2020 3 29 0 35.908 19.169
33 2020 3 29 0 36.169 20.452
34 2020 3 29 0 36.234 20.342
35 2020 3 29 0 36.096 20.578
36 2020 3 29 0 36.002 20.33
37 2020 3 29 0 36.138 20.065
38 2020 3 29 0 36.181 20.387
39 2020 3 29 0 36.17 20.342
40 2020 3 29 0 36.077 20.13
41 2020 3 29 0 36.125 20.537
42 2020 3 29 0 35.924 19.006
43 2020 3 29 0 36.439 19.546
44 2020 3 29 0 36.342 19.424
45 2020 3 29 0 36.22 19.208
46 2020 3 29 0 36.135 19.219
47 2020 3 29 0 36.35 19.388
48 2020 3 29 0 36.336 19.335
49 2020 3 29 0 35.961 19.032
51 2020 3 29 0 36.279 19.412
52 2020 3 29 0 36.249 19.528
53 2020 3 29 0 36.258 19.35
54 2020 3 29 0 36.277 19.31
55 2020 3 29 0 31.286 20.11
56 2020 3 29 0 32.089 20.243
57 2020 3 29 0 31.715 20.417
58 2020 3 29 0 32.61 20.05
59 2020 3 29 0 31.746 20.327
60 2020 3 29 0 31.309 20.183
61 2020 3 29 0 33.288 20.379
62 2020 3 29 0 33.887 19.663
63 2020 3 29 0 33.631 20.165
64 2020 3 29 0 33.684 20.256
65 2020 3 29 0 34.462 19.683
66 2020 3 29 0 32.942 20.678
67 2020 3 29 0 33.525 20.37
68 2020 3 29 0 34.471 19.63
69 2020 3 29 0 33.508 20.386
70 2020 3 29 0 34.34 19.494
71 2020 3 29 0 32.044 20.16
72 2020 3 29 0 32.331 20.1
73 2020 3 29 0.68565 33.888 19.749
74 2020 3 29 0.11558 32.279 20.094
75 2020 3 29 0 32.624 20.05
76 2020 3 29 0.16643 32.072 20.142
77 2020 3 29 0 32.019 20.175
78 2020 3 29 0 31.944 20.159
79 2020 3 29 0.21153 32.079 20.139
80 2020 3 29 0.80087 34.711 19.176
81 2020 3 29 0 36.084 19.629
82 2020 3 29 0 36.252 19.813
83 2020 3 29 0 36.234 19.713
84 2020 3 29 0 36.178 19.74
85 2020 3 29 0 36.035 19.774
86 2020 3 29 0 35.966 19.741
87 2020 3 29 0 36.108 19.664
88 2020 3 29 0 35.923 19.781
89 2020 3 29 0 36.138 19.79
90 2020 3 29 0 35.939 19.752
91 2020 3 29 0 36.158 19.17
92 2020 3 29 0 36.162 19.266
93 2020 3 29 0 36.248 19.393
94 2020 3 29 0 36.088 19.353
95 2020 3 29 0 34.876 17.67
96 2020 3 29 0 34.081 17.267
97 2020 3 29 0 35.387 18.057
98 2020 3 29 0 35.064 18.099
99 2020 3 29 0 35.824 18.855
100 2020 3 29 0 35.738 18.555
102 2020 3 29 0 36.26 20.167
103 2020 3 29 0 36.279 19.942
104 2020 3 29 0 36.223 20.066
105 2020 3 29 0 36.338 20.118
106 2020 3 29 0 36.253 19.881
107 2020 3 29 0 35.787 20.717
109 2020 3 29 0 35.057 20.918
110 2020 3 29 0 35.421 20.599
111 2020 3 29 0 35.271 20.831
112 2020 3 29 0 34.752 20.876
113 2020 3 29 0 36.446 19.612
114 2020 3 29 0 36.381 19.724
115 2020 3 29 0 36.426 19.647
116 2020 3 29 0 36.412 19.673
117 2020 3 29 0 36.407 19.687
118 2020 3 29 0 36.379 19.535
119 2020 3 29 0 36.358 19.745
120 2020 3 29 0 35.105 18.079
121 2020 3 29 0 35.632 18.677
122 2020 3 29 0 35.345 18.481
123 2020 3 29 0 35.675 18.665
124 2020 3 29 0 35.766 18.805
125 2020 3 29 0 36.039 19.139
126 2020 3 29 0 35.629 18.76
127 2020 3 29 0 34.473 17.47
128 2020 3 29 0 34.871 17.519
129 2020 3 29 0 32.38 20.597
130 2020 3 29 0 32.47 20.759
131 2020 3 29 0 32.255 20.626
132 2020 3 29 0 34.524 19.311
133 2020 3 29 0 32.786 20.44
134 2020 3 29 0 33.91 19.392
135 2020 3 29 0 32.106 20.383
136 2020 3 29 0 35.407 18.822
137 2020 3 29 0 33.313 19.912
138 2020 3 29 0 34.298 19.208
139 2020 3 29 0 32.983 19.899
140 2020 3 29 0 32.689 20.076
141 2020 3 29 0 32.249 20.493
142 2020 3 29 0 35.975 18.807
143 2020 3 29 0 35.65 18.817
144 2020 3 29 0 34.514 18.047
145 2020 3 29 0 33.223 17.055
146 2020 3 29 0 33.239 16.342
147 2020 3 29 0 36.283 19.319
148 2020 3 29 0 36.265 19.378
149 2020 3 29 0 33.689 17.523
150 2020 3 29 0 33.422 17.408
151 2020 3 29 0 35.989 20.327
152 2020 3 29 0 35.697 20.866
153 2020 3 29 0 35.968 20.233
154 2020 3 29 0 36.025 20.697
155 2020 3 29 0 35.383 20.993
156 2020 3 29 0 35.806 20.755
157 2020 3 29 0 36.039 20.657
158 2020 3 29 0 35.955 20.193
159 2020 3 29 0 36.012 20.721
160 2020 3 29 0 36.007 20.505
161 2020 3 29 0 35.571 19.197
162 2020 3 29 0 35.246 19.175
164 2020 3 29 0 35.212 19.289
165 2020 3 29 0 35.187 19.273
166 2020 3 29 0 35.225 19.311
167 2020 3 29 0 34.973 19.333
168 2020 3 29 0 35.319 19.147
169 2020 3 29 0 35.047 19.306
170 2020 3 29 0 35.189 19.266
171 2020 3 29 0 34.54 21.016
172 2020 3 29 0 34.552 21.239
173 2020 3 29 0 34.508 21.319
174 2020 3 29 0 36.097 19.957
175 2020 3 29 0 36.26 19.915
176 2020 3 29 0 36.259 19.761
177 2020 3 29 0 36.232 20.264
178 2020 3 29 0 36.089 20.17
179 2020 3 29 0 36.117 19.743
180 2020 3 29 0 36.243 20.072
181 2020 3 29 0 36.285 19.769
182 2020 3 29 0 34.867 20.58
183 2020 3 29 0 34.438 21.155
184 2020 3 29 0 34.139 21.277
185 2020 3 29 0 34.496 20.579
186 2020 3 29 0 34.499 20.366
187 2020 3 29 0 34.458 20.561
188 2020 3 29 0.26726 36.401 20.292
189 2020 3 29 0 35.248 20.966
190 2020 3 29 0.69191 35.584 20.677
191 2020 3 29 0 35.297 21.059
192 2020 3 29 0 34.914 21.229
195 2020 3 29 0 31.7 20.395
196 2020 3 29 0 31.762 20.362
197 2020 3 29 0 31.63 20.275
198 2020 3 29 0 31.825 20.295
199 2020 3 29 0.46204 34.256 19.555
200 2020 3 29 1.2528 33.834 19.71
201 2020 3 29 0.48376 33.714 19.791
202 2020 3 29 0 33.55 19.823
203 2020 3 29 0.14002 34.736 19.415
204 2020 3 29 0 36.263 19.571
205 2020 3 29 0 34.782 18.259
206 2020 3 29 0 36.262 19.38
207 2020 3 29 0 36.261 19.328
208 2020 3 29 0 35.926 18.93
209 2020 3 29 0 36.064 19.06
210 2020 3 29 0 36.404 19.591
211 2020 3 29 0 36.366 19.729
212 2020 3 29 0 36.407 19.678
213 2020 3 29 0 36.29 19.721
214 2020 3 29 0 36.28 19.855
215 2020 3 29 0 36.312 19.797
216 2020 3 29 0 34.942 19.074
217 2020 3 29 0 35.656 18.822
218 2020 3 29 0 34.282 19.143
219 2020 3 29 0 34.762 19.164
220 2020 3 29 0 35.67 19.096
221 2020 3 29 0 35.368 19.197
222 2020 3 29 0 34.44 19.09
223 2020 3 29 0 35.811 19.06
224 2020 3 29 0 35.421 19.323
225 2020 3 29 0 35.905 19.116
226 2020 3 29 0 35.515 19.28
227 2020 3 29 0 34.989 19.211
228 2020 3 29 0 35.093 19.19
229 2020 3 29 0 35.142 19.161
230 2020 3 29 0 35.003 19.256
231 2020 3 29 0 35.167 19.193
232 2020 3 29 0 34.925 19.331
233 2020 3 29 0 36.291 19.812
234 2020 3 29 0 36.281 19.279
235 2020 3 29 0 36.271 19.318
236 2020 3 29 0 36.317 19.66
237 2020 3 29 0 36.319 19.367
238 2020 3 29 0 36.286 19.561
239 2020 3 29 0 35.815 18.547
240 2020 3 29 0 35.818 19.05
241 2020 3 29 0 36.125 18.643
242 2020 3 29 0 35.853 19.031
243 2020 3 29 0 35.964 18.732
244 2020 3 29 0 36.081 18.585
245 2020 3 29 0 36.068 18.362
246 2020 3 29 0 36.17 18.426
247 2020 3 29 0 36.019 18.533
248 2020 3 29 0 35.785 18.298
249 2020 3 29 0 35.88 18.718
250 2020 3 29 0 35.533 18.57
251 2020 3 29 0 36.264 18.663
252 2020 3 29 0 35.543 18.878
0 2020 3 29 0.6681 34.005 19.539
