1 2020 5 6 0 41.816 27.577
2 2020 5 6 0 41.425 26.592
3 2020 5 6 0 41.956 27.568
4 2020 5 6 0 41.257 26.675
5 2020 5 6 0 40.915 26.058
6 2020 5 6 0 41.248 26.335
7 2020 5 6 0 42.027 27.033
8 2020 5 6 0 41.06 26.295
9 2020 5 6 0 41.348 26.802
10 2020 5 6 0 40.848 26.043
11 2020 5 6 0 42.286 27.324
12 2020 5 6 0 41.946 27.14
13 2020 5 6 0 41.972 27.103
14 2020 5 6 0 42.108 27.047
15 2020 5 6 0 42.351 27.248
16 2020 5 6 0 42.469 27.292
17 2020 5 6 0 42.53 27.238
18 2020 5 6 0 42.288 27.471
19 2020 5 6 0.11369 39.719 25.406
20 2020 5 6 0 39.396 26.15
21 2020 5 6 0 39.658 25.195
22 2020 5 6 0.29189 39.456 25.516
23 2020 5 6 0.57209 39.072 25.41
24 2020 5 6 0.41753 39.245 25.83
25 2020 5 6 0.33344 39.141 25.693
26 2020 5 6 0.13035 39 25.352
27 2020 5 6 0.97864 39.19 25.83
28 2020 5 6 0.16861 39.792 25.467
29 2020 5 6 0 39.58 26.401
30 2020 5 6 1.8057 39.962 26.566
31 2020 5 6 0 40.132 25.523
32 2020 5 6 1.5257 40.389 26.953
33 2020 5 6 0 40.596 26.949
34 2020 5 6 0 40.926 26.779
35 2020 5 6 0 40.239 27.087
36 2020 5 6 0 39.847 26.878
37 2020 5 6 0 41.294 26.759
38 2020 5 6 0 40.695 27.212
39 2020 5 6 0 40.455 27.351
40 2020 5 6 0 40.342 26.692
41 2020 5 6 0 40.2 27.263
42 2020 5 6 0 41.42 27.094
43 2020 5 6 0 42.244 27.749
44 2020 5 6 0 42.14 27.547
45 2020 5 6 0 41.613 27.646
46 2020 5 6 0 41.802 27.286
47 2020 5 6 0 41.829 27.957
48 2020 5 6 0 41.67 28.031
49 2020 5 6 0 41.329 27.368
51 2020 5 6 0 41.884 27.563
52 2020 5 6 0 42.105 27.611
53 2020 5 6 0 41.7 27.469
54 2020 5 6 0 41.827 27.483
55 2020 5 6 0 35.461 26.022
56 2020 5 6 0 36.628 25.976
57 2020 5 6 0 34.736 26.321
58 2020 5 6 0 36.857 25.997
59 2020 5 6 0 35.517 26.223
60 2020 5 6 0 34.764 26.209
61 2020 5 6 0 33.288 20.379
62 2020 5 6 0 36.18 25.872
63 2020 5 6 0 35.475 26.119
64 2020 5 6 0 33.684 20.256
65 2020 5 6 0 34.462 19.683
66 2020 5 6 0 32.942 20.678
67 2020 5 6 0 33.525 20.37
68 2020 5 6 0 34.471 19.63
69 2020 5 6 0 33.508 20.386
70 2020 5 6 0 34.34 19.494
71 2020 5 6 0 32.044 20.16
72 2020 5 6 0 36.197 26.183
73 2020 5 6 0.50922 37.442 26.11
74 2020 5 6 0 36.12 26.183
75 2020 5 6 0 36.402 26.18
76 2020 5 6 0 35.956 26.192
77 2020 5 6 0 32.019 20.175
78 2020 5 6 0 31.944 20.159
79 2020 5 6 0 35.963 26.19
80 2020 5 6 0 38.165 25.793
81 2020 5 6 0 42.223 27.434
82 2020 5 6 0 42.103 27.764
83 2020 5 6 0 42.156 27.744
84 2020 5 6 0 42.203 27.716
85 2020 5 6 0 42.26 27.579
86 2020 5 6 0 42.424 27.345
87 2020 5 6 0 42.176 27.556
88 2020 5 6 0 42.286 27.435
89 2020 5 6 0 42.216 27.639
90 2020 5 6 0 42.346 27.372
91 2020 5 6 0 41.447 27.171
92 2020 5 6 0 41.187 26.653
93 2020 5 6 0 41.474 27.072
94 2020 5 6 0 41.432 27.05
95 2020 5 6 0 40.508 25.883
96 2020 5 6 0 40.032 25.365
97 2020 5 6 0 40.653 26.212
98 2020 5 6 0 40.805 26.232
99 2020 5 6 0 41.477 27.001
100 2020 5 6 0 41.147 26.774
102 2020 5 6 0 40.601 27.45
103 2020 5 6 0 41.517 27.509
104 2020 5 6 0 41.291 27.453
105 2020 5 6 0 40.389 27.487
106 2020 5 6 0 41.905 27.53
107 2020 5 6 0 35.787 20.717
109 2020 5 6 0 35.057 20.918
110 2020 5 6 0 35.421 20.599
111 2020 5 6 0 39.991 27.106
112 2020 5 6 0 34.752 20.876
113 2020 5 6 0 42.366 27.648
114 2020 5 6 0 42.093 27.812
115 2020 5 6 0 42.458 27.533
116 2020 5 6 0 42.383 27.525
117 2020 5 6 0 42.32 27.657
118 2020 5 6 0 41.835 28.033
119 2020 5 6 0 41.858 27.969
120 2020 5 6 0 40.007 25.763
121 2020 5 6 0 40.586 26.206
122 2020 5 6 0 39.95 25.741
123 2020 5 6 0 39.569 25.861
124 2020 5 6 0 40.067 25.824
125 2020 5 6 0 40.675 26.04
126 2020 5 6 0 39.21 25.801
127 2020 5 6 0.20795 39.218 25.19
128 2020 5 6 0.26184 39.977 25.583
129 2020 5 6 0 32.38 20.597
130 2020 5 6 0 32.47 20.759
131 2020 5 6 0 32.255 20.626
132 2020 5 6 0 39.064 25.493
133 2020 5 6 0 32.786 20.44
134 2020 5 6 0 37.396 25.68
135 2020 5 6 0 35.638 26.219
136 2020 5 6 0 39.626 25.351
137 2020 5 6 0 36.047 26.01
138 2020 5 6 0 38.188 25.503
139 2020 5 6 0 37.107 25.896
140 2020 5 6 0 37.293 25.883
141 2020 5 6 0 32.249 20.493
142 2020 5 6 0 40.866 25.486
143 2020 5 6 0 41.549 26.844
144 2020 5 6 0 40.652 25.968
145 2020 5 6 0 39.597 25.019
146 2020 5 6 0 39.257 24.929
147 2020 5 6 0 42.029 27.431
148 2020 5 6 0 42.118 27.45
149 2020 5 6 0 40.024 25.351
150 2020 5 6 0 39.835 25.172
151 2020 5 6 0 39.721 26.879
152 2020 5 6 0 39.597 27.308
153 2020 5 6 0 39.626 26.801
154 2020 5 6 0 40.02 27.188
155 2020 5 6 0 39.48 27.319
156 2020 5 6 0 39.671 27.33
157 2020 5 6 0 39.996 27.25
158 2020 5 6 0 39.605 26.771
159 2020 5 6 0 40.004 27.197
160 2020 5 6 0 39.796 27.399
161 2020 5 6 0 40.565 25.692
162 2020 5 6 0 40.727 25.788
164 2020 5 6 0 40.328 25.514
165 2020 5 6 0 40.584 25.628
166 2020 5 6 0 40.829 25.985
167 2020 5 6 0 40.226 25.543
168 2020 5 6 0 40.625 25.535
169 2020 5 6 0 40.263 25.507
170 2020 5 6 0 40.584 25.63
171 2020 5 6 0 34.54 21.016
172 2020 5 6 0 38.383 27.571
173 2020 5 6 0 34.508 21.319
174 2020 5 6 0 41.941 27.233
175 2020 5 6 0 41.923 27.401
176 2020 5 6 0 42.24 27.644
177 2020 5 6 0 41.239 27.03
178 2020 5 6 0 41.509 26.974
179 2020 5 6 0 42.37 27.426
180 2020 5 6 0 41.547 27.313
181 2020 5 6 0 42.243 27.449
182 2020 5 6 0 34.867 20.58
183 2020 5 6 0 34.438 21.155
184 2020 5 6 0 34.139 21.277
185 2020 5 6 0 34.496 20.579
186 2020 5 6 0 34.499 20.366
187 2020 5 6 0 34.458 20.561
188 2020 5 6 0 40.938 27.679
189 2020 5 6 0 39.034 27.501
190 2020 5 6 0 39.429 27.528
191 2020 5 6 0 39.163 27.392
192 2020 5 6 0 38.928 27.453
195 2020 5 6 0 31.7 20.395
196 2020 5 6 0 31.762 20.362
197 2020 5 6 0 31.63 20.275
198 2020 5 6 0 31.825 20.295
199 2020 5 6 0 39.215 25.67
200 2020 5 6 0 38.093 25.918
201 2020 5 6 0 38.291 25.865
202 2020 5 6 0 38.353 25.759
203 2020 5 6 0 39.801 25.539
204 2020 5 6 0 42.025 27.622
205 2020 5 6 0 40.82 26.16
206 2020 5 6 0 41.996 27.439
207 2020 5 6 0 41.771 27.382
208 2020 5 6 0 41.481 26.953
209 2020 5 6 0 41.716 27.1
210 2020 5 6 0 42.362 27.467
211 2020 5 6 0 42.255 27.524
212 2020 5 6 0 42.357 27.517
213 2020 5 6 0 42.03 27.45
214 2020 5 6 0 41.913 27.522
215 2020 5 6 0 42.118 27.532
216 2020 5 6 0 37.82 25.663
217 2020 5 6 0 39.632 25.491
218 2020 5 6 0 36.868 25.612
219 2020 5 6 0 36.852 25.68
220 2020 5 6 0 35.67 19.096
221 2020 5 6 0 37.031 25.674
222 2020 5 6 0 37.306 25.587
223 2020 5 6 0 39.326 25.736
224 2020 5 6 0 38.184 25.861
225 2020 5 6 0 37.779 25.635
226 2020 5 6 0 37.725 25.776
227 2020 5 6 0 36.397 25.638
228 2020 5 6 0 35.093 19.19
229 2020 5 6 0 35.142 19.161
230 2020 5 6 0 35.003 19.256
231 2020 5 6 0 35.167 19.193
232 2020 5 6 0 34.925 19.331
233 2020 5 6 0 41.937 27.851
234 2020 5 6 0 41.705 27.49
235 2020 5 6 0 41.713 27.434
236 2020 5 6 0 41.757 27.816
237 2020 5 6 0 41.708 27.774
238 2020 5 6 0 41.795 27.619
239 2020 5 6 0 40.496 25.78
240 2020 5 6 0 38.924 25.75
241 2020 5 6 0 40.047 25.684
242 2020 5 6 0 38.422 25.688
243 2020 5 6 0 38.283 25.524
244 2020 5 6 0 39.54 25.523
245 2020 5 6 0 40.183 25.498
246 2020 5 6 0 39.344 25.452
247 2020 5 6 0 40.365 25.608
248 2020 5 6 0 40.726 25.626
249 2020 5 6 0 41.049 25.616
250 2020 5 6 0 40.801 25.765
251 2020 5 6 0 40.883 25.613
252 2020 5 6 0 40.869 25.736
0 2020 5 6 0 38.09 26.002
