1 2020 3 28 0 33.858 19.364
2 2020 3 28 0.21904 33.415 19.407
3 2020 3 28 0 33.94 19.489
4 2020 3 28 0 33.438 19.021
5 2020 3 28 0.24501 33.316 19.206
6 2020 3 28 0 33.792 19.614
7 2020 3 28 0.11187 33.833 19.769
8 2020 3 28 0 33.29 18.88
9 2020 3 28 0.18686 33.424 19.216
10 2020 3 28 0.11686 33.023 18.984
11 2020 3 28 0 34.105 20.179
12 2020 3 28 0 34.192 20.486
13 2020 3 28 0 34.185 20.443
14 2020 3 28 0 34.171 20.282
15 2020 3 28 0 34.114 20.212
16 2020 3 28 0 34.12 20.149
17 2020 3 28 0 34.154 20.161
18 2020 3 28 0 34.235 20.176
19 2020 3 28 0 31.712 16.254
20 2020 3 28 0 32.196 17.951
21 2020 3 28 0.12955 31.634 16.414
22 2020 3 28 0 31.544 16.219
23 2020 3 28 0 31.495 16.325
24 2020 3 28 0 31.925 17.266
25 2020 3 28 0 31.346 16.121
26 2020 3 28 0 31.772 17.031
27 2020 3 28 0 31.713 16.821
28 2020 3 28 0 31.951 16.549
29 2020 3 28 0 32.407 18.352
30 2020 3 28 0 32.39 17.583
31 2020 3 28 0 32.231 16.832
32 2020 3 28 0 32.896 18.468
33 2020 3 28 0 34.385 21.262
34 2020 3 28 0 34.448 21.086
35 2020 3 28 0 34.297 21.405
36 2020 3 28 0.1063 34.232 21.2
37 2020 3 28 0.21175 34.294 20.636
38 2020 3 28 0 34.343 21.341
39 2020 3 28 0 34.243 21.427
40 2020 3 28 0.44908 34.272 20.9
41 2020 3 28 0.21688 34.237 21.502
42 2020 3 28 0.41325 34.099 19.794
43 2020 3 28 1.2197 34.641 20.417
44 2020 3 28 1.0872 34.543 20.319
45 2020 3 28 0.20532 34.301 19.802
46 2020 3 28 0.27002 34.316 20.082
47 2020 3 28 0.47583 34.48 20.147
48 2020 3 28 0.65767 34.42 19.995
49 2020 3 28 0.29264 34.097 19.716
51 2020 3 28 0 33.951 19.338
52 2020 3 28 0 34.149 19.437
53 2020 3 28 0 33.781 19.275
54 2020 3 28 0.10065 33.941 19.208
55 2020 3 28 0 29.064 19.867
56 2020 3 28 0 30.048 20.002
57 2020 3 28 0 29.509 20.301
58 2020 3 28 0 30.217 19.71
59 2020 3 28 0 29.766 20.16
60 2020 3 28 0 28.951 19.985
61 2020 3 28 0 31.506 20.382
62 2020 3 28 0 32.042 19.595
63 2020 3 28 0 31.833 20.197
64 2020 3 28 0 31.882 20.361
65 2020 3 28 0 32.568 19.972
66 2020 3 28 0 31.162 20.653
67 2020 3 28 0 31.74 20.443
68 2020 3 28 0 32.591 19.893
69 2020 3 28 0 31.733 20.432
70 2020 3 28 0 32.46 19.612
71 2020 3 28 0 29.504 19.862
72 2020 3 28 0 29.712 19.766
73 2020 3 28 0.45819 30.817 19.246
74 2020 3 28 0.19538 29.663 19.767
75 2020 3 28 0 29.919 19.685
76 2020 3 28 0 29.52 19.839
77 2020 3 28 0 29.491 19.88
78 2020 3 28 0 29.43 19.862
79 2020 3 28 0.3799 29.523 19.836
80 2020 3 28 0.96819 31.548 18.632
81 2020 3 28 0 34.026 19.795
82 2020 3 28 0 34.392 20.279
83 2020 3 28 0 34.285 19.791
84 2020 3 28 0 34.219 19.808
85 2020 3 28 0 34.169 19.899
86 2020 3 28 0 34.105 20.026
87 2020 3 28 0 34.074 19.74
88 2020 3 28 0 34.102 19.984
89 2020 3 28 0 34.307 20.143
90 2020 3 28 0 34.089 20.006
91 2020 3 28 0.25207 33.586 18.976
92 2020 3 28 0.12843 33.437 18.767
93 2020 3 28 0.19404 33.629 19.114
94 2020 3 28 0 33.553 19.163
95 2020 3 28 0 32.55 17.402
96 2020 3 28 0 31.962 16.955
97 2020 3 28 0 32.849 17.744
98 2020 3 28 0 32.831 17.867
99 2020 3 28 0 33.569 18.691
100 2020 3 28 0.10341 33.259 18.377
102 2020 3 28 0.15376 34.306 21.403
103 2020 3 28 0.21574 34.447 21.121
104 2020 3 28 0 34.378 21.181
105 2020 3 28 0.16929 34.375 21.512
106 2020 3 28 0.16151 34.477 20.992
107 2020 3 28 0 34.097 21.63
109 2020 3 28 0 33.649 22.048
110 2020 3 28 0 33.886 21.662
111 2020 3 28 0.26513 33.764 21.888
112 2020 3 28 0 33.479 22.126
113 2020 3 28 0.21403 34.676 20.509
114 2020 3 28 0 34.55 20.468
115 2020 3 28 0.58629 34.691 20.607
116 2020 3 28 1.4097 34.67 20.677
117 2020 3 28 0 34.631 20.526
118 2020 3 28 0.29423 34.494 20.244
119 2020 3 28 0 34.476 20.412
120 2020 3 28 0.10353 32.461 17.472
121 2020 3 28 0.12332 32.944 18.118
122 2020 3 28 0 32.482 17.751
123 2020 3 28 0 32.198 18.095
124 2020 3 28 0 32.437 18.213
125 2020 3 28 0 32.885 18.553
126 2020 3 28 0 32.167 18.232
127 2020 3 28 0 31.839 16.725
128 2020 3 28 0 32.316 17.038
129 2020 3 28 0 30.176 20.49
130 2020 3 28 0 30.569 20.692
131 2020 3 28 0 30.085 20.523
132 2020 3 28 0 32.544 18.945
133 2020 3 28 0 30.955 20.399
134 2020 3 28 0 32.107 19.208
135 2020 3 28 0 30.222 20.273
136 2020 3 28 0 33.464 18.549
137 2020 3 28 0 31.496 19.818
138 2020 3 28 0 32.513 18.973
139 2020 3 28 0 31.103 19.667
140 2020 3 28 0 30.73 19.808
141 2020 3 28 0 30.282 20.414
142 2020 3 28 0 33.741 18.509
143 2020 3 28 0 33.678 18.641
144 2020 3 28 0 32.592 17.799
145 2020 3 28 0.12402 31.426 16.719
146 2020 3 28 0.36106 31.42 15.935
147 2020 3 28 0 34.174 19.158
148 2020 3 28 0 34.277 19.253
149 2020 3 28 0 31.831 17.232
150 2020 3 28 0 31.627 17.131
151 2020 3 28 0.32533 34.221 21.218
152 2020 3 28 0 34.002 21.809
153 2020 3 28 0.37054 34.209 21.144
154 2020 3 28 0 34.232 21.532
155 2020 3 28 0 33.824 21.988
156 2020 3 28 0 34.025 21.76
157 2020 3 28 0.14448 34.195 21.57
158 2020 3 28 0.20306 34.201 21.109
159 2020 3 28 0 34.227 21.555
160 2020 3 28 0 34.077 21.692
161 2020 3 28 0 33.019 18.713
162 2020 3 28 0 32.994 18.989
164 2020 3 28 0 32.853 18.751
165 2020 3 28 0 32.864 18.898
166 2020 3 28 0.26147 32.995 19.145
167 2020 3 28 0 32.682 18.839
168 2020 3 28 0 33 18.771
169 2020 3 28 0 32.776 18.789
170 2020 3 28 0 32.881 18.891
171 2020 3 28 0.14179 33.293 22.236
172 2020 3 28 0.18361 33.287 22.443
173 2020 3 28 0.24959 33.256 22.523
174 2020 3 28 0 34.385 20.671
175 2020 3 28 0.70244 34.508 20.9
176 2020 3 28 0 34.465 20.386
177 2020 3 28 0 34.471 21.118
178 2020 3 28 0 34.361 20.814
179 2020 3 28 0 34.41 20.402
180 2020 3 28 0 34.466 21.081
181 2020 3 28 1.1267 34.555 20.674
182 2020 3 28 0 33.566 21.847
183 2020 3 28 0 33.281 22.415
184 2020 3 28 0 33.267 22.423
185 2020 3 28 0 33.371 21.966
186 2020 3 28 0 33.342 21.683
187 2020 3 28 0 33.388 21.923
188 2020 3 28 0.44814 34.581 21.71
189 2020 3 28 0.11812 33.665 22.184
190 2020 3 28 1.2516 33.91 21.999
191 2020 3 28 0 33.75 22.086
192 2020 3 28 0.11599 33.497 22.358
195 2020 3 28 0 29.342 20.248
196 2020 3 28 0.15637 29.319 20.144
197 2020 3 28 0.14225 29.2 20.046
198 2020 3 28 0 29.358 20.044
199 2020 3 28 0.39647 31.958 18.959
200 2020 3 28 0.76524 31.19 19.132
201 2020 3 28 0.27588 31.295 19.252
202 2020 3 28 0 31.369 19.409
203 2020 3 28 0 32.525 18.882
204 2020 3 28 0 34.316 19.724
205 2020 3 28 0 32.908 18.196
206 2020 3 28 0 34.307 19.461
207 2020 3 28 0 34.32 19.717
208 2020 3 28 0 33.991 19.266
209 2020 3 28 0 34.118 19.219
210 2020 3 28 3.137 34.648 20.59
211 2020 3 28 2.044 34.615 20.766
212 2020 3 28 2.3215 34.661 20.692
213 2020 3 28 1.2185 34.517 20.805
214 2020 3 28 0.37751 34.499 20.981
215 2020 3 28 1.5382 34.554 20.863
216 2020 3 28 0 32.924 18.913
217 2020 3 28 0 33.609 18.601
218 2020 3 28 0 32.358 19.064
219 2020 3 28 0 32.83 19.267
220 2020 3 28 0.29657 33.842 19.682
221 2020 3 28 0.10349 33.479 19.519
222 2020 3 28 0.11237 32.557 18.934
223 2020 3 28 0 33.644 18.917
224 2020 3 28 0 33.285 19.171
225 2020 3 28 0 34.054 19.623
226 2020 3 28 0.10529 33.514 19.39
227 2020 3 28 0 33.111 19.605
228 2020 3 28 0 33.183 19.668
229 2020 3 28 0 33.174 19.647
230 2020 3 28 0 33.052 19.69
231 2020 3 28 0.15034 33.319 19.692
232 2020 3 28 0 32.966 19.749
233 2020 3 28 0 34.375 20.223
234 2020 3 28 0 34.344 19.785
235 2020 3 28 0 34.335 19.805
236 2020 3 28 0 34.405 20.236
237 2020 3 28 0.12426 34.393 19.947
238 2020 3 28 0 34.361 20.02
239 2020 3 28 0 34.085 19.405
240 2020 3 28 0.14485 33.77 19.256
241 2020 3 28 0.50622 34.397 19.692
242 2020 3 28 0.28309 33.895 19.445
243 2020 3 28 0.31365 34.124 19.602
244 2020 3 28 0.17482 34.206 19.306
245 2020 3 28 0.38068 34.251 19.156
246 2020 3 28 0.35077 34.422 19.623
247 2020 3 28 0.76993 34.043 18.913
248 2020 3 28 0.20632 33.951 18.883
249 2020 3 28 0.12619 33.694 18.679
250 2020 3 28 0 33.604 18.95
251 2020 3 28 0.18611 34.064 18.611
252 2020 3 28 0 33.391 18.878
0 2020 3 28 0.25173 31 19.054
