1 2020 2 27 0 34.547 17.613
2 2020 2 27 0 34.702 17.547
3 2020 2 27 0 34.631 17.635
4 2020 2 27 0 34.606 17.856
5 2020 2 27 0 34.742 16.944
6 2020 2 27 0 35.101 16.982
7 2020 2 27 0 34.988 17.568
8 2020 2 27 0 34.637 17.944
9 2020 2 27 0 34.527 17.667
10 2020 2 27 0 34.452 17.778
11 2020 2 27 0 34.952 17.928
12 2020 2 27 0 35.092 17.914
13 2020 2 27 0 35.182 17.854
14 2020 2 27 0 35.351 17.664
15 2020 2 27 0 35.127 17.863
16 2020 2 27 0 35.145 17.819
17 2020 2 27 0 35.277 17.712
18 2020 2 27 0 34.829 17.835
19 2020 2 27 0 32.652 15.621
20 2020 2 27 0 33.647 16.973
21 2020 2 27 0 32.618 15.56
22 2020 2 27 0 32.59 15.808
23 2020 2 27 0 32.572 15.877
24 2020 2 27 0 33.243 16.644
25 2020 2 27 0 32.597 15.941
26 2020 2 27 0 33.003 16.42
27 2020 2 27 0 32.983 16.387
28 2020 2 27 0 32.711 15.591
29 2020 2 27 0 33.913 17.209
30 2020 2 27 0 33.853 17.223
31 2020 2 27 0 32.807 15.441
32 2020 2 27 0 34.506 17.87
33 2020 2 27 0 35.603 17.905
34 2020 2 27 0 35.479 17.708
35 2020 2 27 0 35.796 18.085
36 2020 2 27 0 35.697 17.822
37 2020 2 27 0 35.505 17.595
38 2020 2 27 0 35.513 18.098
39 2020 2 27 0 35.465 18.164
40 2020 2 27 0 35.559 17.582
41 2020 2 27 0 35.696 18.179
42 2020 2 27 0 34.639 17.251
43 2020 2 27 0 34.736 17.664
44 2020 2 27 0 34.72 17.513
45 2020 2 27 0 34.662 17.864
46 2020 2 27 0 34.669 17.349
47 2020 2 27 0 34.723 17.817
48 2020 2 27 0 34.706 17.956
49 2020 2 27 0 34.639 17.516
51 2020 2 27 0 34.559 17.648
52 2020 2 27 0 34.596 17.692
53 2020 2 27 0 34.531 17.626
54 2020 2 27 0 34.538 17.655
55 2020 2 27 0 30.59 17.962
56 2020 2 27 0 31.315 18.106
57 2020 2 27 0 30.798 17.753
58 2020 2 27 0 31.457 18.051
59 2020 2 27 0 31.136 17.819
60 2020 2 27 0 30.45 17.757
61 2020 2 27 0 32.269 17.908
62 2020 2 27 0 33.242 17.557
63 2020 2 27 0 32.639 17.804
64 2020 2 27 0 32.535 17.943
65 2020 2 27 0 33.284 17.516
66 2020 2 27 0 31.824 18.275
67 2020 2 27 0 32.377 18.036
68 2020 2 27 0 33.412 17.567
69 2020 2 27 0 32.384 18.003
70 2020 2 27 0 33.59 17.6
71 2020 2 27 0 30.681 18.05
72 2020 2 27 0 30.886 18.042
73 2020 2 27 0 31.923 17.907
74 2020 2 27 0 30.847 18.023
75 2020 2 27 0 31.068 18.034
76 2020 2 27 0 30.705 18.04
77 2020 2 27 0 30.663 18.06
78 2020 2 27 0 30.641 18.057
79 2020 2 27 0 30.71 18.035
80 2020 2 27 0 32.656 17.181
81 2020 2 27 0 34.904 17.694
82 2020 2 27 0 34.601 17.848
83 2020 2 27 0 34.587 17.764
84 2020 2 27 0 34.636 17.726
85 2020 2 27 0 34.755 17.783
86 2020 2 27 0 35.092 17.748
87 2020 2 27 0 34.749 17.711
88 2020 2 27 0 34.887 17.832
89 2020 2 27 0 34.701 17.806
90 2020 2 27 0 35.002 17.792
91 2020 2 27 0 34.409 17.48
92 2020 2 27 0 34.558 17.778
93 2020 2 27 0 34.619 17.788
94 2020 2 27 0 34.534 17.708
95 2020 2 27 0 33.129 15.878
96 2020 2 27 0 32.708 15.641
97 2020 2 27 0 33.485 16.267
98 2020 2 27 0 33.463 16.424
99 2020 2 27 0 34.151 17.234
100 2020 2 27 0 33.896 16.771
102 2020 2 27 0 35.377 18.309
103 2020 2 27 0 35.183 18.323
104 2020 2 27 0 35.231 18.224
105 2020 2 27 0 35.472 18.551
106 2020 2 27 0 35.084 18.252
107 2020 2 27 0 35.952 18.226
109 2020 2 27 0 35.989 18.339
110 2020 2 27 0 35.872 18.131
111 2020 2 27 0 35.917 18.247
112 2020 2 27 0 35.972 18.299
113 2020 2 27 0 34.724 17.596
114 2020 2 27 0 34.613 17.812
115 2020 2 27 0 34.804 17.582
116 2020 2 27 0 34.85 17.686
117 2020 2 27 0 34.686 17.654
118 2020 2 27 0 34.659 17.938
119 2020 2 27 0 34.546 17.974
120 2020 2 27 0 33.409 16.584
121 2020 2 27 0 33.985 17.193
122 2020 2 27 0 33.739 17.101
123 2020 2 27 0 33.76 16.991
124 2020 2 27 0 34.018 17.221
125 2020 2 27 0 34.419 17.609
126 2020 2 27 0 33.6 16.829
127 2020 2 27 0 32.8 16.062
128 2020 2 27 0 32.983 15.806
129 2020 2 27 0 31.175 18.041
130 2020 2 27 0 31.351 18.301
131 2020 2 27 0 31.091 18.062
132 2020 2 27 0 33.547 16.938
133 2020 2 27 0 31.877 17.917
134 2020 2 27 0 33.234 16.81
135 2020 2 27 0 31.472 17.744
136 2020 2 27 0 34.56 16.312
137 2020 2 27 0 32.61 17.466
138 2020 2 27 0 33.486 16.486
139 2020 2 27 0 32.274 17.402
140 2020 2 27 0 31.93 17.852
141 2020 2 27 0 31.352 17.908
142 2020 2 27 0 35.171 16.645
143 2020 2 27 0 34.156 17.404
144 2020 2 27 0 33.329 16.613
145 2020 2 27 0 32.505 15.772
146 2020 2 27 0 32.575 15.354
147 2020 2 27 0 34.592 17.767
148 2020 2 27 0 34.61 17.795
149 2020 2 27 0 32.757 16.101
150 2020 2 27 0 32.635 16.047
151 2020 2 27 0 35.718 17.828
152 2020 2 27 0 35.951 18.342
153 2020 2 27 0 35.657 17.726
154 2020 2 27 0 35.938 18.225
155 2020 2 27 0 36.011 18.403
156 2020 2 27 0 35.831 18.294
157 2020 2 27 0 35.843 18.228
158 2020 2 27 0 35.625 17.682
159 2020 2 27 0 35.959 18.244
160 2020 2 27 0 35.592 18.269
161 2020 2 27 0 34.391 17.464
162 2020 2 27 0 34.559 17.373
164 2020 2 27 0 34.048 17.439
165 2020 2 27 0 34.336 17.607
166 2020 2 27 0 34.523 17.413
167 2020 2 27 0 34.014 17.62
168 2020 2 27 0 34.512 17.47
169 2020 2 27 0 34.014 17.512
170 2020 2 27 0 34.327 17.556
171 2020 2 27 0 35.772 17.987
172 2020 2 27 0 35.936 18.366
173 2020 2 27 0 35.991 18.459
174 2020 2 27 0 35.066 17.861
175 2020 2 27 0 35.067 18.02
176 2020 2 27 0 34.689 17.764
177 2020 2 27 0 35.32 17.9
178 2020 2 27 0 35.252 17.807
179 2020 2 27 0 34.86 17.736
180 2020 2 27 0 35.203 18.105
181 2020 2 27 0 34.926 17.784
182 2020 2 27 0 35.85 18.111
183 2020 2 27 0 36.007 18.432
184 2020 2 27 0 35.953 18.289
185 2020 2 27 0 35.853 18.083
186 2020 2 27 0 35.57 17.914
187 2020 2 27 0 35.865 18.021
188 2020 2 27 0 35.547 18.838
189 2020 2 27 0 35.837 18.515
190 2020 2 27 0 35.741 18.629
191 2020 2 27 0 36 18.448
192 2020 2 27 0 36.016 18.546
195 2020 2 27 0 30.639 17.728
196 2020 2 27 0 30.574 17.804
197 2020 2 27 0 30.511 17.853
198 2020 2 27 0 30.575 17.915
199 2020 2 27 0 33.239 17.749
200 2020 2 27 0 32.431 17.925
201 2020 2 27 0 32.52 17.968
202 2020 2 27 0 32.522 17.816
203 2020 2 27 0 33.641 17.471
204 2020 2 27 0 34.569 17.84
205 2020 2 27 0 33.587 16.926
206 2020 2 27 0 34.595 17.841
207 2020 2 27 0 34.573 17.902
208 2020 2 27 0 34.391 17.663
209 2020 2 27 0 34.479 17.739
210 2020 2 27 0 34.805 17.595
211 2020 2 27 0 34.917 17.856
212 2020 2 27 0 34.862 17.719
213 2020 2 27 0 34.994 18.048
214 2020 2 27 0 35.083 18.25
215 2020 2 27 0 34.989 18.038
216 2020 2 27 0 34.537 17.293
217 2020 2 27 0 34.956 16.523
218 2020 2 27 0 33.97 17.494
219 2020 2 27 0 34.254 17.604
220 2020 2 27 0 34.587 17.499
221 2020 2 27 0 34.545 17.617
222 2020 2 27 0 33.987 17.07
223 2020 2 27 0 35.197 17.163
224 2020 2 27 0 34.917 17.652
225 2020 2 27 0 34.806 17.445
226 2020 2 27 0 34.799 17.647
227 2020 2 27 0 34.168 17.654
228 2020 2 27 0 34.096 17.521
229 2020 2 27 0 33.99 17.297
230 2020 2 27 0 33.879 17.35
231 2020 2 27 0 34.269 17.691
232 2020 2 27 0 33.719 17.295
233 2020 2 27 0 34.504 17.931
234 2020 2 27 0 34.616 17.928
235 2020 2 27 0 34.584 17.926
236 2020 2 27 0 34.515 18.008
237 2020 2 27 0 34.639 17.964
238 2020 2 27 0 34.525 17.951
239 2020 2 27 0 35.145 16.395
240 2020 2 27 0 35.098 17.323
241 2020 2 27 0 35.227 16.561
242 2020 2 27 0 34.946 17.353
243 2020 2 27 0 34.768 17.077
244 2020 2 27 0 35.124 16.807
245 2020 2 27 0 35.18 16.446
246 2020 2 27 0 34.978 16.607
247 2020 2 27 0 35.294 16.526
248 2020 2 27 0 35.153 16.182
249 2020 2 27 0 35.191 16.714
250 2020 2 27 0 34.93 16.463
251 2020 2 27 0 35.563 16.554
252 2020 2 27 0 34.876 16.917
0 2020 2 27 0 32.251 17.638
