1 2020 6 6 17.077 38.06 24.746
2 2020 6 6 6.4528 36.639 23.374
3 2020 6 6 15.491 37.848 24.581
4 2020 6 6 9.0853 37.809 24.665
5 2020 6 6 23.932 35.716 22.425
6 2020 6 6 25.28 35.451 22.084
7 2020 6 6 13.785 36.628 23.087
8 2020 6 6 8.3211 37.769 24.736
9 2020 6 6 18.096 37.371 24.21
10 2020 6 6 7.7463 36.895 24.067
11 2020 6 6 4.5723 37.438 24.295
12 2020 6 6 1.1905 36.79 23.993
13 2020 6 6 3.0261 36.575 23.574
14 2020 6 6 6.4293 36.097 22.698
15 2020 6 6 4.726 36.994 23.576
16 2020 6 6 6.1648 36.937 23.404
17 2020 6 6 5.7749 36.461 22.811
18 2020 6 6 9.3333 37.342 24.735
19 2020 6 6 4.9422 36.35 22.73
20 2020 6 6 10.034 37.655 25.847
21 2020 6 6 2.6473 36.104 23.04
22 2020 6 6 6.4366 36.321 22.895
23 2020 6 6 7.4342 36.251 23.11
24 2020 6 6 10.665 36.984 24.57
25 2020 6 6 3.6936 36.183 23.116
26 2020 6 6 8.7356 36.767 24.187
27 2020 6 6 10.595 36.596 23.899
28 2020 6 6 2.9783 36.628 22.77
29 2020 6 6 23.962 38.002 26.59
30 2020 6 6 6.8951 37.242 24.591
31 2020 6 6 1.1124 36.836 22.774
32 2020 6 6 11.765 37.989 25.746
33 2020 6 6 1.4577 34.37 23.034
34 2020 6 6 0.6322 34.758 22.97
35 2020 6 6 0.80285 33.879 22.837
36 2020 6 6 2.5916 33.845 22.761
37 2020 6 6 3.8814 35.259 22.543
38 2020 6 6 3.0846 34.652 23.767
39 2020 6 6 2.6077 34.596 24.17
40 2020 6 6 4.7416 34.438 22.644
41 2020 6 6 0.97646 34.018 23.425
42 2020 6 6 0.14672 36.596 25.617
43 2020 6 6 2.5684 36.658 25.905
44 2020 6 6 0 36.557 25.7
45 2020 6 6 1.0556 37.173 26.172
46 2020 6 6 0 36.504 25.543
47 2020 6 6 2.8281 36.715 26.262
48 2020 6 6 3.8137 36.909 26.421
49 2020 6 6 1.0014 36.812 26.021
51 2020 6 6 5.3593 38.003 24.791
52 2020 6 6 14.297 37.805 24.876
53 2020 6 6 12.664 38.068 24.714
54 2020 6 6 10.765 38.045 24.78
55 2020 6 6 0.3875 36.24 28.319
56 2020 6 6 11.201 36.824 27.781
57 2020 6 6 0.19099 36.16 28.817
58 2020 6 6 33.556 36.783 27.803
59 2020 6 6 1.522 36.44 28.276
60 2020 6 6 0.65066 36.063 28.778
61 2020 6 6 0 33.288 20.379
62 2020 6 6 0.13683 35.178 26.801
63 2020 6 6 0 35.753 28.112
64 2020 6 6 0 33.684 20.256
65 2020 6 6 0 34.462 19.683
66 2020 6 6 0 32.942 20.678
67 2020 6 6 0 33.525 20.37
68 2020 6 6 0 34.471 19.63
69 2020 6 6 0 33.508 20.386
70 2020 6 6 0 34.34 19.494
71 2020 6 6 0 32.044 20.16
72 2020 6 6 0.31799 36.436 28.529
73 2020 6 6 7.105 36.88 27.879
74 2020 6 6 0.65729 36.411 28.576
75 2020 6 6 0.86673 36.509 28.426
76 2020 6 6 0.24405 36.353 28.66
77 2020 6 6 0 32.019 20.175
78 2020 6 6 0 31.944 20.159
79 2020 6 6 0 36.356 28.656
80 2020 6 6 22.046 37.325 27.628
81 2020 6 6 20.355 37.325 23.876
82 2020 6 6 8.7754 37.107 25.505
83 2020 6 6 23.747 37.5 25.176
84 2020 6 6 27.723 37.541 24.96
85 2020 6 6 22.376 37.539 24.667
86 2020 6 6 11.152 36.963 23.43
87 2020 6 6 15.228 37.585 24.458
88 2020 6 6 12.63 37.453 24.264
89 2020 6 6 12.507 37.278 25.09
90 2020 6 6 9.9256 37.203 23.797
91 2020 6 6 14.448 38.038 24.599
92 2020 6 6 9.5143 38.076 24.787
93 2020 6 6 14.78 38.092 24.796
94 2020 6 6 9.4554 37.853 24.614
95 2020 6 6 0.94224 37.061 23.288
96 2020 6 6 1.2783 36.529 23.252
97 2020 6 6 1.6945 37.394 23.481
98 2020 6 6 3.3073 37.201 23.821
99 2020 6 6 8.3419 37.72 24.454
100 2020 6 6 4.9188 37.692 23.986
102 2020 6 6 8.2645 34.987 24.799
103 2020 6 6 5.6497 36.018 25.31
104 2020 6 6 11 35.683 24.942
105 2020 6 6 16.832 34.938 25.043
106 2020 6 6 15.34 36.412 25.416
107 2020 6 6 3.7883 35.787 20.717
109 2020 6 6 8.2299 35.057 20.918
110 2020 6 6 6.6877 35.421 20.599
111 2020 6 6 5.5395 33.595 22.684
112 2020 6 6 5.4415 34.752 20.876
113 2020 6 6 8.0687 36.647 25.738
114 2020 6 6 12.221 36.79 25.911
115 2020 6 6 20.743 36.604 25.515
116 2020 6 6 10.43 36.561 25.531
117 2020 6 6 16.851 36.718 25.686
118 2020 6 6 4.6592 36.803 26.3
119 2020 6 6 4.975 36.851 26.161
120 2020 6 6 5.5953 37.095 23.689
121 2020 6 6 4.8844 37.584 24.25
122 2020 6 6 2.9299 37.359 24.41
123 2020 6 6 15.559 37.892 25.942
124 2020 6 6 19.464 37.992 25.48
125 2020 6 6 27.253 38.204 25.317
126 2020 6 6 46.852 37.958 26.885
127 2020 6 6 12.234 36.512 23.21
128 2020 6 6 5.2909 36.926 23.022
129 2020 6 6 0.10097 32.38 20.597
130 2020 6 6 0 32.47 20.759
131 2020 6 6 0 32.255 20.626
132 2020 6 6 12.117 37.761 26.564
133 2020 6 6 0 32.786 20.44
134 2020 6 6 2.8468 36.719 27.049
135 2020 6 6 0.37532 36.351 28.142
136 2020 6 6 15.119 37.431 25.847
137 2020 6 6 0 36.007 27.631
138 2020 6 6 8.1521 37.45 27.084
139 2020 6 6 4.4547 37.069 27.511
140 2020 6 6 6.3629 37.109 27.39
141 2020 6 6 0 32.249 20.493
142 2020 6 6 22.764 37.208 24.47
143 2020 6 6 14.055 37.53 24.725
144 2020 6 6 2.9753 36.814 24.216
145 2020 6 6 6.5682 35.917 23.575
146 2020 6 6 3.586 35.681 22.672
147 2020 6 6 13.042 37.94 24.867
148 2020 6 6 16.111 37.826 24.97
149 2020 6 6 6.3552 36.292 23.925
150 2020 6 6 1.3898 36.118 23.93
151 2020 6 6 4.7841 33.75 22.772
152 2020 6 6 0.9567 33.691 22.93
153 2020 6 6 8.0362 33.797 22.802
154 2020 6 6 0.62097 33.595 22.711
155 2020 6 6 3.7195 33.674 22.865
156 2020 6 6 0.14262 33.805 23.254
157 2020 6 6 0.21983 33.716 23.043
158 2020 6 6 7.0715 33.831 22.808
159 2020 6 6 1.4203 33.574 22.69
160 2020 6 6 4.5013 34.153 24.074
161 2020 6 6 11.834 37.644 25.033
162 2020 6 6 22.444 36.179 23.241
164 2020 6 6 29.098 37.804 25.405
165 2020 6 6 7.1156 36.756 24.09
166 2020 6 6 10.085 36.204 23.152
167 2020 6 6 41.285 37.229 24.925
168 2020 6 6 17.248 36.783 24.152
169 2020 6 6 25.488 37.497 25.167
170 2020 6 6 16.362 36.819 24.134
171 2020 6 6 1.1818 34.54 21.016
172 2020 6 6 1.4184 33.995 23.357
173 2020 6 6 2.9252 34.508 21.319
174 2020 6 6 11.141 36.453 24.421
175 2020 6 6 24.266 36.291 25.03
176 2020 6 6 12.548 36.978 25.412
177 2020 6 6 2.4935 35.297 23.832
178 2020 6 6 2.7647 35.81 23.597
179 2020 6 6 8.553 37.016 24.941
180 2020 6 6 12.151 35.842 24.693
181 2020 6 6 26.317 36.582 25.181
182 2020 6 6 5.1123 34.867 20.58
183 2020 6 6 4.7954 34.438 21.155
184 2020 6 6 10.164 34.139 21.277
185 2020 6 6 4.0078 34.496 20.579
186 2020 6 6 18.546 34.499 20.366
187 2020 6 6 8.8703 34.458 20.561
188 2020 6 6 1.4312 35.413 25.459
189 2020 6 6 2.6432 34.119 23.76
190 2020 6 6 3.6559 34.485 24.276
191 2020 6 6 1.761 33.77 23.049
192 2020 6 6 1.5904 33.864 23.252
195 2020 6 6 0 31.7 20.395
196 2020 6 6 0 31.762 20.362
197 2020 6 6 0.11031 31.63 20.275
198 2020 6 6 0.16089 31.825 20.295
199 2020 6 6 60.274 37.304 25.884
200 2020 6 6 53.961 36.895 26.846
201 2020 6 6 65.991 37.031 26.648
202 2020 6 6 30.15 37.37 26.807
203 2020 6 6 31.255 37.758 25.846
204 2020 6 6 6.1712 37.538 25.368
205 2020 6 6 7.3188 36.986 24.681
206 2020 6 6 14.347 37.73 25.288
207 2020 6 6 6.1003 37.65 25.749
208 2020 6 6 4.6171 37.673 25.565
209 2020 6 6 21.269 37.759 25.361
210 2020 6 6 0.45425 36.503 25.482
211 2020 6 6 8.1359 36.532 25.511
212 2020 6 6 2.4005 36.552 25.542
213 2020 6 6 2.9127 36.426 25.4
214 2020 6 6 4.4246 36.412 25.466
215 2020 6 6 21.332 36.506 25.472
216 2020 6 6 8.2826 34.759 24.911
217 2020 6 6 17.803 36.661 25.134
218 2020 6 6 0.50017 34.291 25.165
219 2020 6 6 1.4398 34.017 25.112
220 2020 6 6 5.17 35.67 19.096
221 2020 6 6 4.4946 34.339 25.384
222 2020 6 6 1.7392 35.208 25.72
223 2020 6 6 7.4265 35.515 24.403
224 2020 6 6 6.1322 34.601 24.65
225 2020 6 6 2.1645 34.898 25.19
226 2020 6 6 2.5943 34.57 25.025
227 2020 6 6 0.69458 33.997 25.636
228 2020 6 6 0.88991 35.093 19.19
229 2020 6 6 0.11584 35.142 19.161
230 2020 6 6 0 35.003 19.256
231 2020 6 6 4.0934 35.167 19.193
232 2020 6 6 0 34.925 19.331
233 2020 6 6 4.6744 37.162 25.754
234 2020 6 6 1.4349 37.511 25.989
235 2020 6 6 2.6489 37.561 25.924
236 2020 6 6 1.8499 37.113 26.109
237 2020 6 6 1.6729 37.211 26.194
238 2020 6 6 3.2349 37.368 25.873
239 2020 6 6 11.227 34.783 21.831
240 2020 6 6 3.7077 34.794 23.99
241 2020 6 6 12.531 34.764 22.398
242 2020 6 6 3.6988 34.718 24.34
243 2020 6 6 9.0299 34.638 24.095
244 2020 6 6 3.128 34.892 23.174
245 2020 6 6 1.7138 35.051 22.546
246 2020 6 6 14.159 34.677 22.893
247 2020 6 6 4.4476 35.465 22.949
248 2020 6 6 7.6687 35.234 22.075
249 2020 6 6 36.142 36.349 23.222
250 2020 6 6 27.366 35.428 22.168
251 2020 6 6 17.732 36.375 23.59
252 2020 6 6 47.312 36.065 22.968
0 2020 6 6 27.482 37.176 27.537
