1 2020 2 25 0 33.295 16.672
2 2020 2 25 0 33.222 16.376
3 2020 2 25 0 33.133 16.754
4 2020 2 25 0 33.78 16.62
5 2020 2 25 0 33.062 15.751
6 2020 2 25 0 33.109 15.883
7 2020 2 25 0 33.181 16.543
8 2020 2 25 0 33.933 16.647
9 2020 2 25 0 33.423 16.474
10 2020 2 25 0 33.476 16.392
11 2020 2 25 0 32.484 17.355
12 2020 2 25 0 32.463 17.253
13 2020 2 25 0 32.627 17.111
14 2020 2 25 0 33.034 16.735
15 2020 2 25 0 32.735 17.137
16 2020 2 25 0 32.849 17.042
17 2020 2 25 0 33.065 16.803
18 2020 2 25 0 32.435 17.327
19 2020 2 25 0 30.831 14.175
20 2020 2 25 0 33.263 15.827
21 2020 2 25 0 30.683 14.46
22 2020 2 25 0 30.973 14.338
23 2020 2 25 0 31.408 14.481
24 2020 2 25 0 32.578 15.305
25 2020 2 25 0 31.309 14.601
26 2020 2 25 0 32.376 15.033
27 2020 2 25 0 32.082 15.043
28 2020 2 25 0 31.302 14.224
29 2020 2 25 0 33.669 16.145
30 2020 2 25 0 32.951 15.743
31 2020 2 25 0 31.423 14.256
32 2020 2 25 0 33.912 16.377
33 2020 2 25 0 32.706 16.768
34 2020 2 25 0 32.623 16.709
35 2020 2 25 0 32.903 16.774
36 2020 2 25 0 32.858 16.514
37 2020 2 25 0 32.967 16.598
38 2020 2 25 0 32.67 16.996
39 2020 2 25 0 32.754 17.081
40 2020 2 25 0 32.855 16.439
41 2020 2 25 0 32.916 16.94
42 2020 2 25 0 32.211 16.704
43 2020 2 25 0 32.512 17.257
44 2020 2 25 0 32.403 17.067
45 2020 2 25 0 32.525 17.309
46 2020 2 25 0 32.275 16.847
47 2020 2 25 0 32.609 17.354
48 2020 2 25 0 32.668 17.462
49 2020 2 25 0 32.356 16.954
51 2020 2 25 0 33.094 16.756
52 2020 2 25 0 32.603 16.976
53 2020 2 25 0 33.415 16.608
54 2020 2 25 0 33.112 16.715
55 2020 2 25 0 30.786 18.059
56 2020 2 25 0 31.394 17.925
57 2020 2 25 0 30.79 17.768
58 2020 2 25 0 31.614 17.787
59 2020 2 25 0 31.102 17.621
60 2020 2 25 0 30.618 17.885
61 2020 2 25 0 32.097 17.782
62 2020 2 25 0 32.571 16.892
63 2020 2 25 0 32.341 17.564
64 2020 2 25 0 32.231 17.793
65 2020 2 25 0 32.787 17.193
66 2020 2 25 0 31.632 18.242
67 2020 2 25 0 32.107 17.923
68 2020 2 25 0 32.757 17.063
69 2020 2 25 0 32.154 17.898
70 2020 2 25 0 32.72 16.806
71 2020 2 25 0 31.145 18.203
72 2020 2 25 0 31.321 18.086
73 2020 2 25 0 32.219 17.377
74 2020 2 25 0 31.295 18.095
75 2020 2 25 0 31.481 17.969
76 2020 2 25 0 31.168 18.186
77 2020 2 25 0 31.126 18.218
78 2020 2 25 0 31.09 18.219
79 2020 2 25 0 31.174 18.179
80 2020 2 25 0 32.818 16.481
81 2020 2 25 0 33.086 16.82
82 2020 2 25 0 32.49 17.471
83 2020 2 25 0 32.367 17.259
84 2020 2 25 0 32.415 17.184
85 2020 2 25 0 32.413 17.221
86 2020 2 25 0 32.98 16.909
87 2020 2 25 0 32.749 16.989
88 2020 2 25 0 32.57 17.196
89 2020 2 25 0 32.431 17.347
90 2020 2 25 0 32.824 17.033
91 2020 2 25 0 33.446 16.388
92 2020 2 25 0 33.839 16.555
93 2020 2 25 0 33.756 16.65
94 2020 2 25 0 33.58 16.561
95 2020 2 25 0 31.702 14.866
96 2020 2 25 0 31.012 14.76
97 2020 2 25 0 32.405 15.08
98 2020 2 25 0 31.898 15.508
99 2020 2 25 0 32.59 16.319
100 2020 2 25 0 32.739 15.697
102 2020 2 25 0 32.663 17.302
103 2020 2 25 0 32.323 17.412
104 2020 2 25 0 32.411 17.277
105 2020 2 25 0 32.701 17.557
106 2020 2 25 0 32.195 17.388
107 2020 2 25 0 33.038 16.92
109 2020 2 25 0 33.06 17.36
110 2020 2 25 0 32.985 16.986
111 2020 2 25 0 33.023 17.206
112 2020 2 25 0 33.038 17.444
113 2020 2 25 0 32.466 17.214
114 2020 2 25 0 32.553 17.477
115 2020 2 25 0 32.382 17.133
116 2020 2 25 0 32.34 17.166
117 2020 2 25 0 32.477 17.294
118 2020 2 25 0 32.657 17.531
119 2020 2 25 0 32.635 17.659
120 2020 2 25 0 32.555 15.222
121 2020 2 25 0 33.204 15.898
122 2020 2 25 0 33.131 15.746
123 2020 2 25 0 33.491 15.978
124 2020 2 25 0 33.672 16.155
125 2020 2 25 0 34 16.505
126 2020 2 25 0 33.521 15.983
127 2020 2 25 0 31.932 14.586
128 2020 2 25 0 31.929 14.5
129 2020 2 25 0 31.218 18.069
130 2020 2 25 0 31.214 18.326
131 2020 2 25 0 31.094 18.108
132 2020 2 25 0 33.054 16.316
133 2020 2 25 0 31.725 17.765
134 2020 2 25 0 32.664 16.251
135 2020 2 25 0 31.336 17.463
136 2020 2 25 0 33.698 15.44
137 2020 2 25 0 32.201 17.021
138 2020 2 25 0 32.952 16.004
139 2020 2 25 0 32.021 17.001
140 2020 2 25 0 31.82 17.511
141 2020 2 25 0 31.247 17.818
142 2020 2 25 0 34.048 15.254
143 2020 2 25 0 32.058 16.646
144 2020 2 25 0 31.289 15.907
145 2020 2 25 0 30.406 14.98
146 2020 2 25 0 30.455 13.999
147 2020 2 25 0 32.673 16.938
148 2020 2 25 0 32.425 17.073
149 2020 2 25 0 30.71 15.466
150 2020 2 25 0 30.549 15.148
151 2020 2 25 0 32.872 16.494
152 2020 2 25 0 33.067 17.125
153 2020 2 25 0 32.83 16.418
154 2020 2 25 0 33.035 16.825
155 2020 2 25 0 33.089 17.298
156 2020 2 25 0 33.033 17.115
157 2020 2 25 0 33.018 16.904
158 2020 2 25 0 32.806 16.387
159 2020 2 25 0 33.048 16.842
160 2020 2 25 0 32.942 17.208
161 2020 2 25 0 33.714 16.299
162 2020 2 25 0 33.266 15.987
164 2020 2 25 0 33.442 16.409
165 2020 2 25 0 33.366 16.259
166 2020 2 25 0 33.146 16.122
167 2020 2 25 0 33.279 16.438
168 2020 2 25 0 33.532 16.044
169 2020 2 25 0 33.325 16.408
170 2020 2 25 0 33.355 16.244
171 2020 2 25 0 33.048 17.434
172 2020 2 25 0 33.098 17.735
173 2020 2 25 0 33.123 17.827
174 2020 2 25 0 32.4 17.184
175 2020 2 25 0 32.27 17.246
176 2020 2 25 0 32.477 17.371
177 2020 2 25 0 32.406 16.983
178 2020 2 25 0 32.485 17
179 2020 2 25 0 32.442 17.257
180 2020 2 25 0 32.3 17.202
181 2020 2 25 0 32.35 17.199
182 2020 2 25 0 32.961 17.195
183 2020 2 25 0 33.129 17.742
184 2020 2 25 0 33.456 17.674
185 2020 2 25 0 33.011 17.315
186 2020 2 25 0 33.137 17.224
187 2020 2 25 0 33.182 17.261
188 2020 2 25 0 32.674 17.931
189 2020 2 25 0 33.029 17.668
190 2020 2 25 0 32.898 17.763
191 2020 2 25 0 33.096 17.41
192 2020 2 25 0 33.117 17.703
195 2020 2 25 0 30.751 17.781
196 2020 2 25 0 30.869 17.818
197 2020 2 25 0 30.81 17.943
198 2020 2 25 0 30.945 17.989
199 2020 2 25 0 32.764 16.84
200 2020 2 25 0 32.319 17.165
201 2020 2 25 0 32.316 17.243
202 2020 2 25 0 32.323 17.263
203 2020 2 25 0 33.115 16.593
204 2020 2 25 0 32.426 17.309
205 2020 2 25 0 31.445 16.14
206 2020 2 25 0 32.413 17.21
207 2020 2 25 0 32.464 17.366
208 2020 2 25 0 32.21 17.003
209 2020 2 25 0 32.291 17.056
210 2020 2 25 0 32.339 17.091
211 2020 2 25 0 32.291 17.235
212 2020 2 25 0 32.33 17.181
213 2020 2 25 0 32.236 17.248
214 2020 2 25 0 32.205 17.398
215 2020 2 25 0 32.237 17.307
216 2020 2 25 0 33.318 16.077
217 2020 2 25 0 33.856 15.382
218 2020 2 25 0 32.799 16.301
219 2020 2 25 0 32.902 16.333
220 2020 2 25 0 32.957 16.226
221 2020 2 25 0 33.011 16.317
222 2020 2 25 0 32.992 16.089
223 2020 2 25 0 33.888 15.848
224 2020 2 25 0 33.629 16.428
225 2020 2 25 0 33.165 16.179
226 2020 2 25 0 33.359 16.4
227 2020 2 25 0 32.778 16.454
228 2020 2 25 0 32.891 16.543
229 2020 2 25 0 33.093 16.632
230 2020 2 25 0 33.03 16.711
231 2020 2 25 0 32.741 16.411
232 2020 2 25 0 33.062 16.848
233 2020 2 25 0 32.528 17.583
234 2020 2 25 0 32.514 17.398
235 2020 2 25 0 32.497 17.415
236 2020 2 25 0 32.605 17.656
237 2020 2 25 0 32.598 17.478
238 2020 2 25 0 32.527 17.528
239 2020 2 25 0 33.088 15.228
240 2020 2 25 0 33.619 16.09
241 2020 2 25 0 33.062 15.331
242 2020 2 25 0 33.396 16.138
243 2020 2 25 0 33.103 15.893
244 2020 2 25 0 33.398 15.551
245 2020 2 25 0 33.359 15.177
246 2020 2 25 0 33.037 15.397
247 2020 2 25 0 33.65 15.194
248 2020 2 25 0 33.361 14.929
249 2020 2 25 0 33.782 15.235
250 2020 2 25 0 33.22 15.225
251 2020 2 25 0 34.119 15.054
252 2020 2 25 0 33.434 15.539
0 2020 2 25 0.17237 32.438 17.117
