1 2020 4 3 0 39.591 22.253
2 2020 4 3 0 39.036 22.563
3 2020 4 3 0 39.482 22.399
4 2020 4 3 0 39.655 22.319
5 2020 4 3 0 38.522 22.446
6 2020 4 3 0 38.522 22.662
7 2020 4 3 0 39.138 22.76
8 2020 4 3 0 39.674 22.393
9 2020 4 3 0 39.326 22.295
10 2020 4 3 0 39.109 22.344
11 2020 4 3 0 38.762 22.914
12 2020 4 3 0 38.607 23.056
13 2020 4 3 0 38.677 23.101
14 2020 4 3 0 38.893 23.146
15 2020 4 3 0 38.862 22.992
16 2020 4 3 0 38.985 22.968
17 2020 4 3 0 39.097 23.031
18 2020 4 3 0 38.863 22.865
19 2020 4 3 0 36.776 18.662
20 2020 4 3 0 38.938 21.698
21 2020 4 3 0 36.578 18.739
22 2020 4 3 0 36.815 18.872
23 2020 4 3 0 37.241 19.412
24 2020 4 3 0 38.285 20.78
25 2020 4 3 0 36.795 19.139
26 2020 4 3 0 38.173 20.568
27 2020 4 3 0 37.771 20.184
28 2020 4 3 0 37.426 19.198
29 2020 4 3 0 39.159 22.118
30 2020 4 3 0 38.48 20.95
31 2020 4 3 0 37.719 19.381
32 2020 4 3 0 39.362 21.987
33 2020 4 3 0 38.282 23.587
34 2020 4 3 0 38.376 23.458
35 2020 4 3 0 38.218 23.773
36 2020 4 3 0 37.863 23.569
37 2020 4 3 0 38.561 23.38
38 2020 4 3 0 38.332 23.591
39 2020 4 3 0 38.24 23.693
40 2020 4 3 0 38.042 23.416
41 2020 4 3 0 38.217 23.849
42 2020 4 3 0 38.358 22.069
43 2020 4 3 0 38.926 22.738
44 2020 4 3 0 38.813 22.6
45 2020 4 3 0 38.842 22.265
46 2020 4 3 0 38.588 22.349
47 2020 4 3 0 38.793 22.674
48 2020 4 3 0 38.828 22.595
49 2020 4 3 0 38.434 22.132
51 2020 4 3 0 39.525 22.247
52 2020 4 3 0 39.334 22.432
53 2020 4 3 0 39.622 22.161
54 2020 4 3 0 39.543 22.084
55 2020 4 3 0 33.294 22.594
56 2020 4 3 0 34.401 22.391
57 2020 4 3 0 32.552 22.787
58 2020 4 3 0 35.131 22.491
59 2020 4 3 0 33.178 22.447
60 2020 4 3 0 32.654 22.804
61 2020 4 3 0 33.288 20.379
62 2020 4 3 0 33.608 21.98
63 2020 4 3 0 32.773 22.102
64 2020 4 3 0 33.684 20.256
65 2020 4 3 0 34.462 19.683
66 2020 4 3 0 32.942 20.678
67 2020 4 3 0 33.525 20.37
68 2020 4 3 0 34.471 19.63
69 2020 4 3 0 33.508 20.386
70 2020 4 3 0 34.34 19.494
71 2020 4 3 0 32.044 20.16
72 2020 4 3 0 34.6 22.907
73 2020 4 3 0 36.72 22.609
74 2020 4 3 0 34.482 22.922
75 2020 4 3 0 34.956 22.865
76 2020 4 3 0 34.2 22.957
77 2020 4 3 0 32.019 20.175
78 2020 4 3 0 31.944 20.159
79 2020 4 3 0.10044 34.213 22.955
80 2020 4 3 0 37.621 22.101
81 2020 4 3 0 39.3 22.668
82 2020 4 3 0 38.999 22.873
83 2020 4 3 0 39.144 22.714
84 2020 4 3 0 39.132 22.77
85 2020 4 3 0 39.007 22.824
86 2020 4 3 0 39.135 22.878
87 2020 4 3 0 39.216 22.673
88 2020 4 3 0 38.957 22.849
89 2020 4 3 0 38.969 22.853
90 2020 4 3 0 39.057 22.852
91 2020 4 3 0 39.579 21.954
92 2020 4 3 0 39.779 22.147
93 2020 4 3 0 39.771 22.269
94 2020 4 3 0 39.579 22.225
95 2020 4 3 0 38.013 19.939
96 2020 4 3 0 37.131 19.289
97 2020 4 3 0 38.678 20.562
98 2020 4 3 0 38.205 20.441
99 2020 4 3 0 39.024 21.456
100 2020 4 3 0 39.02 21.147
102 2020 4 3 0 38.29 23.599
103 2020 4 3 0 38.561 23.154
104 2020 4 3 0 38.474 23.275
105 2020 4 3 0 38.257 23.667
106 2020 4 3 0 38.662 22.975
107 2020 4 3 0 35.787 20.717
109 2020 4 3 0 35.057 20.918
110 2020 4 3 0 35.421 20.599
111 2020 4 3 0 38.141 23.819
112 2020 4 3 0 34.752 20.876
113 2020 4 3 0 38.958 22.748
114 2020 4 3 0 38.96 22.839
115 2020 4 3 0 38.932 22.755
116 2020 4 3 0 38.894 22.779
117 2020 4 3 0 38.966 22.79
118 2020 4 3 0 38.883 22.775
119 2020 4 3 0 38.946 22.876
120 2020 4 3 0 38.578 20.675
121 2020 4 3 0 39.18 21.418
122 2020 4 3 0 38.949 21.321
123 2020 4 3 0 39.122 22.007
124 2020 4 3 0 39.334 22.106
125 2020 4 3 0 39.694 22.378
126 2020 4 3 0 38.82 22.053
127 2020 4 3 0 37.915 19.947
128 2020 4 3 0 38.167 19.924
129 2020 4 3 0 32.38 20.597
130 2020 4 3 0 32.47 20.759
131 2020 4 3 0 32.255 20.626
132 2020 4 3 0 36.642 21.694
133 2020 4 3 0 32.786 20.44
134 2020 4 3 0 34.709 21.667
135 2020 4 3 0 33.109 22.165
136 2020 4 3 0 36.995 21.41
137 2020 4 3 0 33.431 22.008
138 2020 4 3 0 35.416 21.471
139 2020 4 3 0 34.623 22.008
140 2020 4 3 0 34.955 22.204
141 2020 4 3 0 32.249 20.493
142 2020 4 3 0 38.634 21.72
143 2020 4 3 0 38.707 21.328
144 2020 4 3 0 37.537 20.206
145 2020 4 3 0 36.184 18.866
146 2020 4 3 0 36.196 18.329
147 2020 4 3 0 39.42 22.084
148 2020 4 3 0 39.307 22.177
149 2020 4 3 0 36.675 19.424
150 2020 4 3 0 36.384 19.237
151 2020 4 3 0 37.804 23.566
152 2020 4 3 0 37.897 23.974
153 2020 4 3 0 37.691 23.481
154 2020 4 3 0 38.188 23.899
155 2020 4 3 0 37.819 23.984
156 2020 4 3 0 37.93 23.972
157 2020 4 3 0 38.161 23.929
158 2020 4 3 0 37.647 23.447
159 2020 4 3 0 38.19 23.91
160 2020 4 3 0 37.971 23.93
161 2020 4 3 0 38.932 22.153
162 2020 4 3 0 38.724 22.378
164 2020 4 3 0 38.533 22.037
165 2020 4 3 0 38.76 22.277
166 2020 4 3 0 38.726 22.519
167 2020 4 3 0 38.415 22.145
168 2020 4 3 0 38.766 22.143
169 2020 4 3 0 38.408 22.058
170 2020 4 3 0 38.726 22.259
171 2020 4 3 0 34.54 21.016
172 2020 4 3 0 37.011 24.094
173 2020 4 3 0 34.508 21.319
174 2020 4 3 0 38.657 23.022
175 2020 4 3 0 38.676 22.987
176 2020 4 3 0 38.949 22.84
177 2020 4 3 0 38.452 23.314
178 2020 4 3 0 38.518 23.23
179 2020 4 3 0 38.841 22.834
180 2020 4 3 0 38.548 23.155
181 2020 4 3 0 38.808 22.86
182 2020 4 3 0 34.867 20.58
183 2020 4 3 0 34.438 21.155
184 2020 4 3 0 34.139 21.277
185 2020 4 3 0 34.496 20.579
186 2020 4 3 0 34.499 20.366
187 2020 4 3 0 34.458 20.561
188 2020 4 3 0 38.468 23.715
189 2020 4 3 0 37.446 24.006
190 2020 4 3 0 37.672 23.876
191 2020 4 3 0 37.584 24.021
192 2020 4 3 0 37.406 24.049
195 2020 4 3 0 31.7 20.395
196 2020 4 3 0 31.762 20.362
197 2020 4 3 0 31.63 20.275
198 2020 4 3 0 31.825 20.295
199 2020 4 3 0 37.515 22.221
200 2020 4 3 0 36.933 22.434
201 2020 4 3 0 36.773 22.388
202 2020 4 3 0 36.365 22.201
203 2020 4 3 0 37.855 22.001
204 2020 4 3 0 39.165 22.472
205 2020 4 3 0 37.756 20.476
206 2020 4 3 0 39.226 22.17
207 2020 4 3 0 39.138 22.076
208 2020 4 3 0 38.853 21.484
209 2020 4 3 0 39.037 21.671
210 2020 4 3 0 38.89 22.718
211 2020 4 3 0 38.831 22.828
212 2020 4 3 0 38.885 22.785
213 2020 4 3 0 38.732 22.828
214 2020 4 3 0 38.679 22.964
215 2020 4 3 0 38.758 22.886
216 2020 4 3 0 35.449 21.948
217 2020 4 3 0 37.113 21.592
218 2020 4 3 0 34.492 21.889
219 2020 4 3 0 34.624 21.983
220 2020 4 3 0 35.67 19.096
221 2020 4 3 0 34.765 21.94
222 2020 4 3 0 34.787 21.762
223 2020 4 3 0 37 22.006
224 2020 4 3 0 35.868 22.224
225 2020 4 3 0 35.318 21.868
226 2020 4 3 0 35.366 22.099
227 2020 4 3 0 34.279 21.869
228 2020 4 3 0 35.093 19.19
229 2020 4 3 0 35.142 19.161
230 2020 4 3 0 35.003 19.256
231 2020 4 3 0 35.167 19.193
232 2020 4 3 0 34.925 19.331
233 2020 4 3 0 39.05 22.832
234 2020 4 3 0 39.061 22.125
235 2020 4 3 0 39.09 22.109
236 2020 4 3 0 39.005 22.657
237 2020 4 3 0 38.969 22.407
238 2020 4 3 0 39.081 22.436
239 2020 4 3 0 37.958 22.128
240 2020 4 3 0 36.591 22.09
241 2020 4 3 0 37.711 22.065
242 2020 4 3 0 36.047 21.982
243 2020 4 3 0 35.907 21.709
244 2020 4 3 0 37.189 21.811
245 2020 4 3 0 37.761 21.753
246 2020 4 3 0 37.037 21.689
247 2020 4 3 0 37.952 21.831
248 2020 4 3 0 38.182 21.823
249 2020 4 3 0 38.85 21.942
250 2020 4 3 0 38.349 22.059
251 2020 4 3 0 38.578 21.796
252 2020 4 3 0 38.682 22.158
0 2020 4 3 0 37.235 22.379
