1 2020 2 3 0 28.406 12.488
2 2020 2 3 0 28.695 12.189
3 2020 2 3 0 28.361 12.684
4 2020 2 3 0 28.732 11.783
5 2020 2 3 0 28.873 11.775
6 2020 2 3 0 29.131 12.278
7 2020 2 3 0 28.753 12.691
8 2020 2 3 0 28.832 11.546
9 2020 2 3 0 28.617 12.064
10 2020 2 3 0 28.702 11.645
11 2020 2 3 0 28.133 13.747
12 2020 2 3 0 28.362 13.748
13 2020 2 3 0 28.544 13.606
14 2020 2 3 0 28.956 13.264
15 2020 2 3 0 28.445 13.542
16 2020 2 3 0 28.514 13.428
17 2020 2 3 0 28.789 13.238
18 2020 2 3 0 28.056 13.823
19 2020 2 3 0 25.61 9.042
20 2020 2 3 0 28.085 10.3
21 2020 2 3 0 25.816 9.4237
22 2020 2 3 0 25.58 9.0472
23 2020 2 3 0 25.967 9.1747
24 2020 2 3 0 27.197 9.8346
25 2020 2 3 0 25.658 9.1442
26 2020 2 3 0 27.112 9.6081
27 2020 2 3 0 26.544 9.603
28 2020 2 3 0 26.033 9.3026
29 2020 2 3 0 28.513 10.675
30 2020 2 3 0 27.156 10.248
31 2020 2 3 0 26.305 9.6242
32 2020 2 3 0 28.181 10.861
33 2020 2 3 0 29.4 13.683
34 2020 2 3 0 29.188 13.518
35 2020 2 3 0 29.731 13.778
36 2020 2 3 0 29.768 13.74
37 2020 2 3 0 29.299 13.332
38 2020 2 3 0 29.298 13.99
39 2020 2 3 0 29.398 14.269
40 2020 2 3 0 29.556 13.526
41 2020 2 3 0 29.698 14.076
42 2020 2 3 0 28.176 14.127
43 2020 2 3 0 28.24 14.329
44 2020 2 3 0 28.217 14.278
45 2020 2 3 0 28.193 14
46 2020 2 3 0 28.188 14.193
47 2020 2 3 0 28.39 14.271
48 2020 2 3 0 28.398 14.18
49 2020 2 3 0 28.229 14.107
51 2020 2 3 0 28.281 12.621
52 2020 2 3 0 27.989 13.019
53 2020 2 3 0 28.481 12.332
54 2020 2 3 0 28.276 12.53
55 2020 2 3 0 27.642 13.894
56 2020 2 3 0 27.718 13.404
57 2020 2 3 0 27.771 14.806
58 2020 2 3 0 27.705 13.231
59 2020 2 3 0 27.794 14.066
60 2020 2 3 0 27.64 14.34
61 2020 2 3 0 29.045 15.122
62 2020 2 3 0 29.382 14.248
63 2020 2 3 0 29.291 14.973
64 2020 2 3 0 29.143 15.346
65 2020 2 3 0 29.714 14.927
66 2020 2 3 0 28.49 15.681
67 2020 2 3 0 29.015 15.441
68 2020 2 3 0 29.692 14.842
69 2020 2 3 0 29.085 15.372
70 2020 2 3 0 29.611 14.484
71 2020 2 3 0 27.678 13.788
72 2020 2 3 0 27.686 13.645
73 2020 2 3 0 27.724 12.836
74 2020 2 3 0 27.7 13.651
75 2020 2 3 0 27.679 13.519
76 2020 2 3 0 27.688 13.76
77 2020 2 3 0 27.669 13.811
78 2020 2 3 0 27.665 13.82
79 2020 2 3 0 27.692 13.753
80 2020 2 3 0 28.136 11.699
81 2020 2 3 0 28.514 12.966
82 2020 2 3 0 28.013 14.039
83 2020 2 3 0 27.865 13.524
84 2020 2 3 0 27.92 13.429
85 2020 2 3 0 27.975 13.496
86 2020 2 3 0 28.572 13.224
87 2020 2 3 0 28.19 13.128
88 2020 2 3 0 28.151 13.477
89 2020 2 3 0 28 13.838
90 2020 2 3 0 28.401 13.323
91 2020 2 3 0 28.392 11.887
92 2020 2 3 0 28.613 11.51
93 2020 2 3 0 28.678 11.964
94 2020 2 3 0 28.613 12.042
95 2020 2 3 0 26.753 10.366
96 2020 2 3 0 26.246 10.034
97 2020 2 3 0 27.261 10.536
98 2020 2 3 0 27.083 11.045
99 2020 2 3 0 27.793 12.042
100 2020 2 3 0 27.714 11.315
102 2020 2 3 0 29.223 14.463
103 2020 2 3 0 28.645 14.299
104 2020 2 3 0 28.806 14.242
105 2020 2 3 0 29.273 14.644
106 2020 2 3 0 28.411 14.199
107 2020 2 3 0 29.929 14.039
109 2020 2 3 0 29.829 14.627
110 2020 2 3 0 29.917 14.351
111 2020 2 3 0 29.8 14.418
112 2020 2 3 0 29.818 14.882
113 2020 2 3 0 28.164 14.345
114 2020 2 3 0 28.138 14.332
115 2020 2 3 0 28.161 14.312
116 2020 2 3 0 28.2 14.303
117 2020 2 3 0 28.121 14.331
118 2020 2 3 0 28.326 14.296
119 2020 2 3 0 28.169 14.347
120 2020 2 3 0 27.299 10.19
121 2020 2 3 0 27.96 10.848
122 2020 2 3 0 27.848 10.388
123 2020 2 3 0 28.44 10.55
124 2020 2 3 0 28.546 10.804
125 2020 2 3 0 28.822 11.22
126 2020 2 3 0 28.648 10.711
127 2020 2 3 0 26.626 9.4082
128 2020 2 3 0 26.707 9.7566
129 2020 2 3 0 28.039 15.374
130 2020 2 3 0 28.06 15.709
131 2020 2 3 0 27.939 15.402
132 2020 2 3 0 28.829 12.255
133 2020 2 3 0 28.613 15.002
134 2020 2 3 0 29.049 13.229
135 2020 2 3 0 28.112 14.46
136 2020 2 3 0 29.503 12.091
137 2020 2 3 0 28.917 14.182
138 2020 2 3 0 29.122 12.759
139 2020 2 3 0 28.304 13.28
140 2020 2 3 0 27.988 13.125
141 2020 2 3 0 28.143 14.989
142 2020 2 3 0 29.413 11.536
143 2020 2 3 0 27.498 12.456
144 2020 2 3 0 26.794 11.357
145 2020 2 3 0 25.922 9.975
146 2020 2 3 0 25.536 8.7974
147 2020 2 3 0 28.008 12.881
148 2020 2 3 0 27.861 13.134
149 2020 2 3 0 26.294 10.661
150 2020 2 3 0 26.159 10.385
151 2020 2 3 0 29.827 13.773
152 2020 2 3 0 29.853 14.177
153 2020 2 3 0 29.797 13.766
154 2020 2 3 0 29.927 13.854
155 2020 2 3 0 29.829 14.356
156 2020 2 3 0 29.805 14.266
157 2020 2 3 0 29.868 14.013
158 2020 2 3 0 29.769 13.756
159 2020 2 3 0 29.942 13.86
160 2020 2 3 0 29.653 14.523
161 2020 2 3 0 28.869 11.479
162 2020 2 3 0 28.79 11.578
164 2020 2 3 0 28.648 11.585
165 2020 2 3 0 28.708 11.526
166 2020 2 3 0 28.704 11.739
167 2020 2 3 0 28.575 11.662
168 2020 2 3 0 28.86 11.474
169 2020 2 3 0 28.602 11.627
170 2020 2 3 0 28.708 11.534
171 2020 2 3 0 29.672 14.562
172 2020 2 3 0 29.643 14.804
173 2020 2 3 0 29.635 14.884
174 2020 2 3 0 28.4 13.907
175 2020 2 3 0 28.418 14.091
176 2020 2 3 0 28.071 14.139
177 2020 2 3 0 28.852 13.768
178 2020 2 3 0 28.707 13.649
179 2020 2 3 0 28.137 14.067
180 2020 2 3 0 28.645 14.019
181 2020 2 3 0 28.256 14.171
182 2020 2 3 0 29.897 14.825
183 2020 2 3 0 29.699 15.143
184 2020 2 3 0 29.57 15.7
185 2020 2 3 0 29.853 15.191
186 2020 2 3 0 29.759 15.406
187 2020 2 3 0 29.771 15.37
188 2020 2 3 0 29.071 14.857
189 2020 2 3 0 29.599 14.815
190 2020 2 3 0 29.433 14.819
191 2020 2 3 0 29.782 14.458
192 2020 2 3 0 29.692 14.77
195 2020 2 3 0 27.74 14.863
196 2020 2 3 0 27.737 14.711
197 2020 2 3 0 27.675 14.422
198 2020 2 3 0 27.694 14.355
199 2020 2 3 0 28.139 12.179
200 2020 2 3 0 27.763 12.614
201 2020 2 3 0 27.843 12.674
202 2020 2 3 0 28.066 12.574
203 2020 2 3 0 28.48 11.872
204 2020 2 3 0 27.885 13.579
205 2020 2 3 0 26.974 11.843
206 2020 2 3 0 27.858 13.402
207 2020 2 3 0 27.89 13.72
208 2020 2 3 0 27.654 13.23
209 2020 2 3 0 27.73 13.207
210 2020 2 3 0 28.18 14.279
211 2020 2 3 0 28.255 14.269
212 2020 2 3 0 28.212 14.3
213 2020 2 3 0 28.32 14.155
214 2020 2 3 0 28.412 14.22
215 2020 2 3 0 28.311 14.231
216 2020 2 3 0 29.728 13.363
217 2020 2 3 0 29.693 12.304
218 2020 2 3 0 29.569 13.799
219 2020 2 3 0 29.678 14.134
220 2020 2 3 0 29.773 14.487
221 2020 2 3 0 29.758 14.435
222 2020 2 3 0 29.529 13.352
223 2020 2 3 0 29.858 12.922
224 2020 2 3 0 29.945 13.735
225 2020 2 3 0 29.831 14.338
226 2020 2 3 0 29.885 14.148
227 2020 2 3 0 29.715 14.688
228 2020 2 3 0 29.843 14.778
229 2020 2 3 0 30 14.699
230 2020 2 3 0 29.938 14.716
231 2020 2 3 0 29.704 14.775
232 2020 2 3 0 29.967 14.74
233 2020 2 3 0 27.977 14.041
234 2020 2 3 0 28.014 13.856
235 2020 2 3 0 27.95 13.841
236 2020 2 3 0 28.067 14.194
237 2020 2 3 0 28.182 14.042
238 2020 2 3 0 27.953 13.961
239 2020 2 3 0 29.46 12.08
240 2020 2 3 0 29.921 13.387
241 2020 2 3 0 29.634 12.652
242 2020 2 3 0 29.906 13.75
243 2020 2 3 0 29.84 13.626
244 2020 2 3 0 29.805 12.878
245 2020 2 3 0 29.647 12.266
246 2020 2 3 0 29.745 12.891
247 2020 2 3 0 29.638 12.073
248 2020 2 3 0 29.402 11.55
249 2020 2 3 0 29.279 11.414
250 2020 2 3 0 29.137 11.499
251 2020 2 3 0 29.665 11.76
252 2020 2 3 0 29.043 11.51
0 2020 2 3 0.22532 27.997 12.389
