1 2020 3 26 0 29.636 23.864
2 2020 3 26 0.14899 29.654 22.242
3 2020 3 26 0 30.181 23.779
4 2020 3 26 0.14605 27.685 22.746
5 2020 3 26 0.25091 30.165 21.567
6 2020 3 26 0.84265 31.416 21.95
7 2020 3 26 0.32369 31.126 22.674
8 2020 3 26 0 26.988 22.312
9 2020 3 26 0 28.66 22.729
10 2020 3 26 0 27.438 21.74
11 2020 3 26 0 32.436 23.106
12 2020 3 26 0 32.763 22.984
13 2020 3 26 0 32.661 22.884
14 2020 3 26 0.15905 32.489 22.715
15 2020 3 26 0 32.44 22.886
16 2020 3 26 0 32.356 22.892
17 2020 3 26 0 32.419 22.761
18 2020 3 26 0 32.65 23.494
19 2020 3 26 0.10026 27.31 20.826
20 2020 3 26 0.64079 25.315 21.871
21 2020 3 26 0.51334 27.972 20.855
22 2020 3 26 0.6336 26.461 20.761
23 2020 3 26 1.1823 25.728 20.65
24 2020 3 26 2.2178 25.239 21.308
25 2020 3 26 1.4918 25.327 20.604
26 2020 3 26 1.4166 25.377 21.114
27 2020 3 26 2.3922 25.164 20.96
28 2020 3 26 0.44267 27.27 20.93
29 2020 3 26 0.72181 25.391 21.984
30 2020 3 26 3.3578 25.169 21.593
31 2020 3 26 0.2435 28.103 21.116
32 2020 3 26 3.481 25.224 22.18
33 2020 3 26 0.4732 33.342 23.188
34 2020 3 26 1.471 33.24 22.962
35 2020 3 26 0.74513 33.303 23.323
36 2020 3 26 0.36189 33.053 23.154
37 2020 3 26 0.22036 32.733 22.767
38 2020 3 26 0.2743 33.769 23.768
39 2020 3 26 0 34.003 24.267
40 2020 3 26 0.20126 32.878 22.916
41 2020 3 26 0.25486 33.661 23.883
42 2020 3 26 0.51268 33.976 23.277
43 2020 3 26 0.10354 34.07 24.193
44 2020 3 26 0.11271 34.172 23.968
45 2020 3 26 0.54891 32.853 24.043
46 2020 3 26 0.31506 34.113 23.621
47 2020 3 26 0.38867 33.478 24.3
48 2020 3 26 0.59296 33.005 24.373
49 2020 3 26 0.54498 33.47 23.575
51 2020 3 26 0 29.92 23.891
52 2020 3 26 0 30.795 23.982
53 2020 3 26 0 29.265 23.735
54 2020 3 26 0 29.738 23.842
55 2020 3 26 0.37924 26.053 22.065
56 2020 3 26 0 26.206 21.906
57 2020 3 26 0 28.456 22.954
58 2020 3 26 0.16048 25.83 21.821
59 2020 3 26 0 27.473 22.477
60 2020 3 26 0.28999 26.935 22.498
61 2020 3 26 0 31.445 22.936
62 2020 3 26 0 31.152 22.381
63 2020 3 26 0 31.731 22.835
64 2020 3 26 0 32.125 23.088
65 2020 3 26 0 32.696 22.966
66 2020 3 26 0 31.384 23.245
67 2020 3 26 0 32.012 23.122
68 2020 3 26 0 32.424 22.843
69 2020 3 26 0 31.973 23.061
70 2020 3 26 0 31.722 22.531
71 2020 3 26 2.1454 26.348 21.993
72 2020 3 26 3.0747 26.185 21.948
73 2020 3 26 3.3501 25.455 21.727
74 2020 3 26 4.904 26.225 21.947
75 2020 3 26 1.8308 26.048 21.918
76 2020 3 26 5.5989 26.329 21.979
77 2020 3 26 1.5463 26.357 22.003
78 2020 3 26 3.8524 26.285 21.995
79 2020 3 26 3.3899 26.327 21.978
80 2020 3 26 3.1095 25.613 21.244
81 2020 3 26 0 31.175 23.333
82 2020 3 26 0.16699 32.922 24.152
83 2020 3 26 0.21805 31.823 24.134
84 2020 3 26 0.12457 31.694 23.995
85 2020 3 26 0 31.876 23.667
86 2020 3 26 0 31.974 23.032
87 2020 3 26 0 31.205 23.644
88 2020 3 26 0 31.944 23.322
89 2020 3 26 0 32.608 23.865
90 2020 3 26 0 31.918 23.139
91 2020 3 26 0.20609 28.641 23.366
92 2020 3 26 0.27341 27.361 22.837
93 2020 3 26 0.33441 28.224 23.278
94 2020 3 26 0 28.462 23.172
95 2020 3 26 0.13373 28.711 21.714
96 2020 3 26 0.10837 28.62 21.226
97 2020 3 26 0.26349 28.188 22.045
98 2020 3 26 0.32685 29.107 22.284
99 2020 3 26 0.18016 29.6 23.279
100 2020 3 26 0 28.851 22.798
102 2020 3 26 1.6184 34.209 24.455
103 2020 3 26 0.99882 34.392 24.29
104 2020 3 26 0.21168 34.287 24.277
105 2020 3 26 3.3895 34.177 24.404
106 2020 3 26 0.16906 34.465 24.243
107 2020 3 26 0 33.216 23.582
109 2020 3 26 0 33.23 24.173
110 2020 3 26 0 33.028 23.778
111 2020 3 26 0 33.257 23.954
112 2020 3 26 0 33.107 24.368
113 2020 3 26 0 34.276 24.125
114 2020 3 26 0 33.701 24.299
115 2020 3 26 0.33225 34.508 24.024
116 2020 3 26 0.50962 34.559 24.069
117 2020 3 26 0 34.11 24.131
118 2020 3 26 0.23869 33.314 24.444
119 2020 3 26 0 33.329 24.465
120 2020 3 26 0.93546 26.778 21.65
121 2020 3 26 0.24044 27.041 22.246
122 2020 3 26 0.36986 26.016 21.737
123 2020 3 26 0.37215 25.594 21.815
124 2020 3 26 0.51954 25.933 21.887
125 2020 3 26 0.67889 26.388 22.194
126 2020 3 26 1.2172 25.708 21.502
127 2020 3 26 2.4007 26.054 20.917
128 2020 3 26 1.4204 27.416 21.269
129 2020 3 26 0 29.685 23.123
130 2020 3 26 0 30.586 23.305
131 2020 3 26 0 29.625 23.164
132 2020 3 26 0 28.678 21.555
133 2020 3 26 0 30.497 22.943
134 2020 3 26 0 30.384 21.969
135 2020 3 26 0 28.85 22.778
136 2020 3 26 0 30.702 21.373
137 2020 3 26 0 30.41 22.472
138 2020 3 26 0 30.441 21.734
139 2020 3 26 0 28.275 22.062
140 2020 3 26 0 26.873 21.884
141 2020 3 26 0 29.585 23.002
142 2020 3 26 0 29.669 21.148
143 2020 3 26 0 30.371 23.306
144 2020 3 26 0 29.613 22.272
145 2020 3 26 0.44181 28.637 21.077
146 2020 3 26 2.4298 27.592 20.468
147 2020 3 26 0 30.417 23.904
148 2020 3 26 0 30.979 23.944
149 2020 3 26 0 29.164 21.568
150 2020 3 26 0.21366 29.171 21.56
151 2020 3 26 0 33.038 23.194
152 2020 3 26 0 33.45 23.851
153 2020 3 26 0 32.98 23.151
154 2020 3 26 0.14754 33.288 23.43
155 2020 3 26 0 33.402 23.987
156 2020 3 26 0.10312 33.615 24.061
157 2020 3 26 0.54284 33.483 23.724
158 2020 3 26 0.13312 32.961 23.117
159 2020 3 26 0 33.284 23.437
160 2020 3 26 0.83442 33.977 24.521
161 2020 3 26 0.21571 27.22 21.576
162 2020 3 26 0 28.415 21.279
164 2020 3 26 0.23836 26.881 21.394
165 2020 3 26 0.14959 27.325 21.213
166 2020 3 26 0.13435 28.8 21.489
167 2020 3 26 0.24674 26.764 21.296
168 2020 3 26 0 27.52 21.106
169 2020 3 26 0.15515 26.843 21.314
170 2020 3 26 0 27.414 21.238
171 2020 3 26 0.63716 33.617 24.028
172 2020 3 26 1.2106 33.653 24.425
173 2020 3 26 0.6581 33.652 24.535
174 2020 3 26 1.0269 33.468 23.382
175 2020 3 26 1.1133 34.211 23.927
176 2020 3 26 0 33.425 23.988
177 2020 3 26 1.6678 33.658 23.363
178 2020 3 26 0.82666 33.121 23.017
179 2020 3 26 0.14564 33.51 23.556
180 2020 3 26 0.86045 34.127 23.89
181 2020 3 26 1.0962 34.18 23.862
182 2020 3 26 0 32.857 24.164
183 2020 3 26 0.10453 33.325 24.578
184 2020 3 26 0.20847 33.382 24.291
185 2020 3 26 0 32.782 24.387
186 2020 3 26 0 32.841 24.065
187 2020 3 26 0 32.854 24.304
188 2020 3 26 0.43562 34.361 24.414
189 2020 3 26 0.698 33.846 24.666
190 2020 3 26 0.95319 33.96 24.554
191 2020 3 26 0 33.51 24.151
192 2020 3 26 0.23081 33.621 24.515
195 2020 3 26 0 28.33 22.958
196 2020 3 26 0 27.965 22.788
197 2020 3 26 0.58311 27.282 22.536
198 2020 3 26 0 27.302 22.475
199 2020 3 26 0.41051 26.024 21.619
200 2020 3 26 0.68314 25.398 21.707
201 2020 3 26 0.2686 25.717 21.743
202 2020 3 26 0 26.352 21.661
203 2020 3 26 0 26.82 21.462
204 2020 3 26 0.36637 31.885 24.096
205 2020 3 26 0.13975 30.36 22.631
206 2020 3 26 0.12413 31.568 23.948
207 2020 3 26 1.2993 32.286 23.91
208 2020 3 26 0.27552 31.873 23.466
209 2020 3 26 0.1225 31.523 23.628
210 2020 3 26 1.2547 34.534 24.009
211 2020 3 26 0.77301 34.535 24.117
212 2020 3 26 0.91601 34.557 24.074
213 2020 3 26 2.5426 34.483 24.121
214 2020 3 26 1.1597 34.471 24.223
215 2020 3 26 0.74485 34.506 24.173
216 2020 3 26 0 31.023 21.82
217 2020 3 26 0 31.049 21.429
218 2020 3 26 0 30.821 22.06
219 2020 3 26 0 31.362 22.232
220 2020 3 26 0 32.623 22.476
221 2020 3 26 0 32.177 22.408
222 2020 3 26 0 30.908 21.875
223 2020 3 26 0 31.213 21.646
224 2020 3 26 0 31.5 21.935
225 2020 3 26 0 32.815 22.389
226 2020 3 26 0 32.064 22.197
227 2020 3 26 0 32.033 22.606
228 2020 3 26 0 32.505 22.784
229 2020 3 26 0 32.971 22.904
230 2020 3 26 0 32.846 22.879
231 2020 3 26 0 32.156 22.622
232 2020 3 26 0 33.025 22.95
233 2020 3 26 0.48802 32.687 24.343
234 2020 3 26 0 32.546 23.972
235 2020 3 26 0.99033 32.523 23.947
236 2020 3 26 0.76421 32.967 24.339
237 2020 3 26 0.13623 32.787 24.209
238 2020 3 26 2.0156 32.617 24.151
239 2020 3 26 0.23573 31.605 21.64
240 2020 3 26 0 31.624 21.848
241 2020 3 26 0 31.803 21.927
242 2020 3 26 0 32.083 22.045
243 2020 3 26 0 32.268 22.047
244 2020 3 26 0 31.574 21.725
245 2020 3 26 0 31.385 21.514
246 2020 3 26 0 31.842 21.859
247 2020 3 26 0 31.161 21.396
248 2020 3 26 0.12689 31.113 21.237
249 2020 3 26 0 29.647 21.131
250 2020 3 26 0 30.509 21.285
251 2020 3 26 0 30.698 21.243
252 2020 3 26 0 29.397 21.243
0 2020 3 26 5.183 25.747 21.642
