1 2020 4 18 0 39.407 25.475
2 2020 4 18 0 39.142 25.208
3 2020 4 18 0 39.411 25.63
4 2020 4 18 0 39.336 24.806
5 2020 4 18 0 39.004 24.972
6 2020 4 18 0 39.042 25.396
7 2020 4 18 0 39.342 25.721
8 2020 4 18 0 39.314 24.531
9 2020 4 18 0 39.179 25.038
10 2020 4 18 0 38.977 24.562
11 2020 4 18 0 39.108 26.136
12 2020 4 18 0 39.029 26.125
13 2020 4 18 0 39.076 26.114
14 2020 4 18 0 39.23 26.07
15 2020 4 18 0 39.207 26.147
16 2020 4 18 0 39.309 26.153
17 2020 4 18 0 39.426 26.159
18 2020 4 18 0 39.192 26.168
19 2020 4 18 0 37.453 23.772
20 2020 4 18 0 38.18 23.735
21 2020 4 18 0 37.41 23.779
22 2020 4 18 0 37.251 23.733
23 2020 4 18 0 37.078 23.403
24 2020 4 18 0 37.709 23.624
25 2020 4 18 0 36.984 23.657
26 2020 4 18 0 37.495 23.258
27 2020 4 18 0 37.379 23.649
28 2020 4 18 0 37.584 23.615
29 2020 4 18 0 38.42 23.882
30 2020 4 18 0 38.182 24.378
31 2020 4 18 0 37.845 23.673
32 2020 4 18 0 38.894 24.696
33 2020 4 18 0 38.651 26.217
34 2020 4 18 0 38.873 26.072
35 2020 4 18 0 38.427 26.348
36 2020 4 18 0 38.033 26.236
37 2020 4 18 0 38.917 25.959
38 2020 4 18 0 38.602 26.274
39 2020 4 18 0 38.345 26.276
40 2020 4 18 0 38.318 26.03
41 2020 4 18 0 38.312 26.348
42 2020 4 18 0 38.753 26.213
43 2020 4 18 0 39.244 26.281
44 2020 4 18 0 39.161 26.202
45 2020 4 18 0 38.731 26.027
46 2020 4 18 0 38.95 26.16
47 2020 4 18 0 38.991 26.356
48 2020 4 18 0 38.851 26.286
49 2020 4 18 0 38.688 26.282
51 2020 4 18 0 39.359 25.515
52 2020 4 18 0 39.342 25.762
53 2020 4 18 0 39.363 25.332
54 2020 4 18 0 39.283 25.386
55 2020 4 18 0 34 23.944
56 2020 4 18 0 35.227 24.204
57 2020 4 18 0 33.877 23.949
58 2020 4 18 0 35.373 23.984
59 2020 4 18 0 34.661 24.161
60 2020 4 18 0 33.615 23.848
61 2020 4 18 0 33.288 20.379
62 2020 4 18 0 36.121 23.943
63 2020 4 18 0 35.452 24.077
64 2020 4 18 0 33.684 20.256
65 2020 4 18 0 34.462 19.683
66 2020 4 18 0 32.942 20.678
67 2020 4 18 0 33.525 20.37
68 2020 4 18 0 34.471 19.63
69 2020 4 18 0 33.508 20.386
70 2020 4 18 0 34.34 19.494
71 2020 4 18 0 32.044 20.16
72 2020 4 18 0 34.345 23.784
73 2020 4 18 0.51212 36.028 23.648
74 2020 4 18 0.60104 34.238 23.771
75 2020 4 18 0 34.625 23.771
76 2020 4 18 0.47734 34.018 23.787
77 2020 4 18 0 32.019 20.175
78 2020 4 18 0 31.944 20.159
79 2020 4 18 0.16938 34.026 23.783
80 2020 4 18 0.14167 36.972 23.244
81 2020 4 18 0 39.406 25.871
82 2020 4 18 0 39.186 26.3
83 2020 4 18 0 39.294 26.097
84 2020 4 18 0 39.358 26.098
85 2020 4 18 0 39.294 26.107
86 2020 4 18 0 39.387 26.068
87 2020 4 18 0 39.369 25.923
88 2020 4 18 0 39.243 26.082
89 2020 4 18 0 39.236 26.213
90 2020 4 18 0 39.312 26.056
91 2020 4 18 0 39.274 25.039
92 2020 4 18 0 39.348 24.666
93 2020 4 18 0 39.433 25.025
94 2020 4 18 0 39.311 25.06
95 2020 4 18 0 38.153 24.076
96 2020 4 18 0 37.707 23.92
97 2020 4 18 0 38.451 24.153
98 2020 4 18 0 38.367 24.478
99 2020 4 18 0 38.915 25.052
100 2020 4 18 0 38.837 24.687
102 2020 4 18 0 38.51 26.288
103 2020 4 18 0 38.971 26.262
104 2020 4 18 0 38.783 26.251
105 2020 4 18 0 38.675 26.369
106 2020 4 18 0 39.095 26.243
107 2020 4 18 0 35.787 20.717
109 2020 4 18 0 35.057 20.918
110 2020 4 18 0 35.421 20.599
111 2020 4 18 0 38.26 26.385
112 2020 4 18 0 34.752 20.876
113 2020 4 18 0 39.321 26.265
114 2020 4 18 0 39.157 26.357
115 2020 4 18 0 39.381 26.228
116 2020 4 18 0 39.344 26.22
117 2020 4 18 0 39.29 26.291
118 2020 4 18 0 38.987 26.379
119 2020 4 18 0 39.012 26.422
120 2020 4 18 0 38.135 23.796
121 2020 4 18 0 38.737 24.228
122 2020 4 18 0 38.339 23.766
123 2020 4 18 0 38.268 23.501
124 2020 4 18 0 38.544 23.652
125 2020 4 18 0 39.019 24.005
126 2020 4 18 0 38.059 23.261
127 2020 4 18 0 37.423 23.256
128 2020 4 18 0 37.885 23.59
129 2020 4 18 0 32.38 20.597
130 2020 4 18 0 32.47 20.759
131 2020 4 18 0 32.255 20.626
132 2020 4 18 0 37.659 23.608
133 2020 4 18 0 32.786 20.44
134 2020 4 18 0 36.629 23.617
135 2020 4 18 0 35.235 24.127
136 2020 4 18 0 38.408 23.381
137 2020 4 18 0 35.75 23.971
138 2020 4 18 0 37.079 23.41
139 2020 4 18 0 36.079 23.958
140 2020 4 18 0 35.972 24.144
141 2020 4 18 0 32.249 20.493
142 2020 4 18 0 39.549 23.759
143 2020 4 18 0 38.684 25.131
144 2020 4 18 0 38.07 24.62
145 2020 4 18 0 37.338 24.028
146 2020 4 18 0 37.191 23.581
147 2020 4 18 0 39.18 25.469
148 2020 4 18 0 39.142 25.603
149 2020 4 18 0 37.622 24.291
150 2020 4 18 0 37.48 24.261
151 2020 4 18 0 37.94 26.239
152 2020 4 18 0 37.939 26.458
153 2020 4 18 0 37.83 26.188
154 2020 4 18 0 38.3 26.432
155 2020 4 18 0 37.858 26.477
156 2020 4 18 0 37.94 26.411
157 2020 4 18 0 38.229 26.406
158 2020 4 18 0 37.795 26.173
159 2020 4 18 0 38.297 26.438
160 2020 4 18 0 37.974 26.324
161 2020 4 18 0 38.91 23.982
162 2020 4 18 0 38.938 24.558
164 2020 4 18 0 38.67 23.855
165 2020 4 18 0 38.814 24.278
166 2020 4 18 0 38.911 24.764
167 2020 4 18 0 38.54 24.038
168 2020 4 18 0 38.961 24.124
169 2020 4 18 0 38.591 23.938
170 2020 4 18 0 38.815 24.262
171 2020 4 18 0 34.54 21.016
172 2020 4 18 0 36.955 26.554
173 2020 4 18 0 34.508 21.319
174 2020 4 18 0 39.114 26.16
175 2020 4 18 0 39.146 26.214
176 2020 4 18 0 39.227 26.271
177 2020 4 18 0 38.967 26.156
178 2020 4 18 0 39.016 26.104
179 2020 4 18 0 39.235 26.19
180 2020 4 18 0 39.004 26.211
181 2020 4 18 0 39.259 26.211
182 2020 4 18 0 34.867 20.58
183 2020 4 18 0 34.438 21.155
184 2020 4 18 0 34.139 21.277
185 2020 4 18 0 34.496 20.579
186 2020 4 18 0 34.499 20.366
187 2020 4 18 0 34.458 20.561
188 2020 4 18 0 38.897 26.444
189 2020 4 18 0 37.437 26.451
190 2020 4 18 0 37.886 26.463
191 2020 4 18 0 37.576 26.486
192 2020 4 18 0 37.354 26.483
195 2020 4 18 0 31.7 20.395
196 2020 4 18 0 31.762 20.362
197 2020 4 18 0.12156 31.63 20.275
198 2020 4 18 0 31.825 20.295
199 2020 4 18 0 37.677 23.963
200 2020 4 18 0.1916 36.702 23.871
201 2020 4 18 0 36.822 23.994
202 2020 4 18 0 36.838 24.017
203 2020 4 18 0 38.196 23.851
204 2020 4 18 0 39.097 25.926
205 2020 4 18 0 38.092 24.801
206 2020 4 18 0 38.989 25.659
207 2020 4 18 0 38.736 25.658
208 2020 4 18 0 38.451 25.268
209 2020 4 18 0 38.671 25.338
210 2020 4 18 0 39.311 26.151
211 2020 4 18 0 39.276 26.222
212 2020 4 18 0 39.328 26.21
213 2020 4 18 0 39.154 26.141
214 2020 4 18 0 39.124 26.234
215 2020 4 18 0 39.204 26.236
216 2020 4 18 0 37.564 23.931
217 2020 4 18 0 38.718 23.61
218 2020 4 18 0 36.842 23.84
219 2020 4 18 0 36.89 24.15
220 2020 4 18 0 35.67 19.096
221 2020 4 18 0 37.003 24.298
222 2020 4 18 0 36.988 23.717
223 2020 4 18 0 38.711 24.081
224 2020 4 18 0 37.934 24.232
225 2020 4 18 0 37.572 24.414
226 2020 4 18 0 37.572 24.311
227 2020 4 18 0 36.478 24.311
228 2020 4 18 0 35.093 19.19
229 2020 4 18 0 35.142 19.161
230 2020 4 18 0 35.003 19.256
231 2020 4 18 0 35.167 19.193
232 2020 4 18 0 34.925 19.331
233 2020 4 18 0 39.09 26.296
234 2020 4 18 0 38.694 25.747
235 2020 4 18 0 38.69 25.718
236 2020 4 18 0 38.875 26.216
237 2020 4 18 0 38.788 26.034
238 2020 4 18 0 38.851 25.983
239 2020 4 18 0 38.669 25.061
240 2020 4 18 0 38.219 24.408
241 2020 4 18 0 38.204 25.068
242 2020 4 18 0 37.887 24.452
243 2020 4 18 0 37.699 24.548
244 2020 4 18 0 38.298 24.553
245 2020 4 18 0 38.658 24.616
246 2020 4 18 0 37.957 24.798
247 2020 4 18 0 39.106 24.408
248 2020 4 18 0 39.186 24.638
249 2020 4 18 0 39.583 24.238
250 2020 4 18 0 39.129 24.736
251 2020 4 18 0 39.777 24.05
252 2020 4 18 0 39.219 24.498
0 2020 4 18 1.8949 36.643 23.566
