1 2020 2 29 0 33.205 19.145
2 2020 2 29 1.228 32.96 18.388
3 2020 2 29 0 33.266 19.37
4 2020 2 29 0.34909 33.05 18.265
5 2020 2 29 0.74265 32.687 17.457
6 2020 2 29 0.66253 32.957 18.071
7 2020 2 29 1.0454 33.229 19.078
8 2020 2 29 0.10665 32.99 17.96
9 2020 2 29 0.2129 32.997 18.438
10 2020 2 29 0.18335 32.817 17.825
11 2020 2 29 0 33.189 20.241
12 2020 2 29 0 33.09 20.062
13 2020 2 29 0.16519 33.141 19.927
14 2020 2 29 0.25931 33.308 19.578
15 2020 2 29 0 33.263 20.028
16 2020 2 29 0 33.348 19.976
17 2020 2 29 0.10709 33.456 19.777
18 2020 2 29 0 33.363 20.376
19 2020 2 29 0.17896 31.352 15.81
20 2020 2 29 0.14883 32.193 16.83
21 2020 2 29 0.26796 31.352 16.148
22 2020 2 29 0.44005 31.236 15.837
23 2020 2 29 0.79702 31.116 16.07
24 2020 2 29 0.84224 31.739 16.61
25 2020 2 29 0.27487 31.018 16.026
26 2020 2 29 0.45315 31.476 16.366
27 2020 2 29 1.1069 31.462 16.486
28 2020 2 29 0.17145 31.414 16.227
29 2020 2 29 0 32.471 17.014
30 2020 2 29 0.32205 32.233 17.249
31 2020 2 29 0 31.582 16.609
32 2020 2 29 0 32.882 17.777
33 2020 2 29 0 33.033 19.385
34 2020 2 29 0 33.012 19.402
35 2020 2 29 0 33.057 19.306
36 2020 2 29 0 33.039 19.011
37 2020 2 29 0.22611 33.086 19.269
38 2020 2 29 0 33.044 19.553
39 2020 2 29 0 33.013 19.581
40 2020 2 29 0 33.024 18.998
41 2020 2 29 0 33.027 19.441
42 2020 2 29 0.38197 33.514 20.542
43 2020 2 29 0 33.851 20.736
44 2020 2 29 0 33.686 20.662
45 2020 2 29 0 33.968 20.613
46 2020 2 29 0.21898 33.531 20.599
47 2020 2 29 0 33.991 20.827
48 2020 2 29 0 34.095 20.824
49 2020 2 29 0 33.753 20.632
51 2020 2 29 0 33.264 19.362
52 2020 2 29 0 33.394 19.914
53 2020 2 29 0.20161 33.165 18.95
54 2020 2 29 0.41733 33.249 19.293
55 2020 2 29 0 29.925 18.108
56 2020 2 29 0 30.607 17.84
57 2020 2 29 0.51346 29.35 18.927
58 2020 2 29 0.1091 30.642 17.968
59 2020 2 29 0.4988 29.958 18.151
60 2020 2 29 0 29.472 18.582
61 2020 2 29 0 30.31 19.175
62 2020 2 29 0 30.854 18.554
63 2020 2 29 0 30.532 19.07
64 2020 2 29 0 30.343 19.279
65 2020 2 29 0 30.872 18.763
66 2020 2 29 0 29.788 19.632
67 2020 2 29 0 30.225 19.385
68 2020 2 29 0 30.956 18.829
69 2020 2 29 0 30.281 19.371
70 2020 2 29 0 31.012 18.73
71 2020 2 29 0 30.145 18.971
72 2020 2 29 0 30.252 18.864
73 2020 2 29 0.17606 30.766 18.235
74 2020 2 29 0 30.234 18.881
75 2020 2 29 0 30.337 18.775
76 2020 2 29 0 30.16 18.957
77 2020 2 29 0 30.133 18.982
78 2020 2 29 0 30.112 18.919
79 2020 2 29 0 30.163 18.951
80 2020 2 29 0.18177 31.418 17.062
81 2020 2 29 0 33.334 19.587
82 2020 2 29 0 33.792 20.743
83 2020 2 29 0 33.616 20.437
84 2020 2 29 0 33.487 20.279
85 2020 2 29 0 33.356 20.241
86 2020 2 29 0 33.385 19.814
87 2020 2 29 0 33.327 19.848
88 2020 2 29 0 33.273 20.108
89 2020 2 29 0 33.559 20.512
90 2020 2 29 0 33.319 19.915
91 2020 2 29 1.0516 33.002 18.541
92 2020 2 29 0.57492 32.985 18.152
93 2020 2 29 0.96533 33.131 18.541
94 2020 2 29 0.19397 33.071 18.545
95 2020 2 29 0.22402 31.934 17.285
96 2020 2 29 0.13891 31.572 16.874
97 2020 2 29 0 32.163 17.429
98 2020 2 29 0.60274 32.27 17.896
99 2020 2 29 0.48874 32.913 18.869
100 2020 2 29 0.42204 32.593 18.108
102 2020 2 29 0 33.073 19.804
103 2020 2 29 0 33.16 19.93
104 2020 2 29 0 33.095 19.788
105 2020 2 29 0 33.141 20.04
106 2020 2 29 0 33.177 19.929
107 2020 2 29 0 32.936 19.184
109 2020 2 29 0 32.57 19.047
110 2020 2 29 0 32.746 18.977
111 2020 2 29 0 32.658 19.07
112 2020 2 29 0 32.431 18.902
113 2020 2 29 0 33.79 20.705
114 2020 2 29 0 33.954 20.894
115 2020 2 29 0 33.616 20.519
116 2020 2 29 0 33.546 20.419
117 2020 2 29 0 33.805 20.746
118 2020 2 29 0 34.088 20.929
119 2020 2 29 0 34.112 21.044
120 2020 2 29 0.19436 31.928 17.048
121 2020 2 29 0.24942 32.455 17.598
122 2020 2 29 0 32.116 17.081
123 2020 2 29 0.1141 32.129 16.816
124 2020 2 29 0.144 32.237 17.098
125 2020 2 29 0.24645 32.597 17.541
126 2020 2 29 0.43574 32.139 16.53
127 2020 2 29 0.50575 31.322 16.356
128 2020 2 29 0.20795 31.643 16.749
129 2020 2 29 0 29.421 19.702
130 2020 2 29 0 29.436 19.688
131 2020 2 29 0 29.347 19.632
132 2020 2 29 0.55489 32.027 16.864
133 2020 2 29 0 30.047 19.015
134 2020 2 29 0.17626 31.239 17.431
135 2020 2 29 0.7967 29.888 18.429
136 2020 2 29 0.28749 32.326 16.769
137 2020 2 29 0 30.619 18.31
138 2020 2 29 0.43057 31.642 16.987
139 2020 2 29 0 30.914 17.525
140 2020 2 29 0.30146 30.989 17.568
141 2020 2 29 0.49412 29.666 19.009
142 2020 2 29 0 32.694 16.879
143 2020 2 29 0 33.051 19.382
144 2020 2 29 0.15376 32.243 18.171
145 2020 2 29 0.22308 31.374 16.655
146 2020 2 29 0.86596 31.175 15.513
147 2020 2 29 0 33.388 19.828
148 2020 2 29 0 33.487 20.131
149 2020 2 29 0 31.699 17.38
150 2020 2 29 0 31.597 17.231
151 2020 2 29 0 33.036 18.972
152 2020 2 29 0 32.859 19.297
153 2020 2 29 0 33.025 18.893
154 2020 2 29 0 33.053 19.277
155 2020 2 29 0 32.712 19.225
156 2020 2 29 0 32.875 19.359
157 2020 2 29 0 33.02 19.349
158 2020 2 29 0 33.022 18.864
159 2020 2 29 0 33.046 19.28
160 2020 2 29 0 32.907 19.554
161 2020 2 29 0.12718 32.672 17.233
162 2020 2 29 0.1902 32.651 17.407
164 2020 2 29 0 32.545 16.871
165 2020 2 29 0.22895 32.674 17.321
166 2020 2 29 0.89217 32.652 17.587
167 2020 2 29 0 32.498 17.09
168 2020 2 29 0 32.694 17.233
169 2020 2 29 0 32.538 16.938
170 2020 2 29 0 32.666 17.264
171 2020 2 29 0 32.249 18.619
172 2020 2 29 0 32.259 18.956
173 2020 2 29 0 32.239 19.028
174 2020 2 29 0 33.203 20.076
175 2020 2 29 0 33.228 20.001
176 2020 2 29 0 33.705 20.673
177 2020 2 29 0 33.049 19.669
178 2020 2 29 0 33.063 19.779
179 2020 2 29 0 33.43 20.433
180 2020 2 29 0 33.107 19.789
181 2020 2 29 0 33.412 20.289
182 2020 2 29 0 32.477 18.761
183 2020 2 29 0 32.27 18.956
184 2020 2 29 0 32.221 18.744
185 2020 2 29 0 32.298 18.601
186 2020 2 29 0 32.095 18.521
187 2020 2 29 0 32.253 18.529
188 2020 2 29 0 33.329 20.565
189 2020 2 29 0 32.573 19.427
190 2020 2 29 0 32.771 19.717
191 2020 2 29 0 32.65 19.259
192 2020 2 29 0 32.441 19.241
195 2020 2 29 0 29.232 19.211
196 2020 2 29 0 29.332 19.42
197 2020 2 29 0 29.524 19.085
198 2020 2 29 0.1103 29.639 19.251
199 2020 2 29 0.49268 31.831 17.034
200 2020 2 29 0.92421 31.136 17.575
201 2020 2 29 0.67409 31.28 17.529
202 2020 2 29 0.60576 31.493 17.34
203 2020 2 29 0.33262 32.287 16.856
204 2020 2 29 0 33.722 20.462
205 2020 2 29 0 32.626 18.653
206 2020 2 29 0 33.669 20.289
207 2020 2 29 0 33.919 20.412
208 2020 2 29 0 33.651 19.877
209 2020 2 29 0 33.607 19.981
210 2020 2 29 0 33.542 20.411
211 2020 2 29 0 33.437 20.273
212 2020 2 29 0 33.528 20.395
213 2020 2 29 0 33.273 19.881
214 2020 2 29 0 33.206 19.971
215 2020 2 29 0 33.317 20.115
216 2020 2 29 0 31.598 18.185
217 2020 2 29 0 32.258 17.194
218 2020 2 29 0 31.139 18.323
219 2020 2 29 0 31.357 18.69
220 2020 2 29 0 31.814 18.812
221 2020 2 29 0 31.652 18.913
222 2020 2 29 0 31.388 17.828
223 2020 2 29 0 32.141 18.152
224 2020 2 29 0 31.741 18.892
225 2020 2 29 0 31.95 18.731
226 2020 2 29 0 31.742 18.943
227 2020 2 29 0 31.396 18.987
228 2020 2 29 0 31.362 18.839
229 2020 2 29 0 31.283 18.492
230 2020 2 29 0 31.219 18.56
231 2020 2 29 0 31.514 19.103
232 2020 2 29 0 31.129 18.473
233 2020 2 29 0 33.954 20.86
234 2020 2 29 0 33.996 20.486
235 2020 2 29 0 33.993 20.482
236 2020 2 29 0 34.116 20.923
237 2020 2 29 0 34.064 20.695
238 2020 2 29 0 34.004 20.697
239 2020 2 29 0 32.906 17.384
240 2020 2 29 0 32.159 18.611
241 2020 2 29 0 32.988 17.744
242 2020 2 29 0 32.09 18.66
243 2020 2 29 0 32.208 18.276
244 2020 2 29 0 32.59 18.027
245 2020 2 29 0 32.8 17.494
246 2020 2 29 0 32.747 17.777
247 2020 2 29 0 32.661 17.39
248 2020 2 29 0 32.797 16.9
249 2020 2 29 0.14872 32.775 17.005
250 2020 2 29 0.12633 32.733 16.989
251 2020 2 29 0 32.682 17.165
252 2020 2 29 0.35901 32.711 17.17
0 2020 2 29 0.78912 31.104 17.895
