1 2020 2 13 0 32.724 17.16
2 2020 2 13 0 32.653 17.042
3 2020 2 13 0 32.729 17.209
4 2020 2 13 0 32.986 17.119
5 2020 2 13 0 32.481 17.01
6 2020 2 13 0 32.879 17.35
7 2020 2 13 0 32.801 17.204
8 2020 2 13 0 33.112 17.158
9 2020 2 13 0 32.761 16.998
10 2020 2 13 0 32.808 16.859
11 2020 2 13 0 32.69 18.285
12 2020 2 13 0 32.775 18.369
13 2020 2 13 0 32.867 18.215
14 2020 2 13 0 33.056 17.765
15 2020 2 13 0 32.835 18.022
16 2020 2 13 0 32.87 17.782
17 2020 2 13 0 32.991 17.44
18 2020 2 13 0 32.678 17.971
19 2020 2 13 0 30.362 12.724
20 2020 2 13 0 32.66 15.558
21 2020 2 13 0 30.53 13.01
22 2020 2 13 0 30.452 12.858
23 2020 2 13 0 30.949 13.41
24 2020 2 13 0 31.969 14.739
25 2020 2 13 0 30.798 13.087
26 2020 2 13 0 31.804 14.689
27 2020 2 13 0 31.535 14.109
28 2020 2 13 0 30.88 13.287
29 2020 2 13 0 33.031 15.986
30 2020 2 13 0 32.104 14.791
31 2020 2 13 0 31.151 13.568
32 2020 2 13 0 32.89 15.867
33 2020 2 13 0 33.206 18.692
34 2020 2 13 0 33.129 18.225
35 2020 2 13 0 33.344 19.177
36 2020 2 13 0 33.483 18.937
37 2020 2 13 0 33.215 18.215
38 2020 2 13 0 33.076 19.298
39 2020 2 13 0 33.084 19.948
40 2020 2 13 0 33.399 18.484
41 2020 2 13 0 33.261 19.788
42 2020 2 13 0 33.169 16.541
43 2020 2 13 0 32.924 17.351
44 2020 2 13 0 32.919 17.246
45 2020 2 13 0 32.993 16.617
46 2020 2 13 0 33.002 16.935
47 2020 2 13 0 33.196 17.04
48 2020 2 13 0 33.214 16.854
49 2020 2 13 0 33.262 16.468
51 2020 2 13 0 32.766 17.013
52 2020 2 13 0 32.735 16.973
53 2020 2 13 0 32.776 17.06
54 2020 2 13 0 32.843 16.79
55 2020 2 13 0 32.167 18.553
56 2020 2 13 0 32.064 18.331
57 2020 2 13 0 32.383 19.567
58 2020 2 13 0 32.14 18.069
59 2020 2 13 0 32.071 19.047
60 2020 2 13 0 32.249 18.983
61 2020 2 13 0 33.81 19.731
62 2020 2 13 0 33.9 18.916
63 2020 2 13 0 34.065 19.571
64 2020 2 13 0 34.155 19.969
65 2020 2 13 0 34.797 19.721
66 2020 2 13 0 33.477 20.238
67 2020 2 13 0 34.02 20.032
68 2020 2 13 0 34.667 19.458
69 2020 2 13 0 34.032 19.939
70 2020 2 13 0 34.305 18.994
71 2020 2 13 0 32.546 18.287
72 2020 2 13 0 32.507 18.185
73 2020 2 13 0 32.258 17.602
74 2020 2 13 0 32.54 18.186
75 2020 2 13 0 32.446 18.091
76 2020 2 13 0 32.558 18.267
77 2020 2 13 0 32.535 18.303
78 2020 2 13 0 32.516 18.311
79 2020 2 13 0 32.561 18.26
80 2020 2 13 0.2606 32.572 16.667
81 2020 2 13 0 32.829 17.38
82 2020 2 13 0 32.759 17.416
83 2020 2 13 0 32.667 17.142
84 2020 2 13 0 32.615 17.38
85 2020 2 13 0 32.62 17.702
86 2020 2 13 0 32.885 17.532
87 2020 2 13 0 32.687 17.468
88 2020 2 13 0 32.691 17.891
89 2020 2 13 0 32.689 17.627
90 2020 2 13 0 32.803 17.716
91 2020 2 13 0 32.712 16.816
92 2020 2 13 0 32.983 17.004
93 2020 2 13 0 32.949 17.173
94 2020 2 13 0 32.834 17.073
95 2020 2 13 0 31.517 14.32
96 2020 2 13 0 31.011 13.71
97 2020 2 13 0 31.904 15.009
98 2020 2 13 0 31.817 14.935
99 2020 2 13 0 32.502 16.031
100 2020 2 13 0 32.232 15.775
102 2020 2 13 0 33.029 20.062
103 2020 2 13 0 32.723 19.406
104 2020 2 13 0 32.779 19.492
105 2020 2 13 0 33.14 20.181
106 2020 2 13 0 32.579 19.113
107 2020 2 13 0 33.417 19.891
109 2020 2 13 0 33.259 21.065
110 2020 2 13 0 33.518 20.299
111 2020 2 13 0 33.254 20.598
112 2020 2 13 0 33.309 21.468
113 2020 2 13 0 32.816 17.442
114 2020 2 13 0 32.883 17.319
115 2020 2 13 0 32.709 17.742
116 2020 2 13 0 32.683 17.964
117 2020 2 13 0 32.789 17.462
118 2020 2 13 0 33.126 17.084
119 2020 2 13 0 32.988 17.165
120 2020 2 13 0 31.929 15.129
121 2020 2 13 0 32.459 16.077
122 2020 2 13 0 32.392 15.851
123 2020 2 13 0 32.914 16.222
124 2020 2 13 0 32.995 16.682
125 2020 2 13 0 33.212 17.219
126 2020 2 13 0 33.073 16.209
127 2020 2 13 0 31.393 14.179
128 2020 2 13 0 31.495 14.173
129 2020 2 13 0 32.936 19.935
130 2020 2 13 0 33.042 20.286
131 2020 2 13 0 32.838 19.99
132 2020 2 13 0 33.265 17.667
133 2020 2 13 0 33.252 19.723
134 2020 2 13 0 33.521 18.406
135 2020 2 13 0 32.397 19.443
136 2020 2 13 0 34.008 17.436
137 2020 2 13 0 33.386 19.067
138 2020 2 13 0 33.689 18.107
139 2020 2 13 0 32.623 18.488
140 2020 2 13 0 32.287 18.242
141 2020 2 13 0 32.769 19.748
142 2020 2 13 0 33.623 16.815
143 2020 2 13 0 32.531 15.699
144 2020 2 13 0 31.652 14.73
145 2020 2 13 0 30.614 13.435
146 2020 2 13 0 30.279 12.407
147 2020 2 13 0 32.974 16.502
148 2020 2 13 0 32.922 16.496
149 2020 2 13 0 31.028 14.063
150 2020 2 13 0 30.989 13.924
151 2020 2 13 0 33.525 19.027
152 2020 2 13 0 33.24 20.266
153 2020 2 13 0 33.55 18.918
154 2020 2 13 0 33.406 19.545
155 2020 2 13 0 33.174 20.664
156 2020 2 13 0 33.225 20.359
157 2020 2 13 0 33.345 19.819
158 2020 2 13 0 33.55 18.842
159 2020 2 13 0 33.406 19.586
160 2020 2 13 0 33.176 20.616
161 2020 2 13 0 33.142 17.083
162 2020 2 13 0 32.609 16.815
164 2020 2 13 0 32.877 17.158
165 2020 2 13 0 32.743 16.831
166 2020 2 13 0 32.441 16.933
167 2020 2 13 0 32.735 17.068
168 2020 2 13 0 32.97 16.741
169 2020 2 13 0 32.795 17.079
170 2020 2 13 0 32.732 16.861
171 2020 2 13 0 32.715 21.728
172 2020 2 13 0 32.741 21.943
173 2020 2 13 0 32.736 22.032
174 2020 2 13 0 32.762 18.288
175 2020 2 13 0 32.667 18.622
176 2020 2 13 0 32.754 17.575
177 2020 2 13 0 32.912 18.454
178 2020 2 13 0 32.912 18.215
179 2020 2 13 0 32.713 17.968
180 2020 2 13 0 32.736 18.889
181 2020 2 13 0 32.69 18.154
182 2020 2 13 0 33.572 21.091
183 2020 2 13 0 33.094 21.941
184 2020 2 13 0 33.371 21.759
185 2020 2 13 0 33.64 21.554
186 2020 2 13 0 33.901 20.961
187 2020 2 13 0 33.768 21.383
188 2020 2 13 0 33.197 20.033
189 2020 2 13 0 32.946 21.425
190 2020 2 13 0 32.993 21.032
191 2020 2 13 0 33.084 20.902
192 2020 2 13 0 32.916 21.574
195 2020 2 13 0 32.422 19.529
196 2020 2 13 0 32.414 19.294
197 2020 2 13 0 32.373 18.993
198 2020 2 13 0 32.439 18.897
199 2020 2 13 0 32.308 17.656
200 2020 2 13 0 32.034 17.725
201 2020 2 13 0 32.096 17.863
202 2020 2 13 0 32.363 17.785
203 2020 2 13 0 32.727 17.348
204 2020 2 13 0 32.757 16.822
205 2020 2 13 0 31.81 15.029
206 2020 2 13 0 32.795 16.504
207 2020 2 13 0 32.603 16.468
208 2020 2 13 0 32.286 15.971
209 2020 2 13 0 32.563 16.072
210 2020 2 13 0 32.695 17.799
211 2020 2 13 0 32.648 18.298
212 2020 2 13 0 32.68 18.025
213 2020 2 13 0 32.58 18.71
214 2020 2 13 0 32.601 19.071
215 2020 2 13 0 32.606 18.659
216 2020 2 13 0 34.048 18.096
217 2020 2 13 0 34.073 17.44
218 2020 2 13 0 33.893 18.373
219 2020 2 13 0 34.202 18.418
220 2020 2 13 0 34.702 18.256
221 2020 2 13 0 34.548 18.363
222 2020 2 13 0 33.925 18.216
223 2020 2 13 0 34.16 17.747
224 2020 2 13 0 34.313 18.314
225 2020 2 13 0 34.751 18.153
226 2020 2 13 0 34.508 18.343
227 2020 2 13 0 34.579 18.708
228 2020 2 13 0 34.882 19.059
229 2020 2 13 0 35.172 19.457
230 2020 2 13 0 35.063 19.444
231 2020 2 13 0 34.612 18.58
232 2020 2 13 0 35.142 19.655
233 2020 2 13 0 32.79 17.149
234 2020 2 13 0 32.687 16.518
235 2020 2 13 0 32.618 16.506
236 2020 2 13 0 32.86 16.93
237 2020 2 13 0 32.924 16.728
238 2020 2 13 0 32.717 16.765
239 2020 2 13 0 33.379 17.29
240 2020 2 13 0 34.348 18.027
241 2020 2 13 0 33.927 17.502
242 2020 2 13 0 34.52 18.088
243 2020 2 13 0 34.535 17.859
244 2020 2 13 0 34.292 17.609
245 2020 2 13 0 33.932 17.248
246 2020 2 13 0 34.283 17.502
247 2020 2 13 0 33.761 17.156
248 2020 2 13 0 33.255 16.879
249 2020 2 13 0 33.232 16.684
250 2020 2 13 0 32.838 16.858
251 2020 2 13 0 33.759 16.904
252 2020 2 13 0 32.869 16.787
0 2020 2 13 0 32.592 17.312
