1 2020 4 23 0 40.966 26.637
2 2020 4 23 0 40.168 26.197
3 2020 4 23 0 40.944 26.701
4 2020 4 23 0 40.351 26.121
5 2020 4 23 0 39.682 25.733
6 2020 4 23 0 39.695 25.932
7 2020 4 23 0 40.541 26.547
8 2020 4 23 0 40.117 25.918
9 2020 4 23 0 40.312 26.219
10 2020 4 23 0 39.688 25.803
11 2020 4 23 0 40.393 26.885
12 2020 4 23 0 39.997 26.685
13 2020 4 23 0 40.038 26.653
14 2020 4 23 0 40.257 26.623
15 2020 4 23 0 40.416 26.825
16 2020 4 23 0 40.571 26.854
17 2020 4 23 0 40.643 26.811
18 2020 4 23 0 40.599 26.985
19 2020 4 23 0.12717 38.804 25.197
20 2020 4 23 0 39.404 25.703
21 2020 4 23 0.18282 38.773 25.044
22 2020 4 23 0.66942 38.615 25.209
23 2020 4 23 0.49041 38.444 24.974
24 2020 4 23 0.1124 38.945 25.354
25 2020 4 23 0.62698 38.421 25.169
26 2020 4 23 0.1352 38.662 25.033
27 2020 4 23 0.28252 38.712 25.245
28 2020 4 23 0.10894 39.042 25.144
29 2020 4 23 0 39.572 25.897
30 2020 4 23 0.24458 39.457 25.834
31 2020 4 23 0 39.413 25.177
32 2020 4 23 0.14723 40.032 26.258
33 2020 4 23 0 38.997 26.348
34 2020 4 23 0 39.175 26.185
35 2020 4 23 0 38.768 26.476
36 2020 4 23 0 38.77 26.338
37 2020 4 23 0 39.547 26.275
38 2020 4 23 0 39.173 26.689
39 2020 4 23 0 39.113 26.914
40 2020 4 23 0 39.079 26.195
41 2020 4 23 0 38.805 26.734
42 2020 4 23 0 40.433 26.834
43 2020 4 23 0 40.875 27.261
44 2020 4 23 0 40.72 27.101
45 2020 4 23 0 40.811 27.3
46 2020 4 23 0 40.531 26.93
47 2020 4 23 0 40.928 27.383
48 2020 4 23 0 40.972 27.465
49 2020 4 23 0 40.613 27.072
51 2020 4 23 0 40.933 26.685
52 2020 4 23 0 40.942 26.827
53 2020 4 23 0 40.877 26.558
54 2020 4 23 0 40.862 26.645
55 2020 4 23 0 35.004 25.571
56 2020 4 23 0 36.18 25.614
57 2020 4 23 0 34.567 25.409
58 2020 4 23 0 36.333 25.65
59 2020 4 23 0 35.299 25.397
60 2020 4 23 0 34.468 25.475
61 2020 4 23 0 33.288 20.379
62 2020 4 23 0 35.277 24.832
63 2020 4 23 0 34.854 24.979
64 2020 4 23 0 33.684 20.256
65 2020 4 23 0 34.462 19.683
66 2020 4 23 0 32.942 20.678
67 2020 4 23 0 33.525 20.37
68 2020 4 23 0 34.471 19.63
69 2020 4 23 0 33.508 20.386
70 2020 4 23 0 34.34 19.494
71 2020 4 23 0 32.044 20.16
72 2020 4 23 0 35.363 25.8
73 2020 4 23 0 36.893 25.703
74 2020 4 23 0.11439 35.265 25.802
75 2020 4 23 0 35.618 25.791
76 2020 4 23 0.1398 35.067 25.813
77 2020 4 23 0 32.019 20.175
78 2020 4 23 0 31.944 20.159
79 2020 4 23 0 35.074 25.812
80 2020 4 23 0 37.805 25.366
81 2020 4 23 0 40.806 26.764
82 2020 4 23 0 40.94 27.304
83 2020 4 23 0 41.009 27.085
84 2020 4 23 0 40.97 26.995
85 2020 4 23 0 40.777 26.932
86 2020 4 23 0 40.697 26.825
87 2020 4 23 0 40.851 26.825
88 2020 4 23 0 40.619 26.872
89 2020 4 23 0 40.815 27.111
90 2020 4 23 0 40.644 26.835
91 2020 4 23 0 40.702 26.337
92 2020 4 23 0 40.413 26.062
93 2020 4 23 0.12475 40.673 26.325
94 2020 4 23 0 40.567 26.316
95 2020 4 23 0 39.748 25.468
96 2020 4 23 0 39.235 25.181
97 2020 4 23 0 39.971 25.625
98 2020 4 23 0.12822 39.937 25.777
99 2020 4 23 0 40.494 26.341
100 2020 4 23 0 40.404 26.044
102 2020 4 23 0 39.291 27.086
103 2020 4 23 0 40.02 27.141
104 2020 4 23 0 39.821 27.054
105 2020 4 23 0 39.099 27.144
106 2020 4 23 0 40.333 27.147
107 2020 4 23 0 35.787 20.717
109 2020 4 23 0 35.057 20.918
110 2020 4 23 0 35.421 20.599
111 2020 4 23 0 38.618 26.473
112 2020 4 23 0 34.752 20.876
113 2020 4 23 0 40.846 27.212
114 2020 4 23 0 40.952 27.412
115 2020 4 23 0 40.732 27.107
116 2020 4 23 0 40.672 27.11
117 2020 4 23 0 40.86 27.255
118 2020 4 23 0 41.009 27.507
119 2020 4 23 0 41.038 27.575
120 2020 4 23 0 39.368 25.323
121 2020 4 23 0 39.882 25.69
122 2020 4 23 0 39.355 25.389
123 2020 4 23 0 39.397 25.593
124 2020 4 23 0 39.576 25.603
125 2020 4 23 0 39.953 25.773
126 2020 4 23 0 39.085 25.461
127 2020 4 23 0.13524 38.66 24.87
128 2020 4 23 0 39.348 25.162
129 2020 4 23 0 32.38 20.597
130 2020 4 23 0 32.47 20.759
131 2020 4 23 0 32.255 20.626
132 2020 4 23 0 38.257 24.791
133 2020 4 23 0 32.786 20.44
134 2020 4 23 0 36.676 24.563
135 2020 4 23 0 35.368 25.095
136 2020 4 23 0 38.564 24.367
137 2020 4 23 0 35.461 24.899
138 2020 4 23 0 37.435 24.396
139 2020 4 23 0 36.65 25.07
140 2020 4 23 0 36.795 25.417
141 2020 4 23 0 32.249 20.493
142 2020 4 23 0 39.644 24.795
143 2020 4 23 0 40.306 26.445
144 2020 4 23 0 39.602 25.771
145 2020 4 23 0.11623 38.704 25.038
146 2020 4 23 1.2939 38.366 24.811
147 2020 4 23 0 40.785 26.756
148 2020 4 23 0 40.791 26.855
149 2020 4 23 0 39.093 25.319
150 2020 4 23 0 38.922 25.234
151 2020 4 23 0 38.703 26.33
152 2020 4 23 0 38.212 26.622
153 2020 4 23 0 38.725 26.277
154 2020 4 23 0 38.576 26.543
155 2020 4 23 0 38.094 26.599
156 2020 4 23 0 38.348 26.725
157 2020 4 23 0 38.605 26.663
158 2020 4 23 0 38.756 26.266
159 2020 4 23 0 38.539 26.536
160 2020 4 23 0 38.594 26.95
161 2020 4 23 0 39.561 25.397
162 2020 4 23 0 39.512 25.606
164 2020 4 23 0 39.362 25.246
165 2020 4 23 0 39.397 25.506
166 2020 4 23 0 39.685 25.794
167 2020 4 23 0 39.14 25.344
168 2020 4 23 0 39.369 25.334
169 2020 4 23 0 39.225 25.265
170 2020 4 23 0 39.421 25.487
171 2020 4 23 0 34.54 21.016
172 2020 4 23 0.6367 37.198 26.749
173 2020 4 23 0.19666 34.508 21.319
174 2020 4 23 0 40.101 26.77
175 2020 4 23 0 40.246 26.966
176 2020 4 23 0 40.821 27.218
177 2020 4 23 0 39.489 26.476
178 2020 4 23 0 39.635 26.442
179 2020 4 23 0 40.56 27.005
180 2020 4 23 0 39.916 26.853
181 2020 4 23 0 40.496 27.022
182 2020 4 23 0 34.867 20.58
183 2020 4 23 0 34.438 21.155
184 2020 4 23 0 34.139 21.277
185 2020 4 23 0 34.496 20.579
186 2020 4 23 0 34.499 20.366
187 2020 4 23 0 34.458 20.561
188 2020 4 23 0 39.371 27.373
189 2020 4 23 0.17646 37.846 26.856
190 2020 4 23 0.34486 38.191 26.965
191 2020 4 23 0 37.854 26.658
192 2020 4 23 0 37.69 26.721
195 2020 4 23 0 31.7 20.395
196 2020 4 23 0 31.762 20.362
197 2020 4 23 0 31.63 20.275
198 2020 4 23 0 31.825 20.295
199 2020 4 23 0 38.381 25.342
200 2020 4 23 0.2095 37.461 25.537
201 2020 4 23 0.12636 37.591 25.507
202 2020 4 23 0 37.688 25.431
203 2020 4 23 0 38.913 25.201
204 2020 4 23 0 40.914 27.129
205 2020 4 23 0 39.767 26.075
206 2020 4 23 0 40.793 27.009
207 2020 4 23 0 40.772 27.201
208 2020 4 23 0 40.466 26.896
209 2020 4 23 0 40.56 26.88
210 2020 4 23 0 40.656 27.053
211 2020 4 23 0 40.582 27.12
212 2020 4 23 0 40.652 27.109
213 2020 4 23 0 40.43 27.058
214 2020 4 23 0 40.333 27.145
215 2020 4 23 0 40.487 27.135
216 2020 4 23 0 36.462 24.749
217 2020 4 23 0 38.413 24.506
218 2020 4 23 0 35.625 24.71
219 2020 4 23 0 35.87 24.876
220 2020 4 23 0 35.67 19.096
221 2020 4 23 0 36.395 24.926
222 2020 4 23 0 36.174 24.598
223 2020 4 23 0 37.867 24.85
224 2020 4 23 0 36.638 24.948
225 2020 4 23 0 37.26 24.95
226 2020 4 23 0 36.665 24.955
227 2020 4 23 0 35.996 24.925
228 2020 4 23 0 35.093 19.19
229 2020 4 23 0 35.142 19.161
230 2020 4 23 0 35.003 19.256
231 2020 4 23 0 35.167 19.193
232 2020 4 23 0 34.925 19.331
233 2020 4 23 0 41.041 27.431
234 2020 4 23 0 40.797 27.275
235 2020 4 23 0 40.788 27.272
236 2020 4 23 0 40.983 27.531
237 2020 4 23 0 40.905 27.401
238 2020 4 23 0 40.902 27.375
239 2020 4 23 0 39.076 25.326
240 2020 4 23 0 37.452 24.967
241 2020 4 23 0 39.035 25.269
242 2020 4 23 0 37.306 24.965
243 2020 4 23 0 37.499 24.949
244 2020 4 23 0 38.251 24.932
245 2020 4 23 0 38.823 24.96
246 2020 4 23 0 38.451 25.027
247 2020 4 23 0 38.914 24.945
248 2020 4 23 0 39.193 25.066
249 2020 4 23 0 39.685 25.113
250 2020 4 23 0 39.381 25.321
251 2020 4 23 0 39.491 24.848
252 2020 4 23 0 39.563 25.374
0 2020 4 23 1.3598 37.545 25.606
