1 2020 5 4 0 41.147 26.801
2 2020 5 4 0 40.023 25.945
3 2020 5 4 0 41.121 26.71
4 2020 5 4 0 40.273 26.307
5 2020 5 4 0 39.447 25.161
6 2020 5 4 0 39.847 25.154
7 2020 5 4 0 40.614 26.122
8 2020 5 4 0 39.9 26.08
9 2020 5 4 0 40.295 26.314
10 2020 5 4 0 39.43 25.851
11 2020 5 4 0 40.725 26.341
12 2020 5 4 0 40.421 26.065
13 2020 5 4 0 40.447 25.978
14 2020 5 4 0 40.559 25.872
15 2020 5 4 0 40.757 26.21
16 2020 5 4 0 40.88 26.262
17 2020 5 4 0 40.913 26.163
18 2020 5 4 0 40.836 26.514
19 2020 5 4 0 39.871 26.412
20 2020 5 4 0 38.768 26.12
21 2020 5 4 0 39.81 26.077
22 2020 5 4 0 39.574 26.444
23 2020 5 4 0 38.979 25.768
24 2020 5 4 0 38.821 25.885
25 2020 5 4 0 39.25 26.41
26 2020 5 4 0 38.474 25.361
27 2020 5 4 0 38.976 26.002
28 2020 5 4 0 39.749 25.82
29 2020 5 4 0 38.839 26.425
30 2020 5 4 0 39.701 26.694
31 2020 5 4 0 40.044 25.547
32 2020 5 4 0 39.871 26.979
33 2020 5 4 0 39.406 25.511
34 2020 5 4 0 39.671 25.342
35 2020 5 4 0 39.11 25.595
36 2020 5 4 0 38.923 25.409
37 2020 5 4 0 39.941 25.375
38 2020 5 4 0 39.433 25.984
39 2020 5 4 0 39.21 26.238
40 2020 5 4 0 39.3 25.253
41 2020 5 4 0 39.022 25.927
42 2020 5 4 0 40.574 26.939
43 2020 5 4 0 40.903 27.035
44 2020 5 4 0 40.776 26.944
45 2020 5 4 0 41.067 27.279
46 2020 5 4 0 40.629 26.882
47 2020 5 4 0 40.855 27.166
48 2020 5 4 0 40.953 27.27
49 2020 5 4 0 40.737 27.14
51 2020 5 4 0 41.177 26.843
52 2020 5 4 0 41.179 26.781
53 2020 5 4 0 41.081 26.816
54 2020 5 4 0 41.214 26.94
55 2020 5 4 0 34.484 26.262
56 2020 5 4 0 35.803 26.152
57 2020 5 4 0 33.947 26.038
58 2020 5 4 0 35.934 26.259
59 2020 5 4 0 34.847 25.953
60 2020 5 4 0 33.833 26.173
61 2020 5 4 0 33.288 20.379
62 2020 5 4 0 35.093 25.318
63 2020 5 4 0 34.775 25.579
64 2020 5 4 0 33.684 20.256
65 2020 5 4 0 34.462 19.683
66 2020 5 4 0 32.942 20.678
67 2020 5 4 0 33.525 20.37
68 2020 5 4 0 34.471 19.63
69 2020 5 4 0 33.508 20.386
70 2020 5 4 0 34.34 19.494
71 2020 5 4 0 32.044 20.16
72 2020 5 4 0 35.187 26.566
73 2020 5 4 0 36.508 26.383
74 2020 5 4 0 35.102 26.577
75 2020 5 4 0 35.412 26.543
76 2020 5 4 0 34.929 26.6
77 2020 5 4 0 32.019 20.175
78 2020 5 4 0 31.944 20.159
79 2020 5 4 0 34.935 26.599
80 2020 5 4 0 37.155 26.06
81 2020 5 4 0 41.038 26.492
82 2020 5 4 0 41.062 26.845
83 2020 5 4 0 41.147 26.742
84 2020 5 4 0 41.063 26.608
85 2020 5 4 0 40.943 26.481
86 2020 5 4 0 40.968 26.332
87 2020 5 4 0 41.023 26.54
88 2020 5 4 0 40.87 26.394
89 2020 5 4 0 40.97 26.66
90 2020 5 4 0 40.917 26.363
91 2020 5 4 0 40.858 26.589
92 2020 5 4 0 40.372 26.281
93 2020 5 4 0 40.71 26.558
94 2020 5 4 0 40.616 26.535
95 2020 5 4 0 40.337 25.772
96 2020 5 4 0 40.043 25.702
97 2020 5 4 0 40.3 25.823
98 2020 5 4 0 40.546 26.158
99 2020 5 4 0 40.991 26.697
100 2020 5 4 0 40.741 26.29
102 2020 5 4 0 39.438 26.445
103 2020 5 4 0 40.15 26.74
104 2020 5 4 0 39.899 26.601
105 2020 5 4 0 39.488 26.381
106 2020 5 4 0 40.393 26.86
107 2020 5 4 0 35.787 20.717
109 2020 5 4 0 35.057 20.918
110 2020 5 4 0 35.421 20.599
111 2020 5 4 0 38.934 25.577
112 2020 5 4 0 34.752 20.876
113 2020 5 4 0 40.924 26.977
114 2020 5 4 0 41.032 27.037
115 2020 5 4 0 40.834 26.895
116 2020 5 4 0 40.764 26.904
117 2020 5 4 0 40.966 26.955
118 2020 5 4 0 40.979 27.19
119 2020 5 4 0 41.094 27.135
120 2020 5 4 0 39.501 25.552
121 2020 5 4 0 39.924 25.916
122 2020 5 4 0 39.194 25.634
123 2020 5 4 0 38.599 25.907
124 2020 5 4 0 38.951 25.871
125 2020 5 4 0 39.479 26.005
126 2020 5 4 0 38.153 25.95
127 2020 5 4 0 38.832 25.137
128 2020 5 4 0 39.686 25.353
129 2020 5 4 0 32.38 20.597
130 2020 5 4 0 32.47 20.759
131 2020 5 4 0 32.255 20.626
132 2020 5 4 0 37.791 25.33
133 2020 5 4 0 32.786 20.44
134 2020 5 4 0 36.331 25.117
135 2020 5 4 0 35.053 25.64
136 2020 5 4 0 38.238 24.817
137 2020 5 4 0 35.229 25.448
138 2020 5 4 0 37.051 25.006
139 2020 5 4 0 36.246 25.604
140 2020 5 4 0 36.393 25.919
141 2020 5 4 0 32.249 20.493
142 2020 5 4 0 39.403 24.938
143 2020 5 4 0 41.063 26.901
144 2020 5 4 0 40.476 26.363
145 2020 5 4 0 39.789 25.981
146 2020 5 4 0 39.526 26.185
147 2020 5 4 0 41.303 27.051
148 2020 5 4 0 41.308 27.028
149 2020 5 4 0 40.073 26.024
150 2020 5 4 0 39.966 26.013
151 2020 5 4 0 38.838 25.409
152 2020 5 4 0 38.473 25.824
153 2020 5 4 0 38.803 25.351
154 2020 5 4 0 38.91 25.657
155 2020 5 4 0 38.361 25.816
156 2020 5 4 0 38.535 25.935
157 2020 5 4 0 38.861 25.805
158 2020 5 4 0 38.802 25.329
159 2020 5 4 0 38.89 25.658
160 2020 5 4 0 38.687 26.194
161 2020 5 4 0 39.112 25.645
162 2020 5 4 0 39.125 25.376
164 2020 5 4 0 38.797 25.614
165 2020 5 4 0 38.953 25.547
166 2020 5 4 0 39.227 25.496
167 2020 5 4 0 38.641 25.614
168 2020 5 4 0 38.997 25.422
169 2020 5 4 0 38.691 25.597
170 2020 5 4 0 38.957 25.537
171 2020 5 4 0 34.54 21.016
172 2020 5 4 0 37.29 26.172
173 2020 5 4 0 34.508 21.319
174 2020 5 4 0 40.423 26.264
175 2020 5 4 0 40.41 26.604
176 2020 5 4 0 40.969 26.822
177 2020 5 4 0 39.896 25.821
178 2020 5 4 0 40.103 25.742
179 2020 5 4 0 40.787 26.62
180 2020 5 4 0 40.119 26.393
181 2020 5 4 0 40.653 26.715
182 2020 5 4 0 34.867 20.58
183 2020 5 4 0 34.438 21.155
184 2020 5 4 0 34.139 21.277
185 2020 5 4 0 34.496 20.579
186 2020 5 4 0 34.499 20.366
187 2020 5 4 0 34.458 20.561
188 2020 5 4 0 40.039 26.697
189 2020 5 4 0 37.952 26.196
190 2020 5 4 0 38.464 26.275
191 2020 5 4 0 38.045 25.934
192 2020 5 4 0 37.808 26.044
195 2020 5 4 0 31.7 20.395
196 2020 5 4 0 31.762 20.362
197 2020 5 4 0 31.63 20.275
198 2020 5 4 0 31.825 20.295
199 2020 5 4 0 37.774 25.794
200 2020 5 4 0.77401 36.923 26.101
201 2020 5 4 0.40831 37.083 26.029
202 2020 5 4 0 37.217 25.93
203 2020 5 4 0 38.347 25.651
204 2020 5 4 0 41.252 26.976
205 2020 5 4 0 40.688 26.624
206 2020 5 4 0 41.335 27.104
207 2020 5 4 0 41.39 27.249
208 2020 5 4 0 41.291 27.179
209 2020 5 4 0 41.338 27.189
210 2020 5 4 0 40.751 26.861
211 2020 5 4 0 40.665 26.898
212 2020 5 4 0 40.746 26.906
213 2020 5 4 0 40.508 26.826
214 2020 5 4 0 40.422 26.864
215 2020 5 4 0 40.557 26.886
216 2020 5 4 0 36.314 25.034
217 2020 5 4 0 38.229 24.803
218 2020 5 4 0 35.319 25.041
219 2020 5 4 0 35.602 25.132
220 2020 5 4 0 35.67 19.096
221 2020 5 4 0 36.098 25.156
222 2020 5 4 0 35.888 25.009
223 2020 5 4 0 37.936 25.004
224 2020 5 4 0 36.746 25.178
225 2020 5 4 0 37.107 25.1
226 2020 5 4 0 36.589 25.175
227 2020 5 4 0 35.588 25.174
228 2020 5 4 0 35.093 19.19
229 2020 5 4 0 35.142 19.161
230 2020 5 4 0 35.003 19.256
231 2020 5 4 0 35.167 19.193
232 2020 5 4 0 34.925 19.331
233 2020 5 4 0 41.186 26.978
234 2020 5 4 0 41.31 27.295
235 2020 5 4 0 41.36 27.284
236 2020 5 4 0 41.224 27.195
237 2020 5 4 0 41.158 27.274
238 2020 5 4 0 41.307 27.178
239 2020 5 4 0 39.575 24.555
240 2020 5 4 0 37.816 25.045
241 2020 5 4 0 39.554 24.723
242 2020 5 4 0 37.568 25.061
243 2020 5 4 0 37.89 24.943
244 2020 5 4 0 38.872 24.831
245 2020 5 4 0 39.449 24.634
246 2020 5 4 0 39.152 24.757
247 2020 5 4 0 39.265 24.666
248 2020 5 4 0 39.588 24.443
249 2020 5 4 0 39.611 24.886
250 2020 5 4 0 39.484 24.697
251 2020 5 4 0 39.536 24.749
252 2020 5 4 0 39.393 25.045
0 2020 5 4 0 37.069 26.282
