1 2020 6 2 0 39.967 28.012
2 2020 6 2 1.8112 39.399 27.683
3 2020 6 2 0 39.764 28.068
4 2020 6 2 0 40.197 27.607
5 2020 6 2 1.4887 38.727 27.596
6 2020 6 2 1.4145 38.772 27.691
7 2020 6 2 2.8273 39.407 27.85
8 2020 6 2 0 40.23 27.46
9 2020 6 2 0.12763 39.887 27.659
10 2020 6 2 0 39.771 27.376
11 2020 6 2 0 38.877 28.21
12 2020 6 2 0 38.581 28.225
13 2020 6 2 0.13418 38.727 28.137
14 2020 6 2 0.48769 39.05 27.977
15 2020 6 2 0 39.071 28.066
16 2020 6 2 0 39.218 28.025
17 2020 6 2 0.30225 39.327 27.94
18 2020 6 2 0 38.728 28.402
19 2020 6 2 0 38.806 25.395
20 2020 6 2 0 39.459 27.081
21 2020 6 2 0 38.656 25.291
22 2020 6 2 0 38.687 25.468
23 2020 6 2 0 38.48 25.573
24 2020 6 2 0 38.997 26.405
25 2020 6 2 0 38.384 25.471
26 2020 6 2 0 38.908 26.233
27 2020 6 2 0 38.655 25.988
28 2020 6 2 0 38.896 25.625
29 2020 6 2 0 39.567 27.373
30 2020 6 2 0 39.183 26.511
31 2020 6 2 0 39.045 25.724
32 2020 6 2 0 39.757 27.212
33 2020 6 2 0 37.449 28.358
34 2020 6 2 0 37.859 28.284
35 2020 6 2 0 37.112 28.356
36 2020 6 2 0 37.136 28.207
37 2020 6 2 0.78432 38.488 28.086
38 2020 6 2 0 37.172 28.666
39 2020 6 2 0 36.809 28.841
40 2020 6 2 0.54992 37.744 28.123
41 2020 6 2 0 36.806 28.603
42 2020 6 2 0.85108 37.402 28.01
43 2020 6 2 0.70797 38.178 28.931
44 2020 6 2 13.303 37.876 28.722
45 2020 6 2 0.46393 39.102 28.534
46 2020 6 2 8.0505 37.559 28.348
47 2020 6 2 0.84906 38.443 28.902
48 2020 6 2 1.7792 38.898 28.879
49 2020 6 2 0.39364 37.988 28.19
51 2020 6 2 0 39.925 28.066
52 2020 6 2 0 39.517 28.268
53 2020 6 2 0 40.137 27.918
54 2020 6 2 0 40.143 27.984
55 2020 6 2 0 36.319 27.539
56 2020 6 2 0 37.051 27.418
57 2020 6 2 0 35.767 27.709
58 2020 6 2 0 37.222 27.452
59 2020 6 2 0.18959 36.213 27.605
60 2020 6 2 0 35.843 27.668
61 2020 6 2 0 33.288 20.379
62 2020 6 2 0.10931 36.083 27.542
63 2020 6 2 0 35.611 27.649
64 2020 6 2 0 33.684 20.256
65 2020 6 2 0 34.462 19.683
66 2020 6 2 0 32.942 20.678
67 2020 6 2 0 33.525 20.37
68 2020 6 2 0 34.471 19.63
69 2020 6 2 0 33.508 20.386
70 2020 6 2 0 34.34 19.494
71 2020 6 2 0 32.044 20.16
72 2020 6 2 0 36.619 27.653
73 2020 6 2 0 37.585 27.531
74 2020 6 2 0 36.559 27.66
75 2020 6 2 0 36.773 27.638
76 2020 6 2 0 36.425 27.68
77 2020 6 2 0 32.019 20.175
78 2020 6 2 0 31.944 20.159
79 2020 6 2 0 36.435 27.677
80 2020 6 2 0 38.237 27.327
81 2020 6 2 0 39.572 28.014
82 2020 6 2 0.6648 38.746 28.701
83 2020 6 2 0.51126 39.056 28.527
84 2020 6 2 0.27659 38.967 28.469
85 2020 6 2 0 38.93 28.364
86 2020 6 2 0 39.375 28.006
87 2020 6 2 0 39.302 28.208
88 2020 6 2 0 39.055 28.208
89 2020 6 2 0.22795 38.746 28.547
90 2020 6 2 0 39.26 28.078
91 2020 6 2 0 40.12 27.661
92 2020 6 2 0 40.271 27.499
93 2020 6 2 0 40.267 27.756
94 2020 6 2 0 40.127 27.738
95 2020 6 2 0 39.279 26.16
96 2020 6 2 0 38.952 25.623
97 2020 6 2 0 39.496 26.579
98 2020 6 2 0 39.476 26.6
99 2020 6 2 0 39.926 27.484
100 2020 6 2 0 39.778 27.121
102 2020 6 2 0.20148 36.759 29.092
103 2020 6 2 0.43819 37.372 29.207
104 2020 6 2 0 37.286 29.068
105 2020 6 2 0.25551 36.55 29.25
106 2020 6 2 0 37.643 29.194
107 2020 6 2 0.15254 35.787 20.717
109 2020 6 2 0.14777 35.057 20.918
110 2020 6 2 1.7101 35.421 20.599
111 2020 6 2 4.5817 36.968 28.301
112 2020 6 2 0.66497 34.752 20.876
113 2020 6 2 0.11805 38.068 28.895
114 2020 6 2 0.4337 38.496 28.884
115 2020 6 2 0 37.862 28.894
116 2020 6 2 0 37.798 28.963
117 2020 6 2 0.11117 38.195 28.856
118 2020 6 2 1.7675 38.722 28.963
119 2020 6 2 1.554 38.797 28.916
120 2020 6 2 0 39.325 26.447
121 2020 6 2 0 39.797 26.975
122 2020 6 2 0 39.564 26.725
123 2020 6 2 0 39.63 27.1
124 2020 6 2 0 39.85 27.047
125 2020 6 2 0 40.182 27.245
126 2020 6 2 0 39.326 27.247
127 2020 6 2 0 38.791 25.868
128 2020 6 2 0 39.09 26.01
129 2020 6 2 0 32.38 20.597
130 2020 6 2 0 32.47 20.759
131 2020 6 2 0 32.255 20.626
132 2020 6 2 0 38.693 27.037
133 2020 6 2 0 32.786 20.44
134 2020 6 2 0.36022 37.239 27.262
135 2020 6 2 0.3759 36.062 27.614
136 2020 6 2 0.1517 38.798 26.923
137 2020 6 2 0.18729 36.172 27.539
138 2020 6 2 0.10324 37.891 27.093
139 2020 6 2 0 37.27 27.344
140 2020 6 2 0 37.503 27.326
141 2020 6 2 0.10233 32.249 20.493
142 2020 6 2 0 39.615 26.885
143 2020 6 2 0 39.912 27.516
144 2020 6 2 0 39.342 26.461
145 2020 6 2 0 38.63 25.271
146 2020 6 2 0 38.289 24.921
147 2020 6 2 0 40.089 28.1
148 2020 6 2 0 39.868 28.212
149 2020 6 2 0 38.944 25.734
150 2020 6 2 0 38.828 25.554
151 2020 6 2 0 37.05 28.195
152 2020 6 2 0 36.43 28.406
153 2020 6 2 0 37.075 28.158
154 2020 6 2 0 36.886 28.351
155 2020 6 2 0.6889 36.351 28.372
156 2020 6 2 0 36.397 28.53
157 2020 6 2 0 36.74 28.48
158 2020 6 2 0 37.098 28.147
159 2020 6 2 0 36.867 28.344
160 2020 6 2 0 36.279 28.838
161 2020 6 2 0 39.859 27.128
162 2020 6 2 0.18802 39.208 27.369
164 2020 6 2 0 39.739 27.022
165 2020 6 2 0 39.559 27.205
166 2020 6 2 1.3582 39.067 27.521
167 2020 6 2 0 39.587 27.089
168 2020 6 2 0 39.662 27.085
169 2020 6 2 0 39.656 27.046
170 2020 6 2 0 39.54 27.206
171 2020 6 2 34.282 34.54 21.016
172 2020 6 2 18.844 35.265 28.466
173 2020 6 2 24.347 34.508 21.319
174 2020 6 2 0 38.194 28.52
175 2020 6 2 0 37.792 28.947
176 2020 6 2 0.1129 38.496 28.702
177 2020 6 2 0 37.734 28.569
178 2020 6 2 0 38.205 28.303
179 2020 6 2 0 38.371 28.544
180 2020 6 2 0 37.628 28.926
181 2020 6 2 0 37.941 28.829
182 2020 6 2 1.1244 34.867 20.58
183 2020 6 2 7.891 34.438 21.155
184 2020 6 2 6.3861 34.139 21.277
185 2020 6 2 0.64658 34.496 20.579
186 2020 6 2 0.70857 34.499 20.366
187 2020 6 2 0.96567 34.458 20.561
188 2020 6 2 1.2378 36.699 29.424
189 2020 6 2 3.99 35.719 28.666
190 2020 6 2 2.436 35.928 28.899
191 2020 6 2 1.2585 36.027 28.414
192 2020 6 2 8.8385 35.768 28.469
195 2020 6 2 0 31.7 20.395
196 2020 6 2 0 31.762 20.362
197 2020 6 2 0 31.63 20.275
198 2020 6 2 0 31.825 20.295
199 2020 6 2 0.11286 39.012 27.157
200 2020 6 2 0.30509 38.159 27.373
201 2020 6 2 0.18904 38.292 27.315
202 2020 6 2 0 38.322 27.224
203 2020 6 2 0 39.382 27.045
204 2020 6 2 0.56473 39.424 28.45
205 2020 6 2 0.17968 39.51 26.791
206 2020 6 2 0.11345 39.815 28.276
207 2020 6 2 1.757 39.861 28.314
208 2020 6 2 2.8729 40.011 27.853
209 2020 6 2 0.14232 40.078 27.963
210 2020 6 2 9.8676 37.743 28.882
211 2020 6 2 0 37.763 29.035
212 2020 6 2 0.36877 37.791 28.981
213 2020 6 2 1.8857 37.647 29.073
214 2020 6 2 0.72827 37.638 29.206
215 2020 6 2 0 37.724 29.109
216 2020 6 2 0.1427 37.116 27.379
217 2020 6 2 0.14719 38.584 27.004
218 2020 6 2 0 36.523 27.452
219 2020 6 2 0 36.309 27.493
220 2020 6 2 0 35.67 19.096
221 2020 6 2 0 36.363 27.423
222 2020 6 2 0.64205 36.914 27.346
223 2020 6 2 0 38.104 27.237
224 2020 6 2 0 37.177 27.472
225 2020 6 2 0 36.918 27.281
226 2020 6 2 0 36.841 27.425
227 2020 6 2 0 35.885 27.483
228 2020 6 2 0 35.093 19.19
229 2020 6 2 0 35.142 19.161
230 2020 6 2 0 35.003 19.256
231 2020 6 2 0 35.167 19.193
232 2020 6 2 0 34.925 19.331
233 2020 6 2 1.4415 39.013 28.727
234 2020 6 2 15.323 39.714 28.427
235 2020 6 2 11.677 39.781 28.382
236 2020 6 2 6.213 39.217 28.735
237 2020 6 2 7.227 39.334 28.675
238 2020 6 2 3.177 39.483 28.539
239 2020 6 2 0.50576 38.485 27.419
240 2020 6 2 0.1079 37.711 27.366
241 2020 6 2 0.25845 38.391 27.37
242 2020 6 2 0 37.376 27.35
243 2020 6 2 0 37.365 27.288
244 2020 6 2 0.12403 38.243 27.22
245 2020 6 2 0.33625 38.61 27.172
246 2020 6 2 0 38.129 27.248
247 2020 6 2 0.69629 38.712 27.15
248 2020 6 2 0.29486 38.749 27.214
249 2020 6 2 0 39.437 27.066
250 2020 6 2 0 38.757 27.356
251 2020 6 2 0.18189 39.265 26.981
252 2020 6 2 0 39.167 27.27
0 2020 6 2 0 38.015 27.389
