1 2020 3 8 0 31.755 15.476
2 2020 3 8 0 32.133 15.341
3 2020 3 8 0 31.79 15.602
4 2020 3 8 0 31.856 15.425
5 2020 3 8 0 32.257 15.109
6 2020 3 8 0 32.488 15.002
7 2020 3 8 0 32.432 15.301
8 2020 3 8 0 31.886 15.504
9 2020 3 8 0 31.876 15.267
10 2020 3 8 0 31.811 15.291
11 2020 3 8 0 31.482 16.735
12 2020 3 8 0 31.618 16.708
13 2020 3 8 0 31.862 16.428
14 2020 3 8 0 32.491 15.672
15 2020 3 8 0 31.968 16.213
16 2020 3 8 0 32.177 15.919
17 2020 3 8 0 32.636 15.403
18 2020 3 8 0 31.447 16.668
19 2020 3 8 0 29.558 12.073
20 2020 3 8 0 31.293 14.265
21 2020 3 8 0 29.441 12.623
22 2020 3 8 0 29.566 12.185
23 2020 3 8 0 29.798 12.57
24 2020 3 8 0 30.663 13.667
25 2020 3 8 0 29.624 12.457
26 2020 3 8 0 30.505 13.504
27 2020 3 8 0 30.242 13.217
28 2020 3 8 0 29.973 12.381
29 2020 3 8 0 31.685 14.652
30 2020 3 8 0 30.857 14.03
31 2020 3 8 0 30.199 12.608
32 2020 3 8 0 31.629 14.881
33 2020 3 8 0 32.429 16.047
34 2020 3 8 0 32.226 16.189
35 2020 3 8 0 32.703 15.867
36 2020 3 8 0 32.435 15.556
37 2020 3 8 0 32.319 16.035
38 2020 3 8 0 32.554 16.117
39 2020 3 8 0 32.718 16.004
40 2020 3 8 0 32.251 15.725
41 2020 3 8 0 32.841 15.883
42 2020 3 8 0 31.535 16.281
43 2020 3 8 0 31.653 16.474
44 2020 3 8 0 31.665 16.385
45 2020 3 8 0 31.225 16.504
46 2020 3 8 0 31.601 16.308
47 2020 3 8 0 31.566 16.6
48 2020 3 8 0 31.421 16.647
49 2020 3 8 0 31.417 16.436
51 2020 3 8 0 31.675 15.638
52 2020 3 8 0 31.494 16.09
53 2020 3 8 0 31.791 15.351
54 2020 3 8 0 31.666 15.554
55 2020 3 8 0 29.004 16.908
56 2020 3 8 0 29.594 16.889
57 2020 3 8 0 28.934 16.835
58 2020 3 8 0 29.797 16.619
59 2020 3 8 0 29.271 16.792
60 2020 3 8 0 28.831 16.809
61 2020 3 8 0 29.859 16.654
62 2020 3 8 0 30.505 15.985
63 2020 3 8 0 30.068 16.396
64 2020 3 8 0 29.806 16.427
65 2020 3 8 0 30.135 15.557
66 2020 3 8 0 29.373 17.053
67 2020 3 8 0 29.723 16.6
68 2020 3 8 0 30.224 15.534
69 2020 3 8 0 29.812 16.638
70 2020 3 8 0 30.432 15.58
71 2020 3 8 0 29.152 16.794
72 2020 3 8 0.15021 29.336 16.677
73 2020 3 8 0 30.31 15.989
74 2020 3 8 0.48862 29.302 16.677
75 2020 3 8 0 29.508 16.562
76 2020 3 8 0 29.171 16.769
77 2020 3 8 0 29.136 16.814
78 2020 3 8 0 29.115 16.823
79 2020 3 8 0 29.178 16.764
80 2020 3 8 0 31.154 15.233
81 2020 3 8 0 32.109 15.579
82 2020 3 8 0 31.302 16.632
83 2020 3 8 0 31.306 16.477
84 2020 3 8 0 31.397 16.427
85 2020 3 8 0 31.435 16.528
86 2020 3 8 0 32.277 15.658
87 2020 3 8 0 31.687 16.048
88 2020 3 8 0 31.61 16.42
89 2020 3 8 0 31.383 16.608
90 2020 3 8 0 31.98 15.99
91 2020 3 8 0 31.7 15.088
92 2020 3 8 0 31.757 15.336
93 2020 3 8 0 31.863 15.413
94 2020 3 8 0 31.827 15.315
95 2020 3 8 0 30.462 13.39
96 2020 3 8 0 29.836 13.242
97 2020 3 8 0 30.933 13.614
98 2020 3 8 0 30.633 14.152
99 2020 3 8 0 31.253 15.114
100 2020 3 8 0 31.255 14.309
102 2020 3 8 0 32.668 16.26
103 2020 3 8 0 32.306 16.582
104 2020 3 8 0 32.38 16.383
105 2020 3 8 0 32.696 16.583
106 2020 3 8 0 32.149 16.615
107 2020 3 8 0 32.658 15.797
109 2020 3 8 0 32.174 15.878
110 2020 3 8 0 32.187 15.621
111 2020 3 8 0 32.265 15.856
112 2020 3 8 0 31.844 15.776
113 2020 3 8 0 31.661 16.419
114 2020 3 8 0 31.404 16.599
115 2020 3 8 0 31.8 16.365
116 2020 3 8 0 31.868 16.403
117 2020 3 8 0 31.568 16.467
118 2020 3 8 0 31.424 16.677
119 2020 3 8 0 31.245 16.727
120 2020 3 8 0 30.774 13.809
121 2020 3 8 0 31.264 14.583
122 2020 3 8 0 31.083 14.408
123 2020 3 8 0 31.535 14.533
124 2020 3 8 0 31.634 14.813
125 2020 3 8 0 31.868 15.277
126 2020 3 8 0 31.772 14.654
127 2020 3 8 0 30.22 13.07
128 2020 3 8 0 30.475 12.972
129 2020 3 8 0 29.069 16.943
130 2020 3 8 0 29.055 17.19
131 2020 3 8 0 28.998 17.008
132 2020 3 8 0 31.602 15.827
133 2020 3 8 0 29.587 16.743
134 2020 3 8 0 31.007 15.774
135 2020 3 8 0 29.387 16.684
136 2020 3 8 0 32.215 15.118
137 2020 3 8 0 30.237 16.228
138 2020 3 8 0 31.458 15.645
139 2020 3 8 0 30.338 16.364
140 2020 3 8 0 30.109 16.67
141 2020 3 8 0 29.231 16.852
142 2020 3 8 0 32.462 14.802
143 2020 3 8 0 30.914 15.609
144 2020 3 8 0 30.117 14.669
145 2020 3 8 0 29.152 13.399
146 2020 3 8 0 29.097 11.948
147 2020 3 8 0 31.504 15.968
148 2020 3 8 0 31.375 16.212
149 2020 3 8 0 29.528 14.104
150 2020 3 8 0 29.108 13.67
151 2020 3 8 0 32.396 15.491
152 2020 3 8 0 32.751 15.959
153 2020 3 8 0 32.266 15.408
154 2020 3 8 0 32.868 15.819
155 2020 3 8 0 32.558 16.021
156 2020 3 8 0 32.799 15.91
157 2020 3 8 0 32.897 15.823
158 2020 3 8 0 32.244 15.381
159 2020 3 8 0 32.88 15.84
160 2020 3 8 0 32.839 15.955
161 2020 3 8 0 32.009 15.402
162 2020 3 8 0 32.103 15.249
164 2020 3 8 0 31.985 15.726
165 2020 3 8 0 31.909 15.391
166 2020 3 8 0 32.034 15.455
167 2020 3 8 0 31.878 15.668
168 2020 3 8 0 32.123 15.203
169 2020 3 8 0 31.945 15.714
170 2020 3 8 0 32.029 15.448
171 2020 3 8 0 32.058 15.737
172 2020 3 8 0 32.143 16.078
173 2020 3 8 0 32.139 16.176
174 2020 3 8 0 31.793 16.57
175 2020 3 8 0 32.025 16.539
176 2020 3 8 0 31.447 16.574
177 2020 3 8 0 32.14 16.384
178 2020 3 8 0 31.917 16.463
179 2020 3 8 0 31.596 16.574
180 2020 3 8 0 32.18 16.487
181 2020 3 8 0 31.849 16.479
182 2020 3 8 0 31.648 15.496
183 2020 3 8 0 31.741 16.018
184 2020 3 8 0 30.967 16.015
185 2020 3 8 0 31.205 15.434
186 2020 3 8 0 30.594 15.426
187 2020 3 8 0 30.878 15.458
188 2020 3 8 0 32.714 17.106
189 2020 3 8 0 32.483 16.237
190 2020 3 8 0 32.496 16.515
191 2020 3 8 0 32.555 16.09
192 2020 3 8 0 32.367 16.213
195 2020 3 8 0 28.83 16.777
196 2020 3 8 0 28.801 16.703
197 2020 3 8 0 28.848 16.777
198 2020 3 8 0 28.907 16.759
199 2020 3 8 0 31.246 16.17
200 2020 3 8 0 30.621 16.172
201 2020 3 8 0 30.654 16.357
202 2020 3 8 0 30.704 16.424
203 2020 3 8 0 31.692 15.982
204 2020 3 8 0 31.209 16.433
205 2020 3 8 0 30.029 14.906
206 2020 3 8 0 31.19 16.305
207 2020 3 8 0 30.929 16.356
208 2020 3 8 0 30.605 15.913
209 2020 3 8 0 30.89 16.042
210 2020 3 8 0 31.816 16.352
211 2020 3 8 0 31.947 16.473
212 2020 3 8 0 31.881 16.423
213 2020 3 8 0 32.051 16.481
214 2020 3 8 0 32.147 16.636
215 2020 3 8 0 32.031 16.543
216 2020 3 8 0 31.326 15.354
217 2020 3 8 0 32.139 14.974
218 2020 3 8 0 30.788 15.458
219 2020 3 8 0 30.713 15.166
220 2020 3 8 0 30.462 14.02
221 2020 3 8 0 30.607 14.578
222 2020 3 8 0 31.168 15.464
223 2020 3 8 0 31.833 15.136
224 2020 3 8 0 31.367 15.505
225 2020 3 8 0 30.615 13.95
226 2020 3 8 0 30.952 14.896
227 2020 3 8 0 30.39 14.892
228 2020 3 8 0 30.247 14.639
229 2020 3 8 0 30.266 14.695
230 2020 3 8 0 30.281 14.902
231 2020 3 8 0 30.283 14.495
232 2020 3 8 0 30.242 15.006
233 2020 3 8 0 31.143 16.661
234 2020 3 8 0 30.987 16.417
235 2020 3 8 0 30.919 16.403
236 2020 3 8 0 31.056 16.666
237 2020 3 8 0 31.172 16.555
238 2020 3 8 0 30.992 16.531
239 2020 3 8 0 32.194 14.233
240 2020 3 8 0 31.421 15.092
241 2020 3 8 0 31.599 14.33
242 2020 3 8 0 31.057 14.694
243 2020 3 8 0 30.821 14.209
244 2020 3 8 0 31.353 14.506
245 2020 3 8 0 31.744 14.187
246 2020 3 8 0 31.113 14.175
247 2020 3 8 0 32.137 14.353
248 2020 3 8 0 32.464 13.98
249 2020 3 8 0 32.469 14.554
250 2020 3 8 0 32.434 14.395
251 2020 3 8 0 32.463 14.499
252 2020 3 8 0 32.311 14.819
0 2020 3 8 0.14718 30.54 15.767
