1 2020 3 11 0 30.265 18.593
2 2020 3 11 0 30.097 18.641
3 2020 3 11 0 30.349 18.535
4 2020 3 11 0 29.745 18.716
5 2020 3 11 0 29.903 18.08
6 2020 3 11 0 30.547 17.902
7 2020 3 11 0 30.834 18.509
8 2020 3 11 0 29.515 18.748
9 2020 3 11 0 29.931 18.726
10 2020 3 11 0 29.375 18.827
11 2020 3 11 0 29.918 18.363
12 2020 3 11 0 29.735 18.028
13 2020 3 11 0 30.072 18.101
14 2020 3 11 0 30.98 18.396
15 2020 3 11 0 30.476 18.351
16 2020 3 11 0 30.796 18.396
17 2020 3 11 0 31.345 18.423
18 2020 3 11 0 29.997 18.443
19 2020 3 11 0 26.537 15.426
20 2020 3 11 0 28.232 18.48
21 2020 3 11 0 26.729 15.457
22 2020 3 11 0 26.442 15.674
23 2020 3 11 0 26.946 16.205
24 2020 3 11 0 27.733 17.553
25 2020 3 11 0 26.546 16.048
26 2020 3 11 0 27.642 17.286
27 2020 3 11 0 27.354 16.979
28 2020 3 11 0 27.419 16.009
29 2020 3 11 0 28.616 19.003
30 2020 3 11 0 27.891 17.699
31 2020 3 11 0 28.074 16.206
32 2020 3 11 0 28.594 18.762
33 2020 3 11 0 29.963 18.064
34 2020 3 11 0 29.783 17.533
35 2020 3 11 0 30.256 18.738
36 2020 3 11 0 30.206 18.551
37 2020 3 11 0 30.354 18.17
38 2020 3 11 0 29.965 18.434
39 2020 3 11 0 29.893 18.719
40 2020 3 11 0 30.128 18.137
41 2020 3 11 0 30.107 18.898
42 2020 3 11 0 30.086 18.87
43 2020 3 11 0 30.39 18.716
44 2020 3 11 0 30.315 18.708
45 2020 3 11 0 29.926 18.616
46 2020 3 11 0 30.189 18.771
47 2020 3 11 0 30.464 18.796
48 2020 3 11 0 30.353 18.751
49 2020 3 11 0 30.102 18.89
51 2020 3 11 0 30.112 18.5
52 2020 3 11 0 29.963 18.339
53 2020 3 11 0 30.189 18.621
54 2020 3 11 0 29.961 18.452
55 2020 3 11 0 26.619 20.796
56 2020 3 11 0 27.906 20.378
57 2020 3 11 0 27.312 21.011
58 2020 3 11 0 27.73 20.287
59 2020 3 11 0 27.945 20.529
60 2020 3 11 0 26.501 20.999
61 2020 3 11 0 29.352 20.541
62 2020 3 11 0 29.563 20.23
63 2020 3 11 0 29.527 20.42
64 2020 3 11 0 29.377 20.542
65 2020 3 11 0 29.764 20.082
66 2020 3 11 0 28.809 20.947
67 2020 3 11 0 29.284 20.642
68 2020 3 11 0 29.694 19.998
69 2020 3 11 0 29.363 20.615
70 2020 3 11 0 29.58 20.054
71 2020 3 11 0 26.587 20.836
72 2020 3 11 0 26.781 20.711
73 2020 3 11 0 27.891 20.017
74 2020 3 11 0 26.718 20.735
75 2020 3 11 0 26.995 20.59
76 2020 3 11 0 26.587 20.822
77 2020 3 11 0 26.584 20.847
78 2020 3 11 0 26.53 20.852
79 2020 3 11 0 26.59 20.82
80 2020 3 11 0 28.628 19.436
81 2020 3 11 0 30.732 18.485
82 2020 3 11 0 30.177 18.712
83 2020 3 11 0 30.039 18.426
84 2020 3 11 0 30.124 18.407
85 2020 3 11 0 30.056 18.357
86 2020 3 11 0 30.939 18.43
87 2020 3 11 0 30.301 18.422
88 2020 3 11 0 30.16 18.368
89 2020 3 11 0 30.097 18.531
90 2020 3 11 0 30.576 18.411
91 2020 3 11 0 29.976 18.431
92 2020 3 11 0 29.631 18.47
93 2020 3 11 0 29.991 18.667
94 2020 3 11 0 29.981 18.701
95 2020 3 11 0 28.539 16.692
96 2020 3 11 0 27.684 16.091
97 2020 3 11 0 29.048 17.249
98 2020 3 11 0 28.69 17.075
99 2020 3 11 0 29.4 17.906
100 2020 3 11 0 29.529 17.757
102 2020 3 11 0 29.833 18.827
103 2020 3 11 0 30 18.655
104 2020 3 11 0 29.956 18.568
105 2020 3 11 0 29.795 19.047
106 2020 3 11 0 30.076 18.541
107 2020 3 11 0 30.252 19.157
109 2020 3 11 0 29.68 19.063
110 2020 3 11 0 29.907 19.033
111 2020 3 11 0 29.89 19.042
112 2020 3 11 0 29.395 18.99
113 2020 3 11 0 30.342 18.705
114 2020 3 11 0 30.306 18.842
115 2020 3 11 0 30.29 18.621
116 2020 3 11 0 30.26 18.607
117 2020 3 11 0 30.297 18.74
118 2020 3 11 0 30.416 18.841
119 2020 3 11 0 30.316 18.944
120 2020 3 11 0 28.465 17.269
121 2020 3 11 0 29.04 17.873
122 2020 3 11 0 28.461 17.813
123 2020 3 11 0 28.407 18.745
124 2020 3 11 0 28.623 18.708
125 2020 3 11 0 29.092 18.825
126 2020 3 11 0 28.768 19.054
127 2020 3 11 0 27.671 16.657
128 2020 3 11 0 28.346 16.683
129 2020 3 11 0 27.83 21.016
130 2020 3 11 0 28.19 21.145
131 2020 3 11 0 27.724 21.091
132 2020 3 11 0 29.877 19.062
133 2020 3 11 0 28.933 20.613
134 2020 3 11 0 29.788 19.478
135 2020 3 11 0 28.557 20.476
136 2020 3 11 0 30.662 18.712
137 2020 3 11 0 29.374 20.127
138 2020 3 11 0 30.071 19.086
139 2020 3 11 0 29.045 19.81
140 2020 3 11 0 28.564 20.024
141 2020 3 11 0 28.214 20.824
142 2020 3 11 0 30.808 18.621
143 2020 3 11 0 28.828 17.654
144 2020 3 11 0 27.959 16.768
145 2020 3 11 0 26.698 15.602
146 2020 3 11 0 26.076 14.916
147 2020 3 11 0 29.608 18.259
148 2020 3 11 0 29.53 18.19
149 2020 3 11 0 27.297 16.142
150 2020 3 11 0 27.03 15.977
151 2020 3 11 0 30.363 18.854
152 2020 3 11 0 30.147 19.148
153 2020 3 11 0 30.334 18.769
154 2020 3 11 0 30.432 19.174
155 2020 3 11 0 29.991 19.144
156 2020 3 11 0 30.026 19.063
157 2020 3 11 0 30.26 19.106
158 2020 3 11 0 30.215 18.547
159 2020 3 11 0 30.439 19.202
160 2020 3 11 0 29.746 18.924
161 2020 3 11 0 29.593 18.838
162 2020 3 11 0 29.629 18.638
164 2020 3 11 0 29.703 18.888
165 2020 3 11 0 29.374 18.847
166 2020 3 11 0 29.508 18.702
167 2020 3 11 0 29.539 18.944
168 2020 3 11 0 29.815 18.832
169 2020 3 11 0 29.663 18.903
170 2020 3 11 0 29.569 18.837
171 2020 3 11 0 29.236 18.556
172 2020 3 11 0 29.337 18.841
173 2020 3 11 0 29.359 18.916
174 2020 3 11 0 29.874 18.101
175 2020 3 11 0 30.018 18.304
176 2020 3 11 0 30.185 18.675
177 2020 3 11 0 29.712 17.645
178 2020 3 11 0 29.723 17.657
179 2020 3 11 0 30.081 18.502
180 2020 3 11 0 29.91 18.156
181 2020 3 11 0 30.135 18.468
182 2020 3 11 0 29.402 18.918
183 2020 3 11 0 29.278 19.042
184 2020 3 11 0 29.234 19.261
185 2020 3 11 0 29.098 18.872
186 2020 3 11 0 29.276 18.995
187 2020 3 11 0 29.155 18.937
188 2020 3 11 0 30.071 19.143
189 2020 3 11 0 29.557 19.009
190 2020 3 11 0 29.631 19.084
191 2020 3 11 0 29.9 19.12
192 2020 3 11 0 29.617 19.071
195 2020 3 11 0 27.037 21.056
196 2020 3 11 0 26.986 20.936
197 2020 3 11 0 26.703 20.957
198 2020 3 11 0 26.808 20.907
199 2020 3 11 0 28.938 19.204
200 2020 3 11 0 28.269 19.627
201 2020 3 11 0 28.453 19.615
202 2020 3 11 0 28.779 19.669
203 2020 3 11 0 29.563 19.034
204 2020 3 11 0 29.791 18.426
205 2020 3 11 0 28.056 17.015
206 2020 3 11 0 29.493 18.26
207 2020 3 11 0 29.406 18.357
208 2020 3 11 0 28.879 17.923
209 2020 3 11 0 29.038 18
210 2020 3 11 0 30.247 18.582
211 2020 3 11 0 30.206 18.583
212 2020 3 11 0 30.246 18.602
213 2020 3 11 0 30.091 18.457
214 2020 3 11 0 30.077 18.562
215 2020 3 11 0 30.152 18.558
216 2020 3 11 0 30.056 19.832
217 2020 3 11 0 30.798 18.947
218 2020 3 11 0 29.499 20.129
219 2020 3 11 0 29.546 19.76
220 2020 3 11 0 29.503 18.41
221 2020 3 11 0 29.58 19.026
222 2020 3 11 0 29.838 19.761
223 2020 3 11 0 30.699 19.395
224 2020 3 11 0 30.346 19.98
225 2020 3 11 0 29.644 18.275
226 2020 3 11 0 29.964 19.364
227 2020 3 11 0 29.43 19.395
228 2020 3 11 0 29.53 19.295
229 2020 3 11 0 29.815 19.579
230 2020 3 11 0 29.803 19.694
231 2020 3 11 0 29.307 18.912
232 2020 3 11 0 29.901 19.828
233 2020 3 11 0 30.128 18.784
234 2020 3 11 0 29.562 18.417
235 2020 3 11 0 29.482 18.416
236 2020 3 11 0 30.019 18.82
237 2020 3 11 0 29.956 18.609
238 2020 3 11 0 29.749 18.619
239 2020 3 11 0 30.353 17.11
240 2020 3 11 0 30.361 19.256
241 2020 3 11 0 30.035 17.495
242 2020 3 11 0 30.021 18.866
243 2020 3 11 0 29.659 18.118
244 2020 3 11 0 30.142 18.312
245 2020 3 11 0 30.295 17.657
246 2020 3 11 0 29.757 17.651
247 2020 3 11 0 30.668 17.955
248 2020 3 11 0 30.621 17.042
249 2020 3 11 0 30.577 18.15
250 2020 3 11 0 30.284 17.369
251 2020 3 11 0 31.07 18.409
252 2020 3 11 0 30.119 18.173
0 2020 3 11 0 27.894 19.872
