1 2020 5 10 0 41.133 27.015
2 2020 5 10 0 40.502 26.424
3 2020 5 10 0 41.178 27.096
4 2020 5 10 0 40.429 26.383
5 2020 5 10 0 39.888 25.948
6 2020 5 10 0 40.27 26.031
7 2020 5 10 0 41.098 26.763
8 2020 5 10 0 40.107 26.153
9 2020 5 10 0 40.595 26.472
10 2020 5 10 0 39.95 26.003
11 2020 5 10 0 41.186 27.22
12 2020 5 10 0 40.717 26.929
13 2020 5 10 0 40.815 26.83
14 2020 5 10 0 41.072 26.715
15 2020 5 10 0 41.32 27.048
16 2020 5 10 0 41.468 27.082
17 2020 5 10 0 41.534 26.986
18 2020 5 10 0 41.031 27.487
19 2020 5 10 0 40.181 25.734
20 2020 5 10 0 38.707 26.001
21 2020 5 10 0 40.111 25.671
22 2020 5 10 0 39.801 25.618
23 2020 5 10 0 38.909 25.087
24 2020 5 10 0 38.664 25.52
25 2020 5 10 0 39.32 25.429
26 2020 5 10 0 38.354 25.138
27 2020 5 10 0 38.789 25.347
28 2020 5 10 0 39.746 25.297
29 2020 5 10 0 38.736 26.306
30 2020 5 10 0 39.422 26.039
31 2020 5 10 0 39.929 25.213
32 2020 5 10 0 39.564 26.59
33 2020 5 10 0 39.062 26.407
34 2020 5 10 0 39.414 26.23
35 2020 5 10 0 38.745 26.481
36 2020 5 10 0 38.5 26.337
37 2020 5 10 0 40.113 26.23
38 2020 5 10 0 39.076 26.906
39 2020 5 10 0 38.83 27.168
40 2020 5 10 0 39.085 26.166
41 2020 5 10 0 38.642 26.822
42 2020 5 10 0 40.763 27.63
43 2020 5 10 0 40.518 28.17
44 2020 5 10 0 40.477 28.01
45 2020 5 10 0 40.905 27.901
46 2020 5 10 0 40.532 27.79
47 2020 5 10 0 40.579 28.252
48 2020 5 10 0 40.683 28.244
49 2020 5 10 0 40.901 27.781
51 2020 5 10 0 41.201 27.072
52 2020 5 10 0 41.236 27.319
53 2020 5 10 0 41.101 26.883
54 2020 5 10 0 41.277 26.966
55 2020 5 10 0 34.662 26.257
56 2020 5 10 0 35.624 26.032
57 2020 5 10 0 34.261 26.255
58 2020 5 10 0 35.753 26.12
59 2020 5 10 0 34.846 26.059
60 2020 5 10 0 34.209 26.331
61 2020 5 10 0 33.288 20.379
62 2020 5 10 0 35.67 25.951
63 2020 5 10 0 34.887 26.102
64 2020 5 10 0 33.684 20.256
65 2020 5 10 0 34.462 19.683
66 2020 5 10 0 32.942 20.678
67 2020 5 10 0 33.525 20.37
68 2020 5 10 0 34.471 19.63
69 2020 5 10 0 33.508 20.386
70 2020 5 10 0 34.34 19.494
71 2020 5 10 0 32.044 20.16
72 2020 5 10 0 35.079 26.533
73 2020 5 10 0 36.126 26.206
74 2020 5 10 0 35.015 26.556
75 2020 5 10 0 35.249 26.482
76 2020 5 10 0 34.881 26.597
77 2020 5 10 0 32.019 20.175
78 2020 5 10 0 31.944 20.159
79 2020 5 10 0 34.886 26.595
80 2020 5 10 0 36.85 25.922
81 2020 5 10 0 41.353 27.064
82 2020 5 10 0 40.794 27.969
83 2020 5 10 0 41.059 27.703
84 2020 5 10 0 41.059 27.605
85 2020 5 10 0 41.133 27.447
86 2020 5 10 0 41.467 27.073
87 2020 5 10 0 41.201 27.269
88 2020 5 10 0 41.242 27.253
89 2020 5 10 0 40.936 27.714
90 2020 5 10 0 41.367 27.129
91 2020 5 10 0 40.815 26.613
92 2020 5 10 0 40.339 26.315
93 2020 5 10 0 40.733 26.622
94 2020 5 10 0 40.735 26.603
95 2020 5 10 0 40.262 25.576
96 2020 5 10 0 40.124 25.484
97 2020 5 10 0 40.131 25.663
98 2020 5 10 0 40.588 26.024
99 2020 5 10 0 41.076 26.631
100 2020 5 10 0 40.653 26.212
102 2020 5 10 0 39.014 27.389
103 2020 5 10 0 39.825 27.737
104 2020 5 10 0 39.581 27.589
105 2020 5 10 0 38.956 27.298
106 2020 5 10 0 40.126 27.889
107 2020 5 10 0 35.787 20.717
109 2020 5 10 0 35.057 20.918
110 2020 5 10 0 35.421 20.599
111 2020 5 10 0 38.538 26.441
112 2020 5 10 0 34.752 20.876
113 2020 5 10 0 40.508 28.119
114 2020 5 10 0 40.583 28.203
115 2020 5 10 0 40.459 28.016
116 2020 5 10 0 40.397 28.009
117 2020 5 10 0 40.548 28.104
118 2020 5 10 0 40.593 28.316
119 2020 5 10 0 40.611 28.308
120 2020 5 10 0 39.349 25.392
121 2020 5 10 0 39.83 25.854
122 2020 5 10 0 39.128 25.535
123 2020 5 10 0 38.712 25.84
124 2020 5 10 0 39.11 25.778
125 2020 5 10 0 39.642 25.956
126 2020 5 10 0 38.178 25.901
127 2020 5 10 0 38.637 24.864
128 2020 5 10 0 39.466 25.103
129 2020 5 10 0 32.38 20.597
130 2020 5 10 0 32.47 20.759
131 2020 5 10 0 32.255 20.626
132 2020 5 10 0 38.04 25.527
133 2020 5 10 0 32.786 20.44
134 2020 5 10 0 36.705 25.62
135 2020 5 10 0 35.032 25.941
136 2020 5 10 0 38.753 25.303
137 2020 5 10 0 35.453 25.922
138 2020 5 10 0 37.371 25.48
139 2020 5 10 0 36.272 25.767
140 2020 5 10 0 36.303 25.869
141 2020 5 10 0 32.249 20.493
142 2020 5 10 0 39.945 25.234
143 2020 5 10 0 41.285 26.795
144 2020 5 10 0 40.741 26.249
145 2020 5 10 0 40.186 25.776
146 2020 5 10 0 40.016 25.674
147 2020 5 10 0 41.471 27.077
148 2020 5 10 0 41.459 27.235
149 2020 5 10 0 40.385 25.91
150 2020 5 10 0 40.328 25.897
151 2020 5 10 0 38.377 26.327
152 2020 5 10 0 38.086 26.641
153 2020 5 10 0 38.317 26.284
154 2020 5 10 0 38.537 26.515
155 2020 5 10 0 37.974 26.616
156 2020 5 10 0 38.138 26.779
157 2020 5 10 0 38.482 26.678
158 2020 5 10 0 38.316 26.279
159 2020 5 10 0 38.516 26.504
160 2020 5 10 0 38.242 27.078
161 2020 5 10 0 39.513 25.708
162 2020 5 10 0 39.739 25.811
164 2020 5 10 0 39.141 25.584
165 2020 5 10 0 39.554 25.729
166 2020 5 10 0 39.794 26.019
167 2020 5 10 0 39.131 25.638
168 2020 5 10 0 39.656 25.575
169 2020 5 10 0 39.128 25.6
170 2020 5 10 0 39.538 25.727
171 2020 5 10 0 34.54 21.016
172 2020 5 10 0 36.862 26.885
173 2020 5 10 0 34.508 21.319
174 2020 5 10 0 40.411 27.213
175 2020 5 10 0 40.152 27.625
176 2020 5 10 0 40.734 27.923
177 2020 5 10 0 39.593 26.75
178 2020 5 10 0 40.08 26.628
179 2020 5 10 0 40.811 27.628
180 2020 5 10 0 39.821 27.378
181 2020 5 10 0 40.426 27.768
182 2020 5 10 0 34.867 20.58
183 2020 5 10 0 34.438 21.155
184 2020 5 10 0 34.139 21.277
185 2020 5 10 0 34.496 20.579
186 2020 5 10 0 34.499 20.366
187 2020 5 10 0 34.458 20.561
188 2020 5 10 0 39.419 27.573
189 2020 5 10 0 37.507 26.988
190 2020 5 10 0.13492 37.97 27.094
191 2020 5 10 0 37.645 26.715
192 2020 5 10 0 37.396 26.815
195 2020 5 10 0 31.7 20.395
196 2020 5 10 0 31.762 20.362
197 2020 5 10 0 31.63 20.275
198 2020 5 10 0 31.825 20.295
199 2020 5 10 0 38.037 25.718
200 2020 5 10 0 36.857 25.961
201 2020 5 10 0 37.089 25.901
202 2020 5 10 0 37.204 25.816
203 2020 5 10 0 38.615 25.608
204 2020 5 10 0 41.135 27.644
205 2020 5 10 0 40.863 26.557
206 2020 5 10 0 41.328 27.41
207 2020 5 10 0 41.153 27.599
208 2020 5 10 0 41.155 27.238
209 2020 5 10 0 41.326 27.207
210 2020 5 10 0 40.368 27.979
211 2020 5 10 0 40.331 27.979
212 2020 5 10 0 40.387 28.002
213 2020 5 10 0 40.198 27.896
214 2020 5 10 0 40.144 27.885
215 2020 5 10 0 40.256 27.947
216 2020 5 10 0 37.288 25.729
217 2020 5 10 0 38.852 25.329
218 2020 5 10 0 36.48 25.805
219 2020 5 10 0 36.336 25.925
220 2020 5 10 0 35.67 19.096
221 2020 5 10 0 36.381 25.952
222 2020 5 10 0 36.79 25.709
223 2020 5 10 0 38.598 25.551
224 2020 5 10 0 37.561 25.837
225 2020 5 10 0 37.061 25.82
226 2020 5 10 0 37.072 25.901
227 2020 5 10 0 35.744 26.023
228 2020 5 10 0 35.093 19.19
229 2020 5 10 0 35.142 19.161
230 2020 5 10 0 35.003 19.256
231 2020 5 10 0 35.167 19.193
232 2020 5 10 0 34.925 19.331
233 2020 5 10 0 40.81 28.066
234 2020 5 10 0 41.036 27.746
235 2020 5 10 0 41.065 27.707
236 2020 5 10 0 40.774 28.133
237 2020 5 10 0 40.847 28.018
238 2020 5 10 0 40.952 27.881
239 2020 5 10 0 39.594 25.415
240 2020 5 10 0 38.213 25.632
241 2020 5 10 0 39.153 25.387
242 2020 5 10 0 37.727 25.679
243 2020 5 10 0 37.619 25.511
244 2020 5 10 0 38.785 25.339
245 2020 5 10 0 39.365 25.224
246 2020 5 10 0 38.59 25.253
247 2020 5 10 0 39.533 25.282
248 2020 5 10 0 39.84 25.26
249 2020 5 10 0 40.13 25.336
250 2020 5 10 0 39.851 25.513
251 2020 5 10 0 40.022 25.205
252 2020 5 10 0 39.91 25.585
0 2020 5 10 0 36.858 26.119
