1 2020 4 15 0 39.924 26.512
2 2020 4 15 0 40.121 25.534
3 2020 4 15 0 40.153 26.548
4 2020 4 15 0 39.679 25.614
5 2020 4 15 0 40.289 24.996
6 2020 4 15 0 40.784 25.434
7 2020 4 15 0 40.612 26.003
8 2020 4 15 0.10243 39.64 25.261
9 2020 4 15 0 39.785 25.752
10 2020 4 15 0.11075 39.62 25.047
11 2020 4 15 0 40.906 26.422
12 2020 4 15 0 40.987 26.259
13 2020 4 15 0 41.015 26.232
14 2020 4 15 0 41.086 26.149
15 2020 4 15 0 41.008 26.343
16 2020 4 15 0 41.028 26.366
17 2020 4 15 0 41.131 26.292
18 2020 4 15 0 40.888 26.517
19 2020 4 15 0.11369 37.711 25.896
20 2020 4 15 0.17179 38.515 25.201
21 2020 4 15 0 37.682 25.879
22 2020 4 15 1.1075 37.454 25.797
23 2020 4 15 0.82481 37.121 25.254
24 2020 4 15 0.76763 37.842 25.154
25 2020 4 15 1.0157 37.148 25.66
26 2020 4 15 0.21046 37.568 24.794
27 2020 4 15 0.87304 37.451 25.3
28 2020 4 15 0.13161 37.677 25.578
29 2020 4 15 0.27467 38.854 25.25
30 2020 4 15 0.56334 38.31 25.786
31 2020 4 15 0 37.908 25.613
32 2020 4 15 0.56364 39.162 25.876
33 2020 4 15 0 40.828 26.099
34 2020 4 15 0 41.06 25.959
35 2020 4 15 0 40.598 26.225
36 2020 4 15 0 40.225 26.085
37 2020 4 15 0 41.022 25.943
38 2020 4 15 0 40.752 26.227
39 2020 4 15 0 40.521 26.275
40 2020 4 15 0 40.508 25.918
41 2020 4 15 0 40.5 26.283
42 2020 4 15 0 40.719 26.155
43 2020 4 15 0 41.001 26.457
44 2020 4 15 0 41.042 26.302
45 2020 4 15 0 40.07 26.87
46 2020 4 15 0 40.911 26.178
47 2020 4 15 0 40.586 26.648
48 2020 4 15 0 40.25 26.849
49 2020 4 15 0 40.401 26.477
51 2020 4 15 0 39.999 26.692
52 2020 4 15 0 40.338 26.951
53 2020 4 15 0 39.788 26.434
54 2020 4 15 0 39.863 26.783
55 2020 4 15 0 34.299 24.606
56 2020 4 15 0 34.99 24.621
57 2020 4 15 0.12255 34.443 24.448
58 2020 4 15 0 35.402 24.68
59 2020 4 15 0 34.685 24.42
60 2020 4 15 0 34.273 24.522
61 2020 4 15 0 33.288 20.379
62 2020 4 15 0 37.504 23.787
63 2020 4 15 0 36.356 23.9
64 2020 4 15 0 33.684 20.256
65 2020 4 15 0 34.462 19.683
66 2020 4 15 0 32.942 20.678
67 2020 4 15 0 33.525 20.37
68 2020 4 15 0 34.471 19.63
69 2020 4 15 0 33.508 20.386
70 2020 4 15 0 34.34 19.494
71 2020 4 15 0.80224 32.044 20.16
72 2020 4 15 0.13408 34.899 24.786
73 2020 4 15 0.93757 36.369 24.746
74 2020 4 15 1.3093 34.822 24.782
75 2020 4 15 0 35.134 24.786
76 2020 4 15 2.7863 34.627 24.785
77 2020 4 15 0.51848 32.019 20.175
78 2020 4 15 0.12365 31.944 20.159
79 2020 4 15 1.0275 34.637 24.784
80 2020 4 15 0.1333 37.299 24.417
81 2020 4 15 0 40.578 26.44
82 2020 4 15 0 40.595 26.754
83 2020 4 15 0 40.526 26.974
84 2020 4 15 0 40.635 26.822
85 2020 4 15 0 40.759 26.691
86 2020 4 15 0 40.908 26.391
87 2020 4 15 0 40.556 26.611
88 2020 4 15 0 40.805 26.535
89 2020 4 15 0 40.751 26.673
90 2020 4 15 0 40.839 26.436
91 2020 4 15 0 39.547 26.151
92 2020 4 15 0 39.499 25.634
93 2020 4 15 0 39.719 25.974
94 2020 4 15 0 39.705 25.967
95 2020 4 15 0 38.308 25.907
96 2020 4 15 0 37.858 25.918
97 2020 4 15 0 38.555 25.702
98 2020 4 15 0 38.686 26.265
99 2020 4 15 0 39.444 26.69
100 2020 4 15 0 39.08 26.115
102 2020 4 15 0 40.683 26.348
103 2020 4 15 0 41.011 26.363
104 2020 4 15 0 40.849 26.317
105 2020 4 15 0 40.888 26.461
106 2020 4 15 0 41.073 26.349
107 2020 4 15 0 35.787 20.717
109 2020 4 15 0 35.057 20.918
110 2020 4 15 0 35.421 20.599
111 2020 4 15 0 40.438 26.268
112 2020 4 15 0 34.752 20.876
113 2020 4 15 0 41.128 26.395
114 2020 4 15 0 40.682 26.651
115 2020 4 15 0 41.317 26.289
116 2020 4 15 0 41.299 26.281
117 2020 4 15 0 41.018 26.463
118 2020 4 15 0 40.425 26.785
119 2020 4 15 0 40.342 26.836
120 2020 4 15 0 38.15 25.204
121 2020 4 15 0 38.817 25.413
122 2020 4 15 0 38.432 25
123 2020 4 15 0.19153 38.81 24.931
124 2020 4 15 0.69486 39.089 24.949
125 2020 4 15 1.2228 39.499 25.096
126 2020 4 15 0 38.601 24.626
127 2020 4 15 0.1406 37.354 24.859
128 2020 4 15 0 37.88 25.297
129 2020 4 15 0.61364 32.38 20.597
130 2020 4 15 0 32.47 20.759
131 2020 4 15 0 32.255 20.626
132 2020 4 15 0 37.936 23.931
133 2020 4 15 0 32.786 20.44
134 2020 4 15 0 37.344 23.629
135 2020 4 15 0 35.421 24.101
136 2020 4 15 0 39.304 23.489
137 2020 4 15 0 36.49 23.883
138 2020 4 15 0 37.631 23.506
139 2020 4 15 0 36.097 24.133
140 2020 4 15 0 35.758 24.46
141 2020 4 15 0.11153 32.249 20.493
142 2020 4 15 0 40.484 23.898
143 2020 4 15 0 39.499 27.157
144 2020 4 15 0 38.579 26.654
145 2020 4 15 0 37.615 26.111
146 2020 4 15 0.36863 37.56 25.686
147 2020 4 15 0 40.064 27.212
148 2020 4 15 0 40.209 27.316
149 2020 4 15 0 37.941 26.348
150 2020 4 15 0 37.787 26.314
151 2020 4 15 0 40.141 26.097
152 2020 4 15 0 40.104 26.382
153 2020 4 15 0 40.04 26.04
154 2020 4 15 0 40.466 26.318
155 2020 4 15 0 40.016 26.401
156 2020 4 15 0 40.128 26.352
157 2020 4 15 0 40.411 26.316
158 2020 4 15 0 40.004 26.013
159 2020 4 15 0 40.464 26.33
160 2020 4 15 0 40.208 26.327
161 2020 4 15 0.65339 39.419 24.595
162 2020 4 15 0 39.885 24.718
164 2020 4 15 0.75671 38.951 24.438
165 2020 4 15 0.27348 39.468 24.613
166 2020 4 15 0.16645 39.822 24.89
167 2020 4 15 0.23569 38.953 24.506
168 2020 4 15 0 39.704 24.439
169 2020 4 15 0 38.923 24.443
170 2020 4 15 0.24956 39.45 24.601
171 2020 4 15 0 34.54 21.016
172 2020 4 15 0 39.084 26.548
173 2020 4 15 0 34.508 21.319
174 2020 4 15 0 41.102 26.239
175 2020 4 15 0 41.142 26.279
176 2020 4 15 0 40.847 26.566
177 2020 4 15 0 41.092 26.102
178 2020 4 15 0 41.086 26.107
179 2020 4 15 0 41.106 26.351
180 2020 4 15 0 41.055 26.242
181 2020 4 15 0 41.217 26.289
182 2020 4 15 0 34.867 20.58
183 2020 4 15 0 34.438 21.155
184 2020 4 15 0 34.139 21.277
185 2020 4 15 0 34.496 20.579
186 2020 4 15 0 34.499 20.366
187 2020 4 15 0 34.458 20.561
188 2020 4 15 0 41.205 26.607
189 2020 4 15 0 39.617 26.458
190 2020 4 15 0.29462 40.065 26.512
191 2020 4 15 0 39.733 26.433
192 2020 4 15 0 39.515 26.451
195 2020 4 15 0 31.7 20.395
196 2020 4 15 0.62784 31.762 20.362
197 2020 4 15 0.41978 31.63 20.275
198 2020 4 15 0.47436 31.825 20.295
199 2020 4 15 0.24704 37.871 24.567
200 2020 4 15 0 36.915 24.691
201 2020 4 15 0 36.935 24.668
202 2020 4 15 0 36.753 24.536
203 2020 4 15 0 38.336 24.394
204 2020 4 15 0 40.244 27.099
205 2020 4 15 0 38.729 26.789
206 2020 4 15 0 40.07 27.236
207 2020 4 15 0 39.776 27.094
208 2020 4 15 0 39.369 27.011
209 2020 4 15 0 39.63 27.191
210 2020 4 15 0 41.276 26.213
211 2020 4 15 0 41.236 26.297
212 2020 4 15 0 41.285 26.273
213 2020 4 15 0 41.117 26.249
214 2020 4 15 0 41.108 26.342
215 2020 4 15 0 41.169 26.326
216 2020 4 15 0 39.484 23.775
217 2020 4 15 0 39.987 23.592
218 2020 4 15 0 38.846 23.698
219 2020 4 15 0 39.085 23.869
220 2020 4 15 0.19649 35.67 19.096
221 2020 4 15 0 39.236 23.927
222 2020 4 15 0 38.621 23.617
223 2020 4 15 0 40.431 23.947
224 2020 4 15 0 39.973 23.989
225 2020 4 15 0 39.893 24.049
226 2020 4 15 0 39.77 23.981
227 2020 4 15 0 38.694 23.913
228 2020 4 15 0 35.093 19.19
229 2020 4 15 0 35.142 19.161
230 2020 4 15 0 35.003 19.256
231 2020 4 15 0.11417 35.167 19.193
232 2020 4 15 0.12166 34.925 19.331
233 2020 4 15 0 40.295 26.938
234 2020 4 15 0 39.804 27.016
235 2020 4 15 0 39.757 27.036
236 2020 4 15 0 40.044 26.961
237 2020 4 15 0 40.016 26.949
238 2020 4 15 0 39.954 27.024
239 2020 4 15 0 40.778 25.126
240 2020 4 15 0 40.271 24.275
241 2020 4 15 0 40.357 25.155
242 2020 4 15 0 40.084 24.259
243 2020 4 15 0 39.997 24.44
244 2020 4 15 0 40.398 24.601
245 2020 4 15 0 40.69 24.72
246 2020 4 15 0 40.181 24.914
247 2020 4 15 0 40.918 24.427
248 2020 4 15 0 41.061 24.694
249 2020 4 15 0 40.821 24.348
250 2020 4 15 0 40.726 24.786
251 2020 4 15 0 41.197 24.054
252 2020 4 15 0 40.42 24.607
0 2020 4 15 3.6726 37.086 24.706
