1 2020 2 20 0 32.267 17.095
2 2020 2 20 0 32.575 17.678
3 2020 2 20 0 32.362 17.205
4 2020 2 20 0 32.344 17.485
5 2020 2 20 0 32.281 17.42
6 2020 2 20 0 32.555 17.352
7 2020 2 20 0 32.924 17.675
8 2020 2 20 0 32.369 17.648
9 2020 2 20 0 32.373 17.434
10 2020 2 20 0 32.334 17.74
11 2020 2 20 0 32.668 18.125
12 2020 2 20 0 32.587 18.176
13 2020 2 20 0 32.722 18.076
14 2020 2 20 0 33.078 17.89
15 2020 2 20 0 32.938 18.043
16 2020 2 20 0 33.064 17.962
17 2020 2 20 0 33.3 17.874
18 2020 2 20 0 32.61 18.087
19 2020 2 20 0 30.294 15.007
20 2020 2 20 0 31.38 16.467
21 2020 2 20 0 30.534 15.165
22 2020 2 20 0 30.104 15.1
23 2020 2 20 0 30.074 15.153
24 2020 2 20 0 30.839 15.977
25 2020 2 20 0 29.875 15.102
26 2020 2 20 0 30.783 15.916
27 2020 2 20 0 30.374 15.575
28 2020 2 20 0 30.361 14.919
29 2020 2 20 0 31.742 16.678
30 2020 2 20 0 30.985 16.108
31 2020 2 20 0 30.567 14.817
32 2020 2 20 0 31.787 16.79
33 2020 2 20 0 32.32 18.154
34 2020 2 20 0 32.362 17.97
35 2020 2 20 0 32.337 18.239
36 2020 2 20 0 32.267 18.281
37 2020 2 20 0 32.665 17.884
38 2020 2 20 0 32.235 18.615
39 2020 2 20 0 32.142 18.935
40 2020 2 20 0 32.373 18.097
41 2020 2 20 0 32.237 18.591
42 2020 2 20 0 33.125 18.264
43 2020 2 20 0 32.914 18.615
44 2020 2 20 0 32.938 18.56
45 2020 2 20 0 32.806 18.158
46 2020 2 20 0 33.006 18.428
47 2020 2 20 0 32.973 18.614
48 2020 2 20 0 32.911 18.494
49 2020 2 20 0 33.094 18.274
51 2020 2 20 0 32.274 17.134
52 2020 2 20 0 32.245 17.232
53 2020 2 20 0 32.287 17.102
54 2020 2 20 0 32.295 17.114
55 2020 2 20 0 29.721 18.743
56 2020 2 20 0 30.051 18.678
57 2020 2 20 0 28.908 18.149
58 2020 2 20 0 30.395 18.438
59 2020 2 20 0 29.285 18.236
60 2020 2 20 0 29.291 18.413
61 2020 2 20 0 29.811 17.774
62 2020 2 20 0 30.457 17.352
63 2020 2 20 0 30.055 17.687
64 2020 2 20 0 29.793 18.079
65 2020 2 20 0 30.181 18.065
66 2020 2 20 0 29.294 18.27
67 2020 2 20 0 29.699 18.109
68 2020 2 20 0 30.312 17.977
69 2020 2 20 0 29.789 17.956
70 2020 2 20 0 30.523 17.684
71 2020 2 20 0 30.264 18.704
72 2020 2 20 0 30.383 18.569
73 2020 2 20 0 30.954 17.788
74 2020 2 20 0 30.37 18.582
75 2020 2 20 0 30.481 18.433
76 2020 2 20 0 30.284 18.685
77 2020 2 20 0 30.25 18.72
78 2020 2 20 0 30.226 18.733
79 2020 2 20 0 30.289 18.678
80 2020 2 20 0 31.461 16.903
81 2020 2 20 0 32.765 17.53
82 2020 2 20 0 32.616 18.191
83 2020 2 20 0 32.306 17.54
84 2020 2 20 0 32.289 17.494
85 2020 2 20 0 32.39 17.648
86 2020 2 20 0 33.027 17.78
87 2020 2 20 0 32.444 17.454
88 2020 2 20 0 32.591 17.803
89 2020 2 20 0 32.541 18
90 2020 2 20 0 32.838 17.802
91 2020 2 20 0 32.128 16.926
92 2020 2 20 0 32.207 17.277
93 2020 2 20 0 32.327 17.3
94 2020 2 20 0 32.306 17.286
95 2020 2 20 0 30.997 15.337
96 2020 2 20 0 30.787 15.259
97 2020 2 20 0 31.197 15.636
98 2020 2 20 0 31.391 15.951
99 2020 2 20 0 31.984 16.723
100 2020 2 20 0 31.643 16.177
102 2020 2 20 0 32.176 19.325
103 2020 2 20 0 32.217 19.446
104 2020 2 20 0 32.165 19.234
105 2020 2 20 0 32.289 19.601
106 2020 2 20 0 32.213 19.39
107 2020 2 20 0 32.103 18.371
109 2020 2 20 0 31.501 18.721
110 2020 2 20 0 31.715 18.626
111 2020 2 20 0 31.695 18.58
112 2020 2 20 0 31.2 18.926
113 2020 2 20 0 32.892 18.587
114 2020 2 20 0 32.83 18.558
115 2020 2 20 0 32.811 18.649
116 2020 2 20 0 32.711 18.797
117 2020 2 20 0 32.855 18.55
118 2020 2 20 0 32.899 18.611
119 2020 2 20 0 32.823 18.587
120 2020 2 20 0 31.136 16.014
121 2020 2 20 0 31.673 16.657
122 2020 2 20 0 31.471 16.649
123 2020 2 20 0 31.661 16.798
124 2020 2 20 0 31.874 17.088
125 2020 2 20 0 32.206 17.446
126 2020 2 20 0 31.828 16.621
127 2020 2 20 0 30.559 15.473
128 2020 2 20 0 30.708 15.163
129 2020 2 20 0 29.176 18.226
130 2020 2 20 0 28.976 18.426
131 2020 2 20 0 29.042 18.292
132 2020 2 20 0 31.476 17.042
133 2020 2 20 0 29.474 17.909
134 2020 2 20 0 30.607 16.893
135 2020 2 20 0 29.142 17.9
136 2020 2 20 0 31.786 16.308
137 2020 2 20 0 30.033 17.435
138 2020 2 20 0 30.987 16.643
139 2020 2 20 0 30.201 17.671
140 2020 2 20 0 30.344 18.271
141 2020 2 20 0 29.111 18.08
142 2020 2 20 0 32.207 16.509
143 2020 2 20 0 32.084 16.978
144 2020 2 20 0 31.508 16.341
145 2020 2 20 0 30.832 15.64
146 2020 2 20 0 30.363 14.986
147 2020 2 20 0 32.348 17.254
148 2020 2 20 0 32.341 17.326
149 2020 2 20 0 31.133 15.955
150 2020 2 20 0 31.089 15.969
151 2020 2 20 0 32.235 18.3
152 2020 2 20 0 32.051 18.439
153 2020 2 20 0 32.201 18.319
154 2020 2 20 0 32.325 18.267
155 2020 2 20 0 31.832 18.492
156 2020 2 20 0 32.046 18.599
157 2020 2 20 0 32.259 18.45
158 2020 2 20 0 32.197 18.333
159 2020 2 20 0 32.316 18.251
160 2020 2 20 0 32.022 19.028
161 2020 2 20 0 32.268 17.397
162 2020 2 20 0 32.28 17.668
164 2020 2 20 0 32.208 17.373
165 2020 2 20 0 32.314 17.728
166 2020 2 20 0 32.331 17.803
167 2020 2 20 0 32.144 17.62
168 2020 2 20 0 32.299 17.501
169 2020 2 20 0 32.175 17.473
170 2020 2 20 0 32.309 17.684
171 2020 2 20 0 31.172 18.249
172 2020 2 20 0 31.213 18.559
173 2020 2 20 0 31.195 18.619
174 2020 2 20 0 32.546 18.416
175 2020 2 20 0 32.367 18.954
176 2020 2 20 0 32.731 18.35
177 2020 2 20 0 32.283 18.373
178 2020 2 20 0 32.464 18.098
179 2020 2 20 0 32.771 18.383
180 2020 2 20 0 32.223 18.953
181 2020 2 20 0 32.634 18.712
182 2020 2 20 0 31.18 18.979
183 2020 2 20 0 31.099 18.967
184 2020 2 20 0 31.282 19.129
185 2020 2 20 0 30.872 19.206
186 2020 2 20 0 30.919 19.125
187 2020 2 20 0 30.942 19.211
188 2020 2 20 0 32.543 20.02
189 2020 2 20 0 31.613 18.975
190 2020 2 20 0 31.852 19.288
191 2020 2 20 0 31.764 18.55
192 2020 2 20 0 31.473 18.708
195 2020 2 20 0 28.977 18.11
196 2020 2 20 0 29.269 18.118
197 2020 2 20 0 29.471 18.356
198 2020 2 20 0 29.649 18.371
199 2020 2 20 0 31.565 17.75
200 2020 2 20 0 31.086 17.855
201 2020 2 20 0 31.095 18.001
202 2020 2 20 0 31.058 18.037
203 2020 2 20 0 31.905 17.446
204 2020 2 20 0 32.411 17.641
205 2020 2 20 0 31.731 16.642
206 2020 2 20 0 32.401 17.477
207 2020 2 20 0 32.491 17.656
208 2020 2 20 0 32.28 17.238
209 2020 2 20 0 32.329 17.29
210 2020 2 20 0 32.748 18.732
211 2020 2 20 0 32.561 18.982
212 2020 2 20 0 32.683 18.844
213 2020 2 20 0 32.331 19.186
214 2020 2 20 0 32.245 19.406
215 2020 2 20 0 32.401 19.167
216 2020 2 20 0 31.38 17.01
217 2020 2 20 0 31.818 16.365
218 2020 2 20 0 30.83 17.268
219 2020 2 20 0 30.95 17.632
220 2020 2 20 0 31.052 18.121
221 2020 2 20 0 31.083 17.957
222 2020 2 20 0 31.01 16.909
223 2020 2 20 0 31.937 16.862
224 2020 2 20 0 31.725 17.267
225 2020 2 20 0 31.265 17.992
226 2020 2 20 0 31.454 17.658
227 2020 2 20 0 30.708 18.155
228 2020 2 20 0 30.567 18.309
229 2020 2 20 0 30.429 18.302
230 2020 2 20 0 30.413 18.216
231 2020 2 20 0 30.772 18.269
232 2020 2 20 0 30.319 18.195
233 2020 2 20 0 32.576 18.144
234 2020 2 20 0 32.59 17.839
235 2020 2 20 0 32.551 17.783
236 2020 2 20 0 32.713 18.323
237 2020 2 20 0 32.734 18.185
238 2020 2 20 0 32.581 17.99
239 2020 2 20 0 32.143 17.011
240 2020 2 20 0 31.908 17.334
241 2020 2 20 0 32.076 17.609
242 2020 2 20 0 31.654 17.623
243 2020 2 20 0 31.428 17.757
244 2020 2 20 0 31.942 17.405
245 2020 2 20 0 32.041 17.079
246 2020 2 20 0 31.76 17.688
247 2020 2 20 0 32.09 16.691
248 2020 2 20 0 32.093 16.456
249 2020 2 20 0 32.262 16.725
250 2020 2 20 0 32.143 16.789
251 2020 2 20 0 32.215 16.374
252 2020 2 20 0 32.242 17.129
0 2020 2 20 0 31.129 17.622
