1 2020 3 5 0 30.703 19.132
2 2020 3 5 0 30.826 18.814
3 2020 3 5 0 30.679 19.027
4 2020 3 5 0 30.565 19.221
5 2020 3 5 0 30.724 17.963
6 2020 3 5 0 30.698 17.858
7 2020 3 5 0 31.015 18.82
8 2020 3 5 0 30.486 19.22
9 2020 3 5 0 30.704 19.093
10 2020 3 5 0 30.522 19.017
11 2020 3 5 0 30.654 18.748
12 2020 3 5 0 30.592 18.587
13 2020 3 5 0 30.686 18.611
14 2020 3 5 0 30.941 18.631
15 2020 3 5 0 30.856 18.797
16 2020 3 5 0 30.954 18.845
17 2020 3 5 0 31.119 18.828
18 2020 3 5 0 30.572 18.616
19 2020 3 5 0 28.396 16.853
20 2020 3 5 0 29.583 18.592
21 2020 3 5 0 28.408 16.934
22 2020 3 5 0 28.341 16.897
23 2020 3 5 0 28.394 16.849
24 2020 3 5 0 29.037 17.845
25 2020 3 5 0 28.405 16.883
26 2020 3 5 0 28.801 17.608
27 2020 3 5 0 28.771 17.37
28 2020 3 5 0 28.672 16.821
29 2020 3 5 0 30.117 18.992
30 2020 3 5 0 29.417 18.142
31 2020 3 5 0 28.95 16.826
32 2020 3 5 0 30.056 19.044
33 2020 3 5 0 30.194 18.252
34 2020 3 5 0 30.35 18.115
35 2020 3 5 0 30.069 18.418
36 2020 3 5 0 30.089 18.332
37 2020 3 5 0 30.605 18.28
38 2020 3 5 0 30.042 18.291
39 2020 3 5 0 29.851 18.284
40 2020 3 5 0 30.312 18.193
41 2020 3 5 0 29.894 18.386
42 2020 3 5 0 30.794 17.989
43 2020 3 5 0 30.772 18.266
44 2020 3 5 0 30.776 18.098
45 2020 3 5 0 30.682 18.685
46 2020 3 5 0 30.771 17.981
47 2020 3 5 0 30.811 18.512
48 2020 3 5 0 30.776 18.722
49 2020 3 5 0 30.789 18.327
51 2020 3 5 0 30.622 19.039
52 2020 3 5 0 30.39 18.769
53 2020 3 5 0 30.749 19.199
54 2020 3 5 0 30.649 19.068
55 2020 3 5 0 28.881 20.212
56 2020 3 5 0 29.482 20.004
57 2020 3 5 0 29.176 20.299
58 2020 3 5 0 29.467 19.994
59 2020 3 5 0 29.461 20.015
60 2020 3 5 0 28.82 20.309
61 2020 3 5 0 30.575 19.817
62 2020 3 5 0 30.575 19.145
63 2020 3 5 0 30.686 19.614
64 2020 3 5 0 30.482 19.812
65 2020 3 5 0 30.75 19.333
66 2020 3 5 0 30.005 20.254
67 2020 3 5 0 30.409 19.917
68 2020 3 5 0 30.663 19.255
69 2020 3 5 0 30.53 19.877
70 2020 3 5 0 30.469 19.088
71 2020 3 5 0 28.854 20.381
72 2020 3 5 0 28.965 20.313
73 2020 3 5 0 29.622 19.915
74 2020 3 5 0.10282 28.934 20.318
75 2020 3 5 0 29.085 20.254
76 2020 3 5 0 28.855 20.367
77 2020 3 5 0 28.85 20.392
78 2020 3 5 0 28.827 20.384
79 2020 3 5 0 28.86 20.365
80 2020 3 5 0 30.384 19.19
81 2020 3 5 0 30.871 18.961
82 2020 3 5 0 30.472 18.625
83 2020 3 5 0 30.273 18.63
84 2020 3 5 0 30.311 18.631
85 2020 3 5 0 30.408 18.659
86 2020 3 5 0 30.967 18.883
87 2020 3 5 0 30.566 18.819
88 2020 3 5 0 30.605 18.766
89 2020 3 5 0 30.47 18.596
90 2020 3 5 0 30.824 18.852
91 2020 3 5 0 30.548 19.017
92 2020 3 5 0 30.364 19.103
93 2020 3 5 0 30.646 19.261
94 2020 3 5 0 30.681 19.209
95 2020 3 5 0 29.319 17.347
96 2020 3 5 0 28.787 17.132
97 2020 3 5 0 29.657 17.689
98 2020 3 5 0 29.579 17.868
99 2020 3 5 0 30.235 18.613
100 2020 3 5 0 30.118 18.291
102 2020 3 5 0 29.922 18.34
103 2020 3 5 0 30.155 18.329
104 2020 3 5 0 30.055 18.276
105 2020 3 5 0 30.057 18.53
106 2020 3 5 0 30.217 18.28
107 2020 3 5 0 29.887 18.614
109 2020 3 5 0 29.606 18.856
110 2020 3 5 0 29.748 18.693
111 2020 3 5 0 29.717 18.736
112 2020 3 5 0 29.486 18.934
113 2020 3 5 0 30.742 18.179
114 2020 3 5 0 30.634 18.503
115 2020 3 5 0 30.696 18.068
116 2020 3 5 0 30.62 18.078
117 2020 3 5 0 30.688 18.274
118 2020 3 5 0 30.728 18.665
119 2020 3 5 0 30.596 18.731
120 2020 3 5 0 29.271 17.758
121 2020 3 5 0 29.812 18.438
122 2020 3 5 0 29.464 18.298
123 2020 3 5 0 29.89 18.825
124 2020 3 5 0 30.043 18.943
125 2020 3 5 0 30.359 19.214
126 2020 3 5 0 30.467 18.866
127 2020 3 5 0 28.604 17.094
128 2020 3 5 0 29.055 17.071
129 2020 3 5 0 29.468 20.423
130 2020 3 5 0 29.557 20.467
131 2020 3 5 0 29.376 20.46
132 2020 3 5 0 31.502 18.702
133 2020 3 5 0 30.185 19.946
134 2020 3 5 0 31.212 18.727
135 2020 3 5 0 29.813 19.919
136 2020 3 5 0 32.117 18.069
137 2020 3 5 0 30.575 19.343
138 2020 3 5 0 31.733 18.467
139 2020 3 5 0 30.487 19.367
140 2020 3 5 0 30.033 19.68
141 2020 3 5 0 29.673 20.157
142 2020 3 5 0 31.784 18.157
143 2020 3 5 0 30.032 18.532
144 2020 3 5 0 29.258 17.976
145 2020 3 5 0 28.345 17.293
146 2020 3 5 0 28.13 16.642
147 2020 3 5 0 30.501 18.886
148 2020 3 5 0 30.385 18.75
149 2020 3 5 0 28.705 17.618
150 2020 3 5 0 28.551 17.59
151 2020 3 5 0 30.046 18.341
152 2020 3 5 0 29.816 18.649
153 2020 3 5 0 30.055 18.29
154 2020 3 5 0 29.983 18.541
155 2020 3 5 0 29.733 18.775
156 2020 3 5 0 29.765 18.546
157 2020 3 5 0 29.897 18.487
158 2020 3 5 0 30.072 18.27
159 2020 3 5 0 29.974 18.556
160 2020 3 5 0 29.692 18.395
161 2020 3 5 0 30.942 18.914
162 2020 3 5 0 30.671 18.517
164 2020 3 5 0 31.188 18.894
165 2020 3 5 0 30.744 18.83
166 2020 3 5 0 30.732 18.592
167 2020 3 5 0 30.849 18.95
168 2020 3 5 0 30.866 18.728
169 2020 3 5 0 31.055 18.89
170 2020 3 5 0 30.81 18.798
171 2020 3 5 0 29.408 18.52
172 2020 3 5 0 29.422 18.825
173 2020 3 5 0 29.416 18.912
174 2020 3 5 0 30.531 18.359
175 2020 3 5 0 30.36 18.226
176 2020 3 5 0 30.596 18.472
177 2020 3 5 0 30.285 18.165
178 2020 3 5 0 30.476 18.313
179 2020 3 5 0 30.696 18.404
180 2020 3 5 0 30.216 18.224
181 2020 3 5 0 30.573 18.201
182 2020 3 5 0 29.523 18.859
183 2020 3 5 0 29.425 19.042
184 2020 3 5 0 29.532 19.047
185 2020 3 5 0 29.393 18.963
186 2020 3 5 0 29.497 18.928
187 2020 3 5 0 29.43 18.955
188 2020 3 5 0 30.354 18.733
189 2020 3 5 0 29.575 18.773
190 2020 3 5 0 29.799 18.783
191 2020 3 5 0 29.68 18.795
192 2020 3 5 0 29.531 18.919
195 2020 3 5 0 29.034 20.383
196 2020 3 5 0 28.947 20.417
197 2020 3 5 0 28.856 20.395
198 2020 3 5 0.16312 28.887 20.417
199 2020 3 5 0 30.486 19.245
200 2020 3 5 0 29.869 19.63
201 2020 3 5 0 30.012 19.606
202 2020 3 5 0 30.318 19.494
203 2020 3 5 0 31.098 18.974
204 2020 3 5 0 30.357 18.724
205 2020 3 5 0 29.463 18.189
206 2020 3 5 0 30.392 18.757
207 2020 3 5 0 30.441 18.811
208 2020 3 5 0 30.233 18.668
209 2020 3 5 0 30.309 18.723
210 2020 3 5 0 30.643 17.994
211 2020 3 5 0 30.502 18.137
212 2020 3 5 0 30.598 18.087
213 2020 3 5 0 30.306 18.116
214 2020 3 5 0 30.247 18.282
215 2020 3 5 0 30.376 18.204
216 2020 3 5 0 30.766 18.605
217 2020 3 5 0 31.839 18.127
218 2020 3 5 0 30.22 18.746
219 2020 3 5 0 30.26 18.81
220 2020 3 5 0 30.491 18.687
221 2020 3 5 0 30.468 18.836
222 2020 3 5 0 30.854 18.554
223 2020 3 5 0 31.268 18.5
224 2020 3 5 0 30.827 18.9
225 2020 3 5 0 30.711 18.68
226 2020 3 5 0 30.693 18.886
227 2020 3 5 0 30.25 18.914
228 2020 3 5 0 30.396 18.95
229 2020 3 5 0 30.64 18.966
230 2020 3 5 0 30.647 19.019
231 2020 3 5 0 30.222 18.879
232 2020 3 5 0 30.777 19.088
233 2020 3 5 0 30.402 18.759
234 2020 3 5 0 30.533 18.805
235 2020 3 5 0 30.487 18.818
236 2020 3 5 0 30.519 18.834
237 2020 3 5 0 30.63 18.787
238 2020 3 5 0 30.449 18.819
239 2020 3 5 0 30.394 17.059
240 2020 3 5 0 30.837 18.467
241 2020 3 5 0 30.451 17.39
242 2020 3 5 0 30.709 18.489
243 2020 3 5 0 30.482 18.087
244 2020 3 5 0 30.686 17.8
245 2020 3 5 0 30.666 17.325
246 2020 3 5 0 30.399 17.469
247 2020 3 5 0 30.982 17.541
248 2020 3 5 0 30.675 16.943
249 2020 3 5 0 31.165 17.882
250 2020 3 5 0 30.643 17.3
251 2020 3 5 0 31.567 17.855
252 2020 3 5 0 30.854 18.004
0 2020 3 5 0.17507 29.782 19.671
