1 2020 4 20 0 38.426 25.287
2 2020 4 20 0 38.683 24.643
3 2020 4 20 0 38.564 25.319
4 2020 4 20 0 38.239 24.621
5 2020 4 20 0 38.783 24.017
6 2020 4 20 0 39.084 24.216
7 2020 4 20 0 39.05 25.031
8 2020 4 20 0 38.195 24.35
9 2020 4 20 0 38.378 24.764
10 2020 4 20 0 38.231 24.229
11 2020 4 20 0 39.033 25.39
12 2020 4 20 0 39.2 25.21
13 2020 4 20 0 39.239 25.139
14 2020 4 20 0 39.37 25.058
15 2020 4 20 0 39.189 25.304
16 2020 4 20 0 39.233 25.344
17 2020 4 20 0 39.402 25.297
18 2020 4 20 0 39.073 25.586
19 2020 4 20 0 35.578 23.771
20 2020 4 20 0 36.91 24.317
21 2020 4 20 0 35.589 23.708
22 2020 4 20 0 35.441 23.743
23 2020 4 20 0 35.716 23.429
24 2020 4 20 0 36.426 23.865
25 2020 4 20 0 35.317 23.684
26 2020 4 20 0 36.348 23.488
27 2020 4 20 0 36.04 23.727
28 2020 4 20 0 36.287 23.638
29 2020 4 20 0 37.203 24.576
30 2020 4 20 0 36.676 24.372
31 2020 4 20 0 36.834 23.689
32 2020 4 20 0 37.384 24.865
33 2020 4 20 0 39.459 24.885
34 2020 4 20 0 39.541 24.715
35 2020 4 20 0 39.356 24.976
36 2020 4 20 0 39.164 24.666
37 2020 4 20 0 39.39 24.672
38 2020 4 20 0 39.451 25.364
39 2020 4 20 0 39.364 25.615
40 2020 4 20 0 39.238 24.506
41 2020 4 20 0 39.339 25.325
42 2020 4 20 0 38.662 26.216
43 2020 4 20 0 39.453 26.275
44 2020 4 20 0 39.419 26.19
45 2020 4 20 0 38.42 26.314
46 2020 4 20 0 39.094 26.149
47 2020 4 20 0 38.846 26.42
48 2020 4 20 0 38.519 26.455
49 2020 4 20 0 38.373 26.37
51 2020 4 20 0 38.428 25.328
52 2020 4 20 0 38.546 25.42
53 2020 4 20 0 38.352 25.218
54 2020 4 20 0 38.34 25.312
55 2020 4 20 0 33.886 24.528
56 2020 4 20 0 35.12 24.382
57 2020 4 20 0 33.49 24.552
58 2020 4 20 0 35.127 24.438
59 2020 4 20 0 34.329 24.348
60 2020 4 20 0 33.333 24.604
61 2020 4 20 0 33.288 20.379
62 2020 4 20 0 34.835 23.877
63 2020 4 20 0 34.331 24.132
64 2020 4 20 0 33.684 20.256
65 2020 4 20 0 34.462 19.683
66 2020 4 20 0 32.942 20.678
67 2020 4 20 0 33.525 20.37
68 2020 4 20 0 34.471 19.63
69 2020 4 20 0 33.508 20.386
70 2020 4 20 0 34.34 19.494
71 2020 4 20 0 32.044 20.16
72 2020 4 20 0 34.005 24.725
73 2020 4 20 0 35.435 24.493
74 2020 4 20 0 33.909 24.736
75 2020 4 20 0 34.24 24.694
76 2020 4 20 0 33.724 24.764
77 2020 4 20 0 32.019 20.175
78 2020 4 20 0 31.944 20.159
79 2020 4 20 0 33.73 24.762
80 2020 4 20 0 36.394 24.128
81 2020 4 20 0 38.92 25.327
82 2020 4 20 0 38.916 26.034
83 2020 4 20 0 38.662 25.684
84 2020 4 20 0 38.739 25.558
85 2020 4 20 0 38.837 25.454
86 2020 4 20 0 39.171 25.342
87 2020 4 20 0 38.772 25.376
88 2020 4 20 0 38.931 25.374
89 2020 4 20 0 38.966 25.758
90 2020 4 20 0 39.056 25.348
91 2020 4 20 0 38.18 24.945
92 2020 4 20 0 38.07 24.54
93 2020 4 20 0 38.278 24.891
94 2020 4 20 0 38.292 24.902
95 2020 4 20 0 37.165 24.046
96 2020 4 20 0 36.398 23.828
97 2020 4 20 0 37.543 24.142
98 2020 4 20 0 37.293 24.416
99 2020 4 20 0 37.939 25.002
100 2020 4 20 0 37.877 24.643
102 2020 4 20 0 39.504 25.762
103 2020 4 20 0 39.614 26.027
104 2020 4 20 0 39.508 25.929
105 2020 4 20 0 39.699 25.613
106 2020 4 20 0 39.603 26.156
107 2020 4 20 0 35.787 20.717
109 2020 4 20 0 35.057 20.918
110 2020 4 20 0 35.421 20.599
111 2020 4 20 0 39.28 24.939
112 2020 4 20 0 34.752 20.876
113 2020 4 20 0 39.64 26.218
114 2020 4 20 0 39.142 26.319
115 2020 4 20 0 39.86 26.125
116 2020 4 20 0 39.846 26.145
117 2020 4 20 0 39.527 26.208
118 2020 4 20 0 38.768 26.454
119 2020 4 20 0 38.761 26.447
120 2020 4 20 0 37.049 23.759
121 2020 4 20 0 37.549 24.146
122 2020 4 20 0 37.136 23.812
123 2020 4 20 0 37.261 24.196
124 2020 4 20 0 37.585 24.138
125 2020 4 20 0 37.998 24.262
126 2020 4 20 0 37.257 24.159
127 2020 4 20 0 36.367 23.265
128 2020 4 20 0 37.002 23.61
129 2020 4 20 0 32.38 20.597
130 2020 4 20 0 32.47 20.759
131 2020 4 20 0 32.255 20.626
132 2020 4 20 0 37.333 23.598
133 2020 4 20 0 32.786 20.44
134 2020 4 20 0 35.98 23.563
135 2020 4 20 0 34.596 24.105
136 2020 4 20 0 37.812 23.268
137 2020 4 20 0 34.842 23.953
138 2020 4 20 0 36.659 23.391
139 2020 4 20 0 35.751 23.942
140 2020 4 20 0 35.802 24.169
141 2020 4 20 0 32.249 20.493
142 2020 4 20 0 38.805 23.484
143 2020 4 20 0 37.774 25.152
144 2020 4 20 0 36.76 24.515
145 2020 4 20 0 35.434 23.828
146 2020 4 20 0 34.986 23.512
147 2020 4 20 0 38.384 25.405
148 2020 4 20 0 38.444 25.493
149 2020 4 20 0 36.017 24.103
150 2020 4 20 0 35.754 24.057
151 2020 4 20 0 39.131 24.65
152 2020 4 20 0 39.041 25.166
153 2020 4 20 0 39.08 24.552
154 2020 4 20 0 39.286 25.045
155 2020 4 20 0 38.972 25.141
156 2020 4 20 0 39.09 25.291
157 2020 4 20 0 39.275 25.2
158 2020 4 20 0 39.061 24.515
159 2020 4 20 0 39.281 25.048
160 2020 4 20 0 39.215 25.54
161 2020 4 20 0 38.226 23.923
162 2020 4 20 0 38.467 23.958
164 2020 4 20 0 38.248 23.802
165 2020 4 20 0 38.302 23.918
166 2020 4 20 0 38.512 24.137
167 2020 4 20 0 38.071 23.846
168 2020 4 20 0 38.362 23.801
169 2020 4 20 0 38.16 23.8
170 2020 4 20 0 38.328 23.909
171 2020 4 20 0 34.54 21.016
172 2020 4 20 0 38.338 25.323
173 2020 4 20 0 34.508 21.319
174 2020 4 20 0 39.461 25.481
175 2020 4 20 0 39.634 25.89
176 2020 4 20 0 39.231 26.02
177 2020 4 20 0 39.578 25.176
178 2020 4 20 0 39.43 25.013
179 2020 4 20 0 39.45 25.767
180 2020 4 20 0 39.585 25.723
181 2020 4 20 0 39.695 25.945
182 2020 4 20 0 34.867 20.58
183 2020 4 20 0 34.438 21.155
184 2020 4 20 0 34.139 21.277
185 2020 4 20 0 34.496 20.579
186 2020 4 20 0 34.499 20.366
187 2020 4 20 0 34.458 20.561
188 2020 4 20 0 39.877 25.704
189 2020 4 20 0 38.755 25.428
190 2020 4 20 0 39.083 25.462
191 2020 4 20 0 38.785 25.217
192 2020 4 20 0 38.648 25.298
195 2020 4 20 0 31.7 20.395
196 2020 4 20 0 31.762 20.362
197 2020 4 20 0 31.63 20.275
198 2020 4 20 0 31.825 20.295
199 2020 4 20 0 37.271 23.938
200 2020 4 20 0 36.197 24.218
201 2020 4 20 0 36.407 24.169
202 2020 4 20 0 36.599 24.104
203 2020 4 20 0 37.849 23.813
204 2020 4 20 0 38.537 25.812
205 2020 4 20 0 36.981 24.886
206 2020 4 20 0 38.427 25.72
207 2020 4 20 0 38.363 26.036
208 2020 4 20 0 37.987 25.774
209 2020 4 20 0 38.13 25.681
210 2020 4 20 0 39.814 26.096
211 2020 4 20 0 39.773 26.154
212 2020 4 20 0 39.83 26.149
213 2020 4 20 0 39.653 26.084
214 2020 4 20 0 39.635 26.147
215 2020 4 20 0 39.697 26.161
216 2020 4 20 0 36.072 23.659
217 2020 4 20 0 37.774 23.392
218 2020 4 20 0 35.299 23.617
219 2020 4 20 0 35.555 23.667
220 2020 4 20 0 35.67 19.096
221 2020 4 20 0 36.057 23.629
222 2020 4 20 0 35.734 23.552
223 2020 4 20 0 37.381 23.702
224 2020 4 20 0 36.265 23.892
225 2020 4 20 0 37.007 23.566
226 2020 4 20 0 36.326 23.774
227 2020 4 20 0 35.652 23.564
228 2020 4 20 0 35.093 19.19
229 2020 4 20 0 35.142 19.161
230 2020 4 20 0 35.003 19.256
231 2020 4 20 0 35.167 19.193
232 2020 4 20 0 34.925 19.331
233 2020 4 20 0 38.646 26.162
234 2020 4 20 0 38.377 26.172
235 2020 4 20 0 38.368 26.149
236 2020 4 20 0 38.533 26.377
237 2020 4 20 0 38.463 26.32
238 2020 4 20 0 38.475 26.188
239 2020 4 20 0 39.067 23.455
240 2020 4 20 0 37.199 23.675
241 2020 4 20 0 39.062 23.329
242 2020 4 20 0 37.124 23.602
243 2020 4 20 0 37.539 23.352
244 2020 4 20 0 38.199 23.294
245 2020 4 20 0 38.783 23.206
246 2020 4 20 0 38.62 23.126
247 2020 4 20 0 38.651 23.399
248 2020 4 20 0 39.037 23.341
249 2020 4 20 0 38.987 23.582
250 2020 4 20 0 38.92 23.59
251 2020 4 20 0 38.914 23.488
252 2020 4 20 0 38.768 23.748
0 2020 4 20 0 36.029 24.367
