1 2020 2 28 0 33.408 17.425
2 2020 2 28 0 33.659 17.105
3 2020 2 28 0 33.551 17.561
4 2020 2 28 0 33.377 17.352
5 2020 2 28 0 33.786 16.61
6 2020 2 28 0 34.321 16.831
7 2020 2 28 0 34.087 17.274
8 2020 2 28 0 33.366 17.38
9 2020 2 28 0 33.368 17.195
10 2020 2 28 0 33.241 17.156
11 2020 2 28 0 33.988 18.347
12 2020 2 28 0 34.192 18.281
13 2020 2 28 0 34.307 18.086
14 2020 2 28 0 34.584 17.576
15 2020 2 28 0 34.226 18.034
16 2020 2 28 0 34.276 17.892
17 2020 2 28 0 34.506 17.581
18 2020 2 28 0 34.002 18.384
19 2020 2 28 0 30.779 16.4
20 2020 2 28 0 32.067 16.521
21 2020 2 28 0 30.73 16.363
22 2020 2 28 0 30.85 16.447
23 2020 2 28 0 31.059 15.986
24 2020 2 28 0 31.768 16.358
25 2020 2 28 0 31.078 16.365
26 2020 2 28 0 31.477 16.028
27 2020 2 28 0 31.591 16.301
28 2020 2 28 0 31.058 15.842
29 2020 2 28 0 32.349 16.724
30 2020 2 28 0 32.547 17.225
31 2020 2 28 0 31.199 15.544
32 2020 2 28 0 33.186 17.641
33 2020 2 28 0 34.872 17.721
34 2020 2 28 0 34.794 17.776
35 2020 2 28 0 35.01 17.592
36 2020 2 28 0 34.791 17.159
37 2020 2 28 0 34.781 17.552
38 2020 2 28 0 34.862 17.964
39 2020 2 28 0 34.861 17.996
40 2020 2 28 0 34.724 17.21
41 2020 2 28 0 35.004 17.782
42 2020 2 28 0 34.299 18.203
43 2020 2 28 0 34.513 18.458
44 2020 2 28 0 34.466 18.318
45 2020 2 28 0 34.151 18.671
46 2020 2 28 0 34.359 18.22
47 2020 2 28 0 34.52 18.652
48 2020 2 28 0 34.418 18.785
49 2020 2 28 0 34.296 18.453
51 2020 2 28 0 33.445 17.642
52 2020 2 28 0 33.56 18.082
53 2020 2 28 0 33.366 17.343
54 2020 2 28 0 33.405 17.655
55 2020 2 28 0 28.924 18.125
56 2020 2 28 0 29.606 18.021
57 2020 2 28 0 29.235 17.928
58 2020 2 28 0 29.846 17.834
59 2020 2 28 0 29.451 17.817
60 2020 2 28 0 28.853 17.971
61 2020 2 28 0 30.99 18.075
62 2020 2 28 0 31.983 17.463
63 2020 2 28 0 31.384 17.894
64 2020 2 28 0 31.238 18.012
65 2020 2 28 0 31.904 17.315
66 2020 2 28 0 30.518 18.493
67 2020 2 28 0 31.091 18.155
68 2020 2 28 0 32.069 17.273
69 2020 2 28 0 31.128 18.161
70 2020 2 28 0 32.304 17.257
71 2020 2 28 0 29.278 18.195
72 2020 2 28 0 29.477 18.073
73 2020 2 28 0 30.488 17.336
74 2020 2 28 0 29.44 18.084
75 2020 2 28 0 29.66 17.947
76 2020 2 28 0 29.3 18.179
77 2020 2 28 0 29.26 18.209
78 2020 2 28 0 29.222 18.214
79 2020 2 28 0 29.306 18.172
80 2020 2 28 0 31.138 16.529
81 2020 2 28 0 33.945 17.614
82 2020 2 28 0 34.047 18.658
83 2020 2 28 0 33.736 18.455
84 2020 2 28 0 33.725 18.284
85 2020 2 28 0 33.792 18.277
86 2020 2 28 0 34.219 17.723
87 2020 2 28 0 33.745 17.919
88 2020 2 28 0 33.907 18.168
89 2020 2 28 0 33.97 18.469
90 2020 2 28 0 34.073 17.907
91 2020 2 28 0 33.184 17.125
92 2020 2 28 0 33.286 17.321
93 2020 2 28 0 33.404 17.359
94 2020 2 28 0 33.336 17.269
95 2020 2 28 0 31.607 15.978
96 2020 2 28 0 31 16.087
97 2020 2 28 0 32.088 16.027
98 2020 2 28 0 32.012 16.651
99 2020 2 28 0 32.907 17.398
100 2020 2 28 0 32.583 16.571
102 2020 2 28 0 34.844 18.294
103 2020 2 28 0 34.673 18.529
104 2020 2 28 0 34.683 18.335
105 2020 2 28 0 34.949 18.59
106 2020 2 28 0 34.573 18.53
107 2020 2 28 0 34.947 17.522
109 2020 2 28 0 34.541 17.601
110 2020 2 28 0 34.582 17.328
111 2020 2 28 0 34.622 17.56
112 2020 2 28 0 34.29 17.482
113 2020 2 28 0 34.479 18.386
114 2020 2 28 0 34.32 18.703
115 2020 2 28 0 34.504 18.261
116 2020 2 28 0 34.53 18.304
117 2020 2 28 0 34.393 18.465
118 2020 2 28 0 34.425 18.814
119 2020 2 28 0 34.265 18.94
120 2020 2 28 0 32.002 16.24
121 2020 2 28 0 32.646 16.791
122 2020 2 28 0 32.315 16.64
123 2020 2 28 0 32.12 16.423
124 2020 2 28 0 32.446 16.647
125 2020 2 28 0 32.95 17.032
126 2020 2 28 0 31.953 16.224
127 2020 2 28 0 31.315 15.764
128 2020 2 28 0 31.504 15.582
129 2020 2 28 0 29.79 18.196
130 2020 2 28 0 29.974 18.535
131 2020 2 28 0 29.671 18.243
132 2020 2 28 0 32.078 16.793
133 2020 2 28 0 30.484 18.038
134 2020 2 28 0 31.817 16.807
135 2020 2 28 0 29.878 17.735
136 2020 2 28 0 33.238 16.149
137 2020 2 28 0 31.214 17.461
138 2020 2 28 0 32.069 16.557
139 2020 2 28 0 30.675 17.339
140 2020 2 28 0 30.26 17.726
141 2020 2 28 0 29.869 18.045
142 2020 2 28 0 33.862 16.052
143 2020 2 28 0 32.928 18.071
144 2020 2 28 0 31.791 17.349
145 2020 2 28 0 30.588 16.729
146 2020 2 28 0 30.533 16.369
147 2020 2 28 0 33.52 18.187
148 2020 2 28 0 33.589 18.426
149 2020 2 28 0 31 16.934
150 2020 2 28 0 30.81 16.974
151 2020 2 28 0 34.787 17.105
152 2020 2 28 0 34.966 17.747
153 2020 2 28 0 34.697 16.989
154 2020 2 28 0 35.104 17.568
155 2020 2 28 0 34.826 17.769
156 2020 2 28 0 34.947 17.789
157 2020 2 28 0 35.065 17.667
158 2020 2 28 0 34.655 16.942
159 2020 2 28 0 35.117 17.583
160 2020 2 28 0 34.896 17.996
161 2020 2 28 0 33.019 16.914
162 2020 2 28 0 33.419 16.782
164 2020 2 28 0 32.605 16.91
165 2020 2 28 0 33.083 16.971
166 2020 2 28 0 33.405 16.85
167 2020 2 28 0 32.629 17.034
168 2020 2 28 0 33.238 16.808
169 2020 2 28 0 32.602 16.968
170 2020 2 28 0 33.064 16.94
171 2020 2 28 0 34.486 17.656
172 2020 2 28 0 34.486 17.924
173 2020 2 28 0 34.471 17.985
174 2020 2 28 0 34.381 18.266
175 2020 2 28 0 34.545 18.38
176 2020 2 28 0 34.196 18.522
177 2020 2 28 0 34.678 18.103
178 2020 2 28 0 34.493 18.081
179 2020 2 28 0 34.247 18.323
180 2020 2 28 0 34.634 18.326
181 2020 2 28 0 34.465 18.311
182 2020 2 28 0 34.157 17.191
183 2020 2 28 0 34.234 17.702
184 2020 2 28 0 34.021 17.428
185 2020 2 28 0 33.872 17.076
186 2020 2 28 0 33.588 16.964
187 2020 2 28 0 33.793 16.982
188 2020 2 28 0 35.135 19.131
189 2020 2 28 0 34.671 18.136
190 2020 2 28 0 34.762 18.424
191 2020 2 28 0 34.795 17.864
192 2020 2 28 0 34.617 18.001
195 2020 2 28 0 29.153 17.909
196 2020 2 28 0 29.208 17.932
197 2020 2 28 0 29.072 18.023
198 2020 2 28 0 29.201 18.057
199 2020 2 28 0 31.673 17.209
200 2020 2 28 0 30.88 17.313
201 2020 2 28 0 30.956 17.45
202 2020 2 28 0 30.92 17.503
203 2020 2 28 0 32.142 17.031
204 2020 2 28 0 33.743 18.595
205 2020 2 28 0 32.14 17.741
206 2020 2 28 0 33.652 18.559
207 2020 2 28 0 33.713 18.686
208 2020 2 28 0 33.296 18.393
209 2020 2 28 0 33.403 18.458
210 2020 2 28 0 34.506 18.253
211 2020 2 28 0 34.543 18.378
212 2020 2 28 0 34.537 18.326
213 2020 2 28 0 34.554 18.404
214 2020 2 28 0 34.591 18.553
215 2020 2 28 0 34.549 18.45
216 2020 2 28 0 33.364 16.889
217 2020 2 28 0 33.695 16.166
218 2020 2 28 0 32.718 17.075
219 2020 2 28 0 33.013 16.944
220 2020 2 28 0 33.393 16.548
221 2020 2 28 0 33.324 16.733
222 2020 2 28 0 32.716 16.845
223 2020 2 28 0 34.102 16.653
224 2020 2 28 0 33.901 17.196
225 2020 2 28 0 33.658 16.536
226 2020 2 28 0 33.707 16.973
227 2020 2 28 0 32.835 16.765
228 2020 2 28 0 32.688 16.697
229 2020 2 28 0 32.513 16.675
230 2020 2 28 0 32.433 16.797
231 2020 2 28 0 32.965 16.692
232 2020 2 28 0 32.259 16.888
233 2020 2 28 0 33.962 18.836
234 2020 2 28 0 33.874 18.712
235 2020 2 28 0 33.8 18.728
236 2020 2 28 0 34.06 18.96
237 2020 2 28 0 34.126 18.79
238 2020 2 28 0 33.869 18.832
239 2020 2 28 0 34.419 16.306
240 2020 2 28 0 34.176 16.882
241 2020 2 28 0 34.374 16.137
242 2020 2 28 0 33.984 16.783
243 2020 2 28 0 33.84 16.494
244 2020 2 28 0 34.272 16.394
245 2020 2 28 0 34.366 16.159
246 2020 2 28 0 34.144 16.148
247 2020 2 28 0 34.368 16.19
248 2020 2 28 0 34.354 16.103
249 2020 2 28 0 34.064 16.179
250 2020 2 28 0 34.064 16.302
251 2020 2 28 0 34.415 15.972
252 2020 2 28 0 33.805 16.447
0 2020 2 28 0.14236 30.787 17.25
