1 2020 4 29 0 41.864 26.549
2 2020 4 29 0 40.875 26.168
3 2020 4 29 0 42.043 26.723
4 2020 4 29 0 40.948 25.781
5 2020 4 29 0 40.35 26.026
6 2020 4 29 0 40.966 26.448
7 2020 4 29 0 41.681 26.668
8 2020 4 29 0 40.676 25.493
9 2020 4 29 0 40.918 25.997
10 2020 4 29 0 40.099 25.475
11 2020 4 29 0 42.134 27.257
12 2020 4 29 0 41.917 27.347
13 2020 4 29 0 41.878 27.287
14 2020 4 29 0 41.916 27.092
15 2020 4 29 0 42.093 27.184
16 2020 4 29 0 42.206 27.138
17 2020 4 29 0 42.261 27.078
18 2020 4 29 0 42.528 27.333
19 2020 4 29 0 41.01 25.922
20 2020 4 29 0 40.575 25.08
21 2020 4 29 0 40.987 25.733
22 2020 4 29 0 40.692 25.849
23 2020 4 29 0 40.139 25.175
24 2020 4 29 0 40.271 25.07
25 2020 4 29 0 40.261 25.744
26 2020 4 29 0 40.018 24.589
27 2020 4 29 0 40.141 25.291
28 2020 4 29 0 40.917 25.414
29 2020 4 29 0 40.593 25.217
30 2020 4 29 0 40.72 25.954
31 2020 4 29 0 41.204 25.299
32 2020 4 29 0 41.112 26.053
33 2020 4 29 0 41.29 27.66
34 2020 4 29 0 41.456 27.547
35 2020 4 29 0 41.006 27.748
36 2020 4 29 0 40.561 27.541
37 2020 4 29 0 41.399 27.211
38 2020 4 29 0 41.655 27.643
39 2020 4 29 0 41.625 27.576
40 2020 4 29 0 40.798 27.317
41 2020 4 29 0 41.206 27.702
42 2020 4 29 0 42.629 26.311
43 2020 4 29 0 43.391 27.411
44 2020 4 29 0 43.264 27.201
45 2020 4 29 0 43.161 26.915
46 2020 4 29 0 42.965 26.785
47 2020 4 29 0 43.144 27.299
48 2020 4 29 0 43.138 27.265
49 2020 4 29 0 42.679 26.433
51 2020 4 29 0 42.109 26.669
52 2020 4 29 0 42.627 27.06
53 2020 4 29 0 41.688 26.383
54 2020 4 29 0 42.117 26.566
55 2020 4 29 0 35.072 25.178
56 2020 4 29 0 35.718 25.267
57 2020 4 29 0 34.612 25.273
58 2020 4 29 0 36.348 25.087
59 2020 4 29 0 34.778 25.354
60 2020 4 29 0 34.75 25.186
61 2020 4 29 0 33.288 20.379
62 2020 4 29 0 35.158 25.301
63 2020 4 29 0 34.446 25.451
64 2020 4 29 0 33.684 20.256
65 2020 4 29 0 34.462 19.683
66 2020 4 29 0 32.942 20.678
67 2020 4 29 0 33.525 20.37
68 2020 4 29 0 34.471 19.63
69 2020 4 29 0 33.508 20.386
70 2020 4 29 0 34.34 19.494
71 2020 4 29 0 32.044 20.16
72 2020 4 29 0 36.318 25.026
73 2020 4 29 0 37.587 24.789
74 2020 4 29 0 36.262 25.027
75 2020 4 29 0 36.522 24.994
76 2020 4 29 0 36.09 25.058
77 2020 4 29 0 32.019 20.175
78 2020 4 29 0 31.944 20.159
79 2020 4 29 0 36.1 25.055
80 2020 4 29 0 38.395 24.483
81 2020 4 29 0 42.127 26.884
82 2020 4 29 0 43.092 27.452
83 2020 4 29 0 42.989 27.387
84 2020 4 29 0 42.764 27.361
85 2020 4 29 0 42.53 27.334
86 2020 4 29 0 42.23 27.046
87 2020 4 29 0 42.321 27.075
88 2020 4 29 0 42.265 27.22
89 2020 4 29 0 42.828 27.402
90 2020 4 29 0 42.199 27.096
91 2020 4 29 0 41.502 26.109
92 2020 4 29 0 41.166 25.702
93 2020 4 29 0 41.345 26.032
94 2020 4 29 0 41.194 26.05
95 2020 4 29 0 41.443 25.543
96 2020 4 29 0 41.272 25.502
97 2020 4 29 0 41.251 25.479
98 2020 4 29 0 41.666 25.89
99 2020 4 29 0 42.051 26.352
100 2020 4 29 0 41.553 25.926
102 2020 4 29 0 41.936 27.553
103 2020 4 29 0 42.759 27.479
104 2020 4 29 0 42.477 27.492
105 2020 4 29 0 41.853 27.661
106 2020 4 29 0 43.073 27.437
107 2020 4 29 0 35.787 20.717
109 2020 4 29 0 35.057 20.918
110 2020 4 29 0 35.421 20.599
111 2020 4 29 0 40.767 27.756
112 2020 4 29 0 34.752 20.876
113 2020 4 29 0 43.46 27.424
114 2020 4 29 0 43.355 27.462
115 2020 4 29 0 43.443 27.424
116 2020 4 29 0 43.415 27.416
117 2020 4 29 0 43.416 27.443
118 2020 4 29 0 43.237 27.424
119 2020 4 29 0 43.301 27.475
120 2020 4 29 0 40.605 25.048
121 2020 4 29 0 40.875 25.37
122 2020 4 29 0 40.418 24.924
123 2020 4 29 0 40.423 24.724
124 2020 4 29 0 40.5 24.775
125 2020 4 29 0 40.71 25.039
126 2020 4 29 0 39.901 24.543
127 2020 4 29 0 40.14 24.618
128 2020 4 29 0 40.846 25.007
129 2020 4 29 0 32.38 20.597
130 2020 4 29 0 32.47 20.759
131 2020 4 29 0 32.255 20.626
132 2020 4 29 0 38.045 24.812
133 2020 4 29 0 32.786 20.44
134 2020 4 29 0 36.425 24.963
135 2020 4 29 0 34.662 25.384
136 2020 4 29 0 38.645 24.703
137 2020 4 29 0 35.049 25.299
138 2020 4 29 0 37.223 24.772
139 2020 4 29 0 36.093 25.144
140 2020 4 29 0 36.231 25.214
141 2020 4 29 0 32.249 20.493
142 2020 4 29 0 39.853 24.897
143 2020 4 29 0 42.613 26.586
144 2020 4 29 0 41.892 26.121
145 2020 4 29 0 41.064 25.726
146 2020 4 29 0 40.635 25.681
147 2020 4 29 0 42.683 26.825
148 2020 4 29 0 42.979 27.016
149 2020 4 29 0 41.428 25.828
150 2020 4 29 0 41.332 25.785
151 2020 4 29 0 40.465 27.536
152 2020 4 29 0 40.495 27.825
153 2020 4 29 0 40.36 27.461
154 2020 4 29 0 40.824 27.816
155 2020 4 29 0 40.357 27.845
156 2020 4 29 0 40.681 27.756
157 2020 4 29 0 40.922 27.771
158 2020 4 29 0 40.33 27.433
159 2020 4 29 0 40.805 27.827
160 2020 4 29 0 41.07 27.626
161 2020 4 29 0 39.864 24.992
162 2020 4 29 0 39.856 25.529
164 2020 4 29 0 39.352 24.854
165 2020 4 29 0 39.59 25.207
166 2020 4 29 0 40.002 25.75
167 2020 4 29 0 39.179 24.982
168 2020 4 29 0 39.596 25.072
169 2020 4 29 0 39.216 24.916
170 2020 4 29 0 39.591 25.208
171 2020 4 29 0 34.54 21.016
172 2020 4 29 0 39.438 27.868
173 2020 4 29 0 34.508 21.319
174 2020 4 29 0 42.38 27.417
175 2020 4 29 0 42.886 27.462
176 2020 4 29 0 43.111 27.422
177 2020 4 29 0 41.987 27.589
178 2020 4 29 0 41.822 27.47
179 2020 4 29 0 42.794 27.347
180 2020 4 29 0 42.556 27.514
181 2020 4 29 0 43.072 27.418
182 2020 4 29 0 34.867 20.58
183 2020 4 29 0 34.438 21.155
184 2020 4 29 0 34.139 21.277
185 2020 4 29 0 34.496 20.579
186 2020 4 29 0 34.499 20.366
187 2020 4 29 0 34.458 20.561
188 2020 4 29 0 42.252 27.721
189 2020 4 29 0 40.21 27.756
190 2020 4 29 0 40.715 27.768
191 2020 4 29 0 40.112 27.833
192 2020 4 29 0 39.953 27.811
195 2020 4 29 0 31.7 20.395
196 2020 4 29 0 31.762 20.362
197 2020 4 29 0 31.63 20.275
198 2020 4 29 0 31.825 20.295
199 2020 4 29 0 38.267 24.921
200 2020 4 29 0 37.635 24.885
201 2020 4 29 0 37.563 24.98
202 2020 4 29 0 37.397 25.044
203 2020 4 29 0 38.762 24.875
204 2020 4 29 0 43.134 27.211
205 2020 4 29 0 42.307 26.248
206 2020 4 29 0 43.174 27.004
207 2020 4 29 0 43.402 26.891
208 2020 4 29 0 43.254 26.544
209 2020 4 29 0 43.202 26.689
210 2020 4 29 0 43.4 27.34
211 2020 4 29 0 43.327 27.415
212 2020 4 29 0 43.398 27.404
213 2020 4 29 0 43.16 27.312
214 2020 4 29 0 43.089 27.427
215 2020 4 29 0 43.23 27.429
216 2020 4 29 0 36.792 25.193
217 2020 4 29 0 38.63 24.891
218 2020 4 29 0 35.851 25.167
219 2020 4 29 0 36.041 25.387
220 2020 4 29 0 35.67 19.096
221 2020 4 29 0 36.453 25.503
222 2020 4 29 0 36.302 25.062
223 2020 4 29 0 38.312 25.246
224 2020 4 29 0 37.124 25.401
225 2020 4 29 0 37.403 25.6
226 2020 4 29 0 36.958 25.494
227 2020 4 29 0 35.893 25.516
228 2020 4 29 0 35.093 19.19
229 2020 4 29 0 35.142 19.161
230 2020 4 29 0 35.003 19.256
231 2020 4 29 0 35.167 19.193
232 2020 4 29 0 34.925 19.331
233 2020 4 29 0 43.208 27.439
234 2020 4 29 0 43.397 26.921
235 2020 4 29 0 43.431 26.904
236 2020 4 29 0 43.341 27.302
237 2020 4 29 0 43.297 27.139
238 2020 4 29 0 43.357 27.146
239 2020 4 29 0 40.471 26.135
240 2020 4 29 0 38.111 25.504
241 2020 4 29 0 40.1 26.098
242 2020 4 29 0 37.807 25.572
243 2020 4 29 0 37.974 25.665
244 2020 4 29 0 39.078 25.587
245 2020 4 29 0 39.862 25.649
246 2020 4 29 0 39.273 25.827
247 2020 4 29 0 39.807 25.501
248 2020 4 29 0 40.438 25.733
249 2020 4 29 0 40.258 25.298
250 2020 4 29 0 40.395 25.815
251 2020 4 29 0 40.018 25.182
252 2020 4 29 0 40.137 25.531
0 2020 4 29 0 38.285 24.777
