1 2020 3 22 0 35.415 21.942
2 2020 3 22 0 35.088 20.589
3 2020 3 22 0 35.513 21.783
4 2020 3 22 0 35.222 21.205
5 2020 3 22 0 34.739 19.803
6 2020 3 22 0 35.216 20.098
7 2020 3 22 0 35.573 20.857
8 2020 3 22 0 35.18 20.849
9 2020 3 22 0 35.102 21.171
10 2020 3 22 0 34.799 20.45
11 2020 3 22 0 35.571 20.878
12 2020 3 22 0 35.34 20.666
13 2020 3 22 0 35.442 20.677
14 2020 3 22 0 35.723 20.704
15 2020 3 22 0 35.724 20.83
16 2020 3 22 0 35.849 20.904
17 2020 3 22 0 35.99 20.868
18 2020 3 22 0 35.607 21.081
19 2020 3 22 0 33.809 20.288
20 2020 3 22 0 34.435 20.541
21 2020 3 22 0 33.894 20.21
22 2020 3 22 0 33.545 20.189
23 2020 3 22 0 33.347 19.884
24 2020 3 22 0 33.946 20.213
25 2020 3 22 0 33.285 20.13
26 2020 3 22 0 33.822 19.811
27 2020 3 22 0 33.565 20.15
28 2020 3 22 0 33.834 20.264
29 2020 3 22 0 34.629 20.718
30 2020 3 22 0 34.322 20.961
31 2020 3 22 0 34.069 20.437
32 2020 3 22 0 34.966 21.362
33 2020 3 22 0 34.828 20.696
34 2020 3 22 0 34.858 20.438
35 2020 3 22 0 34.848 20.968
36 2020 3 22 0 34.537 20.914
37 2020 3 22 0 35.206 20.494
38 2020 3 22 0 34.902 20.879
39 2020 3 22 0 34.828 21.094
40 2020 3 22 0 34.672 20.623
41 2020 3 22 0 34.835 21.132
42 2020 3 22 0 35.539 20.953
43 2020 3 22 0 35.729 21.286
44 2020 3 22 0 35.615 21.047
45 2020 3 22 0 36.042 21.982
46 2020 3 22 0 35.524 20.922
47 2020 3 22 0 35.871 21.748
48 2020 3 22 0 36.026 22.094
49 2020 3 22 0 35.747 21.468
51 2020 3 22 0 35.562 21.921
52 2020 3 22 0 35.75 21.767
53 2020 3 22 0 35.393 21.936
54 2020 3 22 0 35.647 21.983
55 2020 3 22 0 30.745 20.875
56 2020 3 22 0 31.331 20.833
57 2020 3 22 0 30.152 21.206
58 2020 3 22 0 31.78 20.768
59 2020 3 22 0 30.433 20.964
60 2020 3 22 0 30.383 21.023
61 2020 3 22 0 30.96 21.106
62 2020 3 22 0 31.887 20.487
63 2020 3 22 0 31.247 20.954
64 2020 3 22 0 31.055 21.168
65 2020 3 22 0 31.454 20.825
66 2020 3 22 0 30.602 21.477
67 2020 3 22 0 30.964 21.245
68 2020 3 22 0 31.558 20.769
69 2020 3 22 0 31.015 21.199
70 2020 3 22 0 31.853 20.561
71 2020 3 22 0 31.462 21.086
72 2020 3 22 0 31.65 21.022
73 2020 3 22 0 32.591 20.685
74 2020 3 22 0 31.624 21.026
75 2020 3 22 0 31.817 20.974
76 2020 3 22 0 31.491 21.071
77 2020 3 22 0 31.439 21.097
78 2020 3 22 0 31.396 21.074
79 2020 3 22 0 31.495 21.069
80 2020 3 22 0 33.323 20.09
81 2020 3 22 0 35.712 21.382
82 2020 3 22 0 35.775 21.749
83 2020 3 22 0 35.8 21.774
84 2020 3 22 0 35.667 21.589
85 2020 3 22 0 35.627 21.308
86 2020 3 22 0 35.856 21.078
87 2020 3 22 0 35.615 21.465
88 2020 3 22 0 35.638 21.122
89 2020 3 22 0 35.683 21.426
90 2020 3 22 0 35.745 21.095
91 2020 3 22 0 35.248 21.705
92 2020 3 22 0 35.279 21.24
93 2020 3 22 0 35.351 21.599
94 2020 3 22 0 35.227 21.538
95 2020 3 22 0 34.41 20.777
96 2020 3 22 0 34.088 20.413
97 2020 3 22 0 34.543 20.926
98 2020 3 22 0 34.762 21.064
99 2020 3 22 0 35.403 21.648
100 2020 3 22 0 34.93 21.423
102 2020 3 22 0 34.919 21.112
103 2020 3 22 0 35.186 20.817
104 2020 3 22 0 35.068 20.848
105 2020 3 22 0 34.971 21.194
106 2020 3 22 0 35.268 20.691
107 2020 3 22 0 34.552 21.261
109 2020 3 22 0 33.781 21.566
110 2020 3 22 0 33.926 21.424
111 2020 3 22 0 34.001 21.397
112 2020 3 22 0 33.323 21.714
113 2020 3 22 0 35.672 21.128
114 2020 3 22 0 35.809 21.718
115 2020 3 22 0 35.553 20.808
116 2020 3 22 0 35.501 20.764
117 2020 3 22 0 35.694 21.264
118 2020 3 22 0 35.944 22.021
119 2020 3 22 0 35.932 22.17
120 2020 3 22 0 34.297 20.37
121 2020 3 22 0 34.786 20.799
122 2020 3 22 0 34.485 20.277
123 2020 3 22 0 34.534 20.268
124 2020 3 22 0 34.719 20.284
125 2020 3 22 0 35.059 20.558
126 2020 3 22 0 34.346 20.057
127 2020 3 22 0 33.72 19.773
128 2020 3 22 0 34.077 20.324
129 2020 3 22 0 30.401 21.427
130 2020 3 22 0 30.331 21.573
131 2020 3 22 0 30.322 21.449
132 2020 3 22 0 33.624 19.836
133 2020 3 22 0 30.631 21.155
134 2020 3 22 0 32.449 19.995
135 2020 3 22 0 30.258 21.033
136 2020 3 22 0 34.231 19.417
137 2020 3 22 0 31.418 20.605
138 2020 3 22 0 33.075 19.721
139 2020 3 22 0 31.778 20.446
140 2020 3 22 0 31.837 20.618
141 2020 3 22 0 30.327 21.237
142 2020 3 22 0 34.787 19.531
143 2020 3 22 0 35.766 21.6
144 2020 3 22 0 34.87 20.933
145 2020 3 22 0 33.947 20.192
146 2020 3 22 0 33.797 20.018
147 2020 3 22 0 36.017 21.93
148 2020 3 22 0 36.113 21.866
149 2020 3 22 0 34.27 20.472
150 2020 3 22 0 34.23 20.372
151 2020 3 22 0 34.485 20.967
152 2020 3 22 0 34.583 21.301
153 2020 3 22 0 34.374 20.924
154 2020 3 22 0 34.863 21.148
155 2020 3 22 0 34.302 21.403
156 2020 3 22 0 34.59 21.307
157 2020 3 22 0 34.816 21.196
158 2020 3 22 0 34.335 20.894
159 2020 3 22 0 34.865 21.165
160 2020 3 22 0 34.597 21.334
161 2020 3 22 0 34.781 20.095
162 2020 3 22 0 34.577 19.847
164 2020 3 22 0 34.533 19.912
165 2020 3 22 0 34.576 19.93
166 2020 3 22 0 34.575 19.918
167 2020 3 22 0 34.39 19.966
168 2020 3 22 0 34.629 19.855
169 2020 3 22 0 34.453 19.916
170 2020 3 22 0 34.573 19.906
171 2020 3 22 0 33.773 21.34
172 2020 3 22 0 33.72 21.527
173 2020 3 22 0 33.663 21.584
174 2020 3 22 0 35.305 20.651
175 2020 3 22 0 35.266 20.648
176 2020 3 22 0 35.702 21.384
177 2020 3 22 0 34.948 20.514
178 2020 3 22 0 35.101 20.52
179 2020 3 22 0 35.568 20.862
180 2020 3 22 0 35.101 20.626
181 2020 3 22 0 35.441 20.731
182 2020 3 22 0 33.143 21.698
183 2020 3 22 0 33.184 21.736
184 2020 3 22 0 32.625 21.52
185 2020 3 22 0 32.577 21.833
186 2020 3 22 0 32.127 21.6
187 2020 3 22 0 32.341 21.72
188 2020 3 22 0 35.112 21.068
189 2020 3 22 0 34.113 21.516
190 2020 3 22 0 34.415 21.415
191 2020 3 22 0 34.252 21.434
192 2020 3 22 0 33.919 21.569
195 2020 3 22 0 30.146 21.263
196 2020 3 22 0 30.259 21.319
197 2020 3 22 0 30.522 21.194
198 2020 3 22 0 30.701 21.244
199 2020 3 22 0 33.645 20.155
200 2020 3 22 0 32.893 20.45
201 2020 3 22 0 32.919 20.453
202 2020 3 22 0 32.835 20.405
203 2020 3 22 0 34.102 19.982
204 2020 3 22 0 35.999 21.967
205 2020 3 22 0 35.239 21.176
206 2020 3 22 0 36.153 21.973
207 2020 3 22 0 36.211 22.156
208 2020 3 22 0 36.082 21.916
209 2020 3 22 0 36.163 21.938
210 2020 3 22 0 35.487 20.73
211 2020 3 22 0 35.436 20.738
212 2020 3 22 0 35.489 20.76
213 2020 3 22 0 35.316 20.614
214 2020 3 22 0 35.289 20.703
215 2020 3 22 0 35.364 20.708
216 2020 3 22 0 33.276 20.004
217 2020 3 22 0 34.218 19.561
218 2020 3 22 0 32.393 20.151
219 2020 3 22 0 32.411 20.36
220 2020 3 22 0 32.572 20.744
221 2020 3 22 0 32.543 20.588
222 2020 3 22 0 32.836 19.915
223 2020 3 22 0 34.16 20.014
224 2020 3 22 0 33.629 20.312
225 2020 3 22 0 32.971 20.694
226 2020 3 22 0 33.178 20.5
227 2020 3 22 0 31.884 20.634
228 2020 3 22 0 31.741 20.669
229 2020 3 22 0 31.72 20.62
230 2020 3 22 0 31.698 20.642
231 2020 3 22 0 31.928 20.727
232 2020 3 22 0 31.634 20.666
233 2020 3 22 0 35.903 22.151
234 2020 3 22 0 36.199 22.159
235 2020 3 22 0 36.207 22.191
236 2020 3 22 0 36.051 22.326
237 2020 3 22 0 36.115 22.174
238 2020 3 22 0 36.097 22.24
239 2020 3 22 0 34.949 20.001
240 2020 3 22 0 34.063 20.404
241 2020 3 22 0 34.565 20.449
242 2020 3 22 0 33.664 20.587
243 2020 3 22 0 33.512 20.746
244 2020 3 22 0 34.374 20.473
245 2020 3 22 0 34.742 20.19
246 2020 3 22 0 34.176 20.69
247 2020 3 22 0 34.783 19.881
248 2020 3 22 0 35.048 19.634
249 2020 3 22 0 34.928 19.617
250 2020 3 22 0 34.918 19.619
251 2020 3 22 0 34.891 19.628
252 2020 3 22 0 34.777 19.708
0 2020 3 22 0 32.913 20.573
