1 2020 6 5 0 39.526 25.41
2 2020 6 5 2.6297 38.087 23.691
3 2020 6 5 0.23985 39.271 25.325
4 2020 6 5 0 39.077 24.803
5 2020 6 5 11.712 37.059 22.777
6 2020 6 5 6.2334 36.698 22.752
7 2020 6 5 3.2267 38.116 23.735
8 2020 6 5 0.26973 38.891 24.683
9 2020 6 5 0.36982 38.818 24.465
10 2020 6 5 0.14569 38.217 23.929
11 2020 6 5 0 38.404 25.255
12 2020 6 5 0 37.666 24.859
13 2020 6 5 0.15914 37.555 24.438
14 2020 6 5 1.7107 37.359 23.544
15 2020 6 5 0 38.128 24.495
16 2020 6 5 0.16189 38.196 24.316
17 2020 6 5 1.2444 37.899 23.686
18 2020 6 5 0 38.382 25.701
19 2020 6 5 0 36.833 24.673
20 2020 6 5 17.865 38.43 26.151
21 2020 6 5 0 36.993 24.429
22 2020 6 5 0 36.777 24.8
23 2020 6 5 1.7198 37.028 24.54
24 2020 6 5 4.2239 37.819 25.377
25 2020 6 5 0.15379 36.626 24.89
26 2020 6 5 6.0767 37.791 24.871
27 2020 6 5 1.9207 37.361 25.072
28 2020 6 5 0.79321 37.278 24.351
29 2020 6 5 31.072 38.606 26.731
30 2020 6 5 1.5364 37.798 25.804
31 2020 6 5 0.44647 37.618 24.099
32 2020 6 5 5.4786 38.457 26.593
33 2020 6 5 0.15717 35.083 23.549
34 2020 6 5 0.11864 35.571 23.611
35 2020 6 5 0.20576 34.523 23.241
36 2020 6 5 1.1991 34.563 23.283
37 2020 6 5 0.5652 36.23 23.309
38 2020 6 5 0.58812 35.206 24.182
39 2020 6 5 1.6529 35.039 24.575
40 2020 6 5 0.9745 35.279 23.325
41 2020 6 5 0.42425 34.535 23.809
42 2020 6 5 1.2059 37.471 26.509
43 2020 6 5 0.81314 37.868 26.815
44 2020 6 5 0.36828 37.705 26.637
45 2020 6 5 0.15006 38.208 26.942
46 2020 6 5 1.2759 37.536 26.476
47 2020 6 5 0.52929 37.947 27.121
48 2020 6 5 0.59163 38.127 27.238
49 2020 6 5 0.19443 37.747 26.811
51 2020 6 5 0.28411 39.445 25.624
52 2020 6 5 0.16751 39.126 25.964
53 2020 6 5 0 39.569 25.325
54 2020 6 5 0 39.53 25.7
55 2020 6 5 3.8658 36.462 27.986
56 2020 6 5 3.2123 37.331 27.244
57 2020 6 5 1.5455 36.17 28.495
58 2020 6 5 0.56985 37.217 27.367
59 2020 6 5 10.814 36.757 27.789
60 2020 6 5 2.669 36.058 28.521
61 2020 6 5 0.24976 33.288 20.379
62 2020 6 5 2.1148 35.423 26.712
63 2020 6 5 0.44433 35.777 27.905
64 2020 6 5 0 33.684 20.256
65 2020 6 5 0.10649 34.462 19.683
66 2020 6 5 0 32.942 20.678
67 2020 6 5 0.11653 33.525 20.37
68 2020 6 5 1.6059 34.471 19.63
69 2020 6 5 0 33.508 20.386
70 2020 6 5 2.8594 34.34 19.494
71 2020 6 5 0.13022 32.044 20.16
72 2020 6 5 4.3243 36.452 28.395
73 2020 6 5 22.198 37.24 27.539
74 2020 6 5 3.4161 36.398 28.462
75 2020 6 5 1.928 36.585 28.256
76 2020 6 5 0.37826 36.297 28.572
77 2020 6 5 0 32.019 20.175
78 2020 6 5 0 31.944 20.159
79 2020 6 5 0 36.3 28.568
80 2020 6 5 45.376 37.812 27.172
81 2020 6 5 0.77789 38.731 24.678
82 2020 6 5 0.23159 38.334 26.373
83 2020 6 5 0.11356 38.719 26.216
84 2020 6 5 0 38.731 25.953
85 2020 6 5 0 38.64 25.667
86 2020 6 5 0.58803 38.326 24.301
87 2020 6 5 0 38.847 25.351
88 2020 6 5 0 38.557 25.22
89 2020 6 5 0 38.417 26.034
90 2020 6 5 0 38.45 24.694
91 2020 6 5 0.10987 39.408 25.155
92 2020 6 5 0.14367 39.225 25.055
93 2020 6 5 0 39.423 25.129
94 2020 6 5 0 39.27 24.943
95 2020 6 5 0 38.086 24.336
96 2020 6 5 0 37.595 24.175
97 2020 6 5 0.60234 38.439 24.466
98 2020 6 5 0 38.417 24.786
99 2020 6 5 0 39.111 25.466
100 2020 6 5 0 38.929 24.855
102 2020 6 5 10.315 35.393 25.176
103 2020 6 5 19.281 36.43 25.589
104 2020 6 5 4.0666 36.102 25.269
105 2020 6 5 13.871 35.36 25.407
106 2020 6 5 12.426 36.837 25.688
107 2020 6 5 1.1029 35.787 20.717
109 2020 6 5 1.1485 35.057 20.918
110 2020 6 5 3.6787 35.421 20.599
111 2020 6 5 2.9843 34.209 23.03
112 2020 6 5 3.3441 34.752 20.876
113 2020 6 5 2.9407 37.839 26.662
114 2020 6 5 0.24857 38.054 26.741
115 2020 6 5 1.3588 37.667 26.404
116 2020 6 5 6.2939 37.512 26.309
117 2020 6 5 0.46178 37.921 26.585
118 2020 6 5 0.71007 38.09 27.111
119 2020 6 5 0.90847 38.172 26.919
120 2020 6 5 3.1172 38.197 24.481
121 2020 6 5 0.50051 38.714 24.776
122 2020 6 5 1.8675 38.408 24.826
123 2020 6 5 13.801 38.661 25.899
124 2020 6 5 6.4596 38.794 25.44
125 2020 6 5 8.1763 39.057 25.224
126 2020 6 5 38.769 38.588 26.556
127 2020 6 5 8.5768 37.58 24.223
128 2020 6 5 3.1175 37.868 24.152
129 2020 6 5 0.20468 32.38 20.597
130 2020 6 5 0 32.47 20.759
131 2020 6 5 0 32.255 20.626
132 2020 6 5 3.5691 38.322 26.115
133 2020 6 5 0.54973 32.786 20.44
134 2020 6 5 13.195 37.05 26.73
135 2020 6 5 3.9213 36.632 27.684
136 2020 6 5 7.8898 38.017 25.537
137 2020 6 5 5.809 36.221 27.347
138 2020 6 5 12.55 37.773 26.713
139 2020 6 5 8.7496 37.527 27.001
140 2020 6 5 3.8915 37.683 26.832
141 2020 6 5 0.57299 32.249 20.493
142 2020 6 5 29.161 38.287 24.108
143 2020 6 5 0 38.882 25.975
144 2020 6 5 0 38.146 25.083
145 2020 6 5 0 37.111 24.316
146 2020 6 5 0.29975 36.443 24.433
147 2020 6 5 0.11847 39.374 26.182
148 2020 6 5 0 39.16 26.362
149 2020 6 5 0 37.628 24.509
150 2020 6 5 0.16055 37.145 24.418
151 2020 6 5 6.031 34.444 23.276
152 2020 6 5 0.11689 34.09 23.28
153 2020 6 5 6.1182 34.516 23.357
154 2020 6 5 0.5476 34.171 23.032
155 2020 6 5 0.2323 34.042 23.213
156 2020 6 5 0.15109 34.199 23.638
157 2020 6 5 0.25544 34.24 23.396
158 2020 6 5 6.2458 34.571 23.391
159 2020 6 5 0.55781 34.137 22.999
160 2020 6 5 3.934 34.509 24.514
161 2020 6 5 2.5534 38.611 24.711
162 2020 6 5 3.1425 37.53 23.154
164 2020 6 5 1.0016 38.705 24.944
165 2020 6 5 1.5421 37.986 23.765
166 2020 6 5 4.7899 37.587 23.172
167 2020 6 5 1.2509 38.264 24.489
168 2020 6 5 4.1515 38.002 23.77
169 2020 6 5 1.5079 38.469 24.713
170 2020 6 5 2.7783 38.03 23.821
171 2020 6 5 1.446 34.54 21.016
172 2020 6 5 0.80188 33.961 23.793
173 2020 6 5 1.0639 34.508 21.319
174 2020 6 5 0 37.298 25.183
175 2020 6 5 0 36.925 25.519
176 2020 6 5 0 38.153 26.311
177 2020 6 5 0.11955 35.986 24.376
178 2020 6 5 0.1032 36.657 24.341
179 2020 6 5 0 38.055 25.889
180 2020 6 5 0.35993 36.367 25.075
181 2020 6 5 0.10272 37.467 25.931
182 2020 6 5 3.7055 34.867 20.58
183 2020 6 5 8.5295 34.438 21.155
184 2020 6 5 21.299 34.139 21.277
185 2020 6 5 5.6835 34.496 20.579
186 2020 6 5 17.468 34.499 20.366
187 2020 6 5 12.523 34.458 20.561
188 2020 6 5 9.7387 35.836 25.794
189 2020 6 5 3.6054 34.259 24.201
190 2020 6 5 7.1838 34.697 24.673
191 2020 6 5 0 34.02 23.435
192 2020 6 5 0.363 34.02 23.673
195 2020 6 5 0.10769 31.7 20.395
196 2020 6 5 0.16834 31.762 20.362
197 2020 6 5 0.17625 31.63 20.275
198 2020 6 5 0.11116 31.825 20.295
199 2020 6 5 2.2045 38.083 25.444
200 2020 6 5 3.9631 37.496 26.437
201 2020 6 5 0.44528 37.68 26.213
202 2020 6 5 0.73167 38.039 26.289
203 2020 6 5 0.63316 38.569 25.365
204 2020 6 5 0.454 38.757 26.428
205 2020 6 5 0.96986 38.005 25.445
206 2020 6 5 0.19243 38.918 26.472
207 2020 6 5 3.1299 38.617 26.595
208 2020 6 5 3.1701 38.448 26.314
209 2020 6 5 1.1967 38.762 26.4
210 2020 6 5 0.96593 37.517 26.307
211 2020 6 5 9.0022 37.324 26.131
212 2020 6 5 5.2051 37.472 26.283
213 2020 6 5 5.2063 37.002 25.783
214 2020 6 5 19.071 36.858 25.743
215 2020 6 5 7.7162 37.128 25.932
216 2020 6 5 25.711 35.379 24.954
217 2020 6 5 15.727 37.399 24.921
218 2020 6 5 3.3737 34.818 25.231
219 2020 6 5 14.169 34.58 25.28
220 2020 6 5 34.428 35.67 19.096
221 2020 6 5 38.4 34.871 25.588
222 2020 6 5 6.9486 35.659 25.676
223 2020 6 5 13.248 36.348 24.386
224 2020 6 5 26.376 35.26 24.762
225 2020 6 5 40.417 35.449 25.455
226 2020 6 5 28.73 35.147 25.207
227 2020 6 5 7.1048 34.501 25.857
228 2020 6 5 2.9966 35.093 19.19
229 2020 6 5 1.0436 35.142 19.161
230 2020 6 5 0.71865 35.003 19.256
231 2020 6 5 11.744 35.167 19.193
232 2020 6 5 0 34.925 19.331
233 2020 6 5 0.80676 38.44 26.573
234 2020 6 5 0.21446 38.462 26.767
235 2020 6 5 1.9551 38.5 26.688
236 2020 6 5 1.6234 38.331 26.84
237 2020 6 5 0.38417 38.316 26.98
238 2020 6 5 2.9234 38.488 26.664
239 2020 6 5 6.7346 35.832 22.594
240 2020 6 5 27.031 35.566 24.254
241 2020 6 5 19.122 35.762 23.126
242 2020 6 5 27.19 35.403 24.653
243 2020 6 5 26.722 35.348 24.543
244 2020 6 5 25.283 35.791 23.645
245 2020 6 5 9.1527 36.063 23.089
246 2020 6 5 18.28 35.596 23.547
247 2020 6 5 13.032 36.506 23.248
248 2020 6 5 11.696 36.35 22.598
249 2020 6 5 14.519 37.603 23.151
250 2020 6 5 11.739 36.646 22.596
251 2020 6 5 43.83 37.514 23.499
252 2020 6 5 4.0348 37.354 23.015
0 2020 6 5 26.571 37.523 27.314
