1 2020 4 28 0 40.371 25.894
2 2020 4 28 0 39.693 25.3
3 2020 4 28 0 40.571 25.979
4 2020 4 28 0 39.714 25.321
5 2020 4 28 0 39.38 25.023
6 2020 4 28 0 40.141 25.319
7 2020 4 28 0 40.457 25.638
8 2020 4 28 0 39.527 25.119
9 2020 4 28 0 39.659 25.361
10 2020 4 28 0 39.035 24.923
11 2020 4 28 0 40.924 26.119
12 2020 4 28 0 40.859 26.001
13 2020 4 28 0 40.875 25.949
14 2020 4 28 0 40.906 25.811
15 2020 4 28 0 40.969 25.996
16 2020 4 28 0 41.031 25.98
17 2020 4 28 0 41.091 25.879
18 2020 4 28 0 41.047 26.227
19 2020 4 28 0 39.078 24.633
20 2020 4 28 0 38.722 24.927
21 2020 4 28 0 38.935 24.394
22 2020 4 28 0 38.755 24.6
23 2020 4 28 0 38.113 23.978
24 2020 4 28 0 38.388 24.42
25 2020 4 28 0 38.289 24.45
26 2020 4 28 0 38.041 23.939
27 2020 4 28 0 38.234 24.293
28 2020 4 28 0 38.904 24.151
29 2020 4 28 0 38.904 25.235
30 2020 4 28 0 39.111 25.095
31 2020 4 28 0 39.13 23.987
32 2020 4 28 0 39.677 25.646
33 2020 4 28 0 40.406 25.825
34 2020 4 28 0 40.685 25.764
35 2020 4 28 0 40.11 25.862
36 2020 4 28 0 39.612 25.753
37 2020 4 28 0 40.648 25.709
38 2020 4 28 0 40.344 25.919
39 2020 4 28 0 40.034 25.939
40 2020 4 28 0 39.947 25.671
41 2020 4 28 0 39.984 25.908
42 2020 4 28 0 40.447 25.612
43 2020 4 28 0 41.161 26.289
44 2020 4 28 0 41.031 26.082
45 2020 4 28 0 40.617 26.088
46 2020 4 28 0 40.741 25.818
47 2020 4 28 0 40.92 26.469
48 2020 4 28 0 40.804 26.515
49 2020 4 28 0 40.427 25.854
51 2020 4 28 0 40.488 25.937
52 2020 4 28 0 40.898 26.188
53 2020 4 28 0 40.183 25.754
54 2020 4 28 0 40.366 25.806
55 2020 4 28 0 34.512 25.19
56 2020 4 28 0 35.458 25
57 2020 4 28 0.23721 33.964 25.275
58 2020 4 28 0 35.723 24.988
59 2020 4 28 0.17246 34.482 25.071
60 2020 4 28 0 34.002 25.303
61 2020 4 28 0 33.288 20.379
62 2020 4 28 0 34.781 24.853
63 2020 4 28 0 34.282 25.04
64 2020 4 28 0 33.684 20.256
65 2020 4 28 0 34.462 19.683
66 2020 4 28 0 32.942 20.678
67 2020 4 28 0 33.525 20.37
68 2020 4 28 0 34.471 19.63
69 2020 4 28 0 33.508 20.386
70 2020 4 28 0 34.34 19.494
71 2020 4 28 0 32.044 20.16
72 2020 4 28 0 35.378 25.307
73 2020 4 28 0 36.365 24.896
74 2020 4 28 0 35.326 25.331
75 2020 4 28 0 35.538 25.243
76 2020 4 28 0 35.192 25.384
77 2020 4 28 0 32.019 20.175
78 2020 4 28 0 31.944 20.159
79 2020 4 28 0 35.198 25.382
80 2020 4 28 0 37.06 24.576
81 2020 4 28 0 40.796 25.945
82 2020 4 28 0 41.135 26.472
83 2020 4 28 0 41.18 26.472
84 2020 4 28 0 41.173 26.453
85 2020 4 28 0 41.114 26.349
86 2020 4 28 0 40.991 25.957
87 2020 4 28 0 40.915 26.173
88 2020 4 28 0 40.989 26.178
89 2020 4 28 0 41.133 26.377
90 2020 4 28 0 40.953 26.031
91 2020 4 28 0 40.012 25.499
92 2020 4 28 0 39.827 25.261
93 2020 4 28 0 40.001 25.545
94 2020 4 28 0 39.856 25.504
95 2020 4 28 0 39.401 24.332
96 2020 4 28 0 39.114 24.191
97 2020 4 28 0 39.414 24.473
98 2020 4 28 0 39.64 24.782
99 2020 4 28 0 40.124 25.428
100 2020 4 28 0 39.813 25.041
102 2020 4 28 0 40.193 26.056
103 2020 4 28 0 40.739 26.107
104 2020 4 28 0 40.545 26.032
105 2020 4 28 0 40.33 26.215
106 2020 4 28 0 40.906 26.091
107 2020 4 28 0 35.787 20.717
109 2020 4 28 0 35.057 20.918
110 2020 4 28 0 35.421 20.599
111 2020 4 28 0 39.898 25.846
112 2020 4 28 0 34.752 20.876
113 2020 4 28 0 41.233 26.206
114 2020 4 28 0 41.126 26.429
115 2020 4 28 0 41.26 26.087
116 2020 4 28 0 41.209 26.075
117 2020 4 28 0 41.219 26.249
118 2020 4 28 0 40.967 26.583
119 2020 4 28 0 41.022 26.599
120 2020 4 28 0 38.813 24.205
121 2020 4 28 0 39.31 24.733
122 2020 4 28 0 38.767 24.4
123 2020 4 28 0 38.606 24.727
124 2020 4 28 0 38.829 24.677
125 2020 4 28 0 39.267 24.894
126 2020 4 28 0 38.247 24.7
127 2020 4 28 0 38.133 23.618
128 2020 4 28 0 38.845 23.871
129 2020 4 28 0 32.38 20.597
130 2020 4 28 0 32.47 20.759
131 2020 4 28 0 32.255 20.626
132 2020 4 28 0 37.587 24.462
133 2020 4 28 0 32.786 20.44
134 2020 4 28 0 36.085 24.567
135 2020 4 28 0.1472 34.497 24.941
136 2020 4 28 0 38.116 24.257
137 2020 4 28 0 34.805 24.873
138 2020 4 28 0 36.882 24.425
139 2020 4 28 0 35.849 24.754
140 2020 4 28 0 35.999 24.854
141 2020 4 28 0.20478 32.249 20.493
142 2020 4 28 0 39.133 24.255
143 2020 4 28 0 40.272 25.478
144 2020 4 28 0 39.615 24.92
145 2020 4 28 0.11384 38.876 24.414
146 2020 4 28 0 38.664 24.333
147 2020 4 28 0 40.627 25.879
148 2020 4 28 0 40.826 25.998
149 2020 4 28 0 39.165 24.558
150 2020 4 28 0.25321 39.037 24.507
151 2020 4 28 0 39.501 25.741
152 2020 4 28 0 39.59 25.901
153 2020 4 28 0 39.366 25.704
154 2020 4 28 0 39.954 25.885
155 2020 4 28 0 39.51 25.9
156 2020 4 28 0 39.584 25.904
157 2020 4 28 0 39.879 25.9
158 2020 4 28 0 39.32 25.695
159 2020 4 28 0 39.956 25.885
160 2020 4 28 0 39.606 25.951
161 2020 4 28 0 38.879 24.64
162 2020 4 28 0 38.873 24.763
164 2020 4 28 0 38.54 24.482
165 2020 4 28 0 38.671 24.638
166 2020 4 28 0 38.93 24.903
167 2020 4 28 0 38.37 24.543
168 2020 4 28 0 38.736 24.522
169 2020 4 28 0 38.441 24.504
170 2020 4 28 0 38.679 24.633
171 2020 4 28 0 34.54 21.016
172 2020 4 28 0 38.571 25.957
173 2020 4 28 0 34.508 21.319
174 2020 4 28 0 40.959 26.005
175 2020 4 28 0 40.986 26.045
176 2020 4 28 0 41.148 26.312
177 2020 4 28 0 40.811 25.893
178 2020 4 28 0 40.857 25.892
179 2020 4 28 0 41.094 26.106
180 2020 4 28 0 40.825 26
181 2020 4 28 0 41.116 26.065
182 2020 4 28 0 34.867 20.58
183 2020 4 28 0 34.438 21.155
184 2020 4 28 0 34.139 21.277
185 2020 4 28 0 34.496 20.579
186 2020 4 28 0 34.499 20.366
187 2020 4 28 0 34.458 20.561
188 2020 4 28 0 40.54 26.459
189 2020 4 28 0 39.064 25.97
190 2020 4 28 0 39.52 26.109
191 2020 4 28 0 39.217 25.908
192 2020 4 28 0 38.987 25.914
195 2020 4 28 0 31.7 20.395
196 2020 4 28 0 31.762 20.362
197 2020 4 28 0 31.63 20.275
198 2020 4 28 0 31.825 20.295
199 2020 4 28 0 37.471 24.583
200 2020 4 28 0 36.639 24.73
201 2020 4 28 0 36.766 24.735
202 2020 4 28 0 36.899 24.736
203 2020 4 28 0 38.091 24.511
204 2020 4 28 0 40.964 26.247
205 2020 4 28 0 39.768 25.047
206 2020 4 28 0 40.789 25.973
207 2020 4 28 0 40.64 25.848
208 2020 4 28 0 40.305 25.419
209 2020 4 28 0 40.46 25.579
210 2020 4 28 0 41.171 26.012
211 2020 4 28 0 41.124 26.077
212 2020 4 28 0 41.186 26.068
213 2020 4 28 0 40.962 25.992
214 2020 4 28 0 40.929 26.095
215 2020 4 28 0 41.04 26.087
216 2020 4 28 0 36.136 24.622
217 2020 4 28 0 38.033 24.309
218 2020 4 28 0 35.21 24.663
219 2020 4 28 0 35.173 24.754
220 2020 4 28 0 35.67 19.096
221 2020 4 28 0 35.401 24.781
222 2020 4 28 0 35.754 24.595
223 2020 4 28 0 37.64 24.549
224 2020 4 28 0 36.455 24.743
225 2020 4 28 0 36.283 24.796
226 2020 4 28 0 36.057 24.782
227 2020 4 28 0 34.786 24.8
228 2020 4 28 0 35.093 19.19
229 2020 4 28 0 35.142 19.161
230 2020 4 28 0 35.003 19.256
231 2020 4 28 0 35.167 19.193
232 2020 4 28 0 34.925 19.331
233 2020 4 28 0 41.072 26.549
234 2020 4 28 0 40.622 25.929
235 2020 4 28 0 40.622 25.887
236 2020 4 28 0 40.876 26.411
237 2020 4 28 0 40.743 26.255
238 2020 4 28 0 40.809 26.182
239 2020 4 28 0 39.862 25.092
240 2020 4 28 0 37.43 24.786
241 2020 4 28 0 39.306 25.069
242 2020 4 28 0 36.992 24.826
243 2020 4 28 0 37.15 24.88
244 2020 4 28 0 38.383 24.827
245 2020 4 28 0 39.213 24.823
246 2020 4 28 0 38.53 24.961
247 2020 4 28 0 39.172 24.668
248 2020 4 28 0 39.877 24.806
249 2020 4 28 0 39.496 24.503
250 2020 4 28 0 39.684 24.868
251 2020 4 28 0 39.321 24.373
252 2020 4 28 0 39.288 24.701
0 2020 4 28 0 37.011 24.858
