1 2020 3 1 0 34.348 18.064
2 2020 3 1 0 33.781 18.187
3 2020 3 1 0 34.272 18.143
4 2020 3 1 0 34.105 18.201
5 2020 3 1 0 33.263 17.843
6 2020 3 1 0 33.479 17.869
7 2020 3 1 0 34.103 18.23
8 2020 3 1 0 33.975 18.288
9 2020 3 1 0 33.984 18.137
10 2020 3 1 0 33.554 18.25
11 2020 3 1 0 33.814 18.77
12 2020 3 1 0 33.634 18.821
13 2020 3 1 0 33.727 18.721
14 2020 3 1 0 33.995 18.441
15 2020 3 1 0 33.968 18.648
16 2020 3 1 0 34.104 18.556
17 2020 3 1 0 34.249 18.41
18 2020 3 1 0 33.895 18.716
19 2020 3 1 0 31.622 15.083
20 2020 3 1 0 33.274 17.5
21 2020 3 1 0 31.731 15.226
22 2020 3 1 0 31.48 15.33
23 2020 3 1 0 31.711 15.654
24 2020 3 1 0 32.616 16.806
25 2020 3 1 0 31.281 15.694
26 2020 3 1 0 32.548 16.506
27 2020 3 1 0 32.096 16.394
28 2020 3 1 0 32.062 15.309
29 2020 3 1 0 33.535 17.974
30 2020 3 1 0 32.622 17.24
31 2020 3 1 0 32.428 15.331
32 2020 3 1 0 33.49 18.169
33 2020 3 1 0 33.234 18.744
34 2020 3 1 0 33.282 18.68
35 2020 3 1 0 33.229 18.763
36 2020 3 1 0 33.016 18.561
37 2020 3 1 0 33.559 18.501
38 2020 3 1 0 33.261 18.908
39 2020 3 1 0 33.224 18.948
40 2020 3 1 0 33.144 18.465
41 2020 3 1 0 33.233 18.863
42 2020 3 1 0 34.099 18.602
43 2020 3 1 0 34.254 18.731
44 2020 3 1 0 34.15 18.645
45 2020 3 1 0 34.343 18.625
46 2020 3 1 0 34.081 18.594
47 2020 3 1 0 34.431 18.819
48 2020 3 1 0 34.509 18.816
49 2020 3 1 0 34.265 18.694
51 2020 3 1 0 34.281 18.097
52 2020 3 1 0 34.056 18.227
53 2020 3 1 0 34.378 18.03
54 2020 3 1 0 34.321 18.037
55 2020 3 1 0 29.465 19.687
56 2020 3 1 0 30.153 19.379
57 2020 3 1 0 28.878 19.739
58 2020 3 1 0 30.757 19.327
59 2020 3 1 0 29.331 19.463
60 2020 3 1 0 29.13 19.777
61 2020 3 1 0 29.634 19.306
62 2020 3 1 0 30.338 18.719
63 2020 3 1 0 29.87 19.125
64 2020 3 1 0 29.566 19.301
65 2020 3 1 0 29.996 18.862
66 2020 3 1 0 29.059 19.705
67 2020 3 1 0 29.462 19.396
68 2020 3 1 0 30.148 18.794
69 2020 3 1 0 29.558 19.363
70 2020 3 1 0 30.381 18.65
71 2020 3 1 0 30.314 19.751
72 2020 3 1 0 30.582 19.659
73 2020 3 1 0 32.002 19.123
74 2020 3 1 0 30.533 19.668
75 2020 3 1 0 30.85 19.572
76 2020 3 1 0 30.341 19.735
77 2020 3 1 0 30.292 19.763
78 2020 3 1 0 30.23 19.767
79 2020 3 1 0 30.348 19.733
80 2020 3 1 0 32.638 18.38
81 2020 3 1 0 34.257 18.291
82 2020 3 1 0 34.212 18.834
83 2020 3 1 0 34.015 18.5
84 2020 3 1 0 33.946 18.461
85 2020 3 1 0 33.862 18.535
86 2020 3 1 0 34.205 18.423
87 2020 3 1 0 34.053 18.351
88 2020 3 1 0 33.909 18.58
89 2020 3 1 0 34.015 18.701
90 2020 3 1 0 34.082 18.496
91 2020 3 1 0 34.235 17.799
92 2020 3 1 0 34.15 18.011
93 2020 3 1 0 34.322 18.127
94 2020 3 1 0 34.205 18.099
95 2020 3 1 0 32.843 15.929
96 2020 3 1 0 32.23 15.582
97 2020 3 1 0 33.277 16.367
98 2020 3 1 0 33.13 16.554
99 2020 3 1 0 33.866 17.513
100 2020 3 1 0 33.736 16.996
102 2020 3 1 0 33.297 19.109
103 2020 3 1 0 33.391 19.219
104 2020 3 1 0 33.319 19.11
105 2020 3 1 0 33.364 19.288
106 2020 3 1 0 33.412 19.198
107 2020 3 1 0 32.886 18.807
109 2020 3 1 0 32.059 18.914
110 2020 3 1 0 32.29 18.766
111 2020 3 1 0 32.317 18.843
112 2020 3 1 0 31.608 18.907
113 2020 3 1 0 34.186 18.703
114 2020 3 1 0 34.359 18.905
115 2020 3 1 0 33.993 18.68
116 2020 3 1 0 33.892 18.766
117 2020 3 1 0 34.208 18.764
118 2020 3 1 0 34.503 18.919
119 2020 3 1 0 34.52 19.046
120 2020 3 1 0 33.021 16.583
121 2020 3 1 0 33.586 17.307
122 2020 3 1 0 33.249 17.234
123 2020 3 1 0 33.426 17.75
124 2020 3 1 0 33.561 17.906
125 2020 3 1 0 33.887 18.211
126 2020 3 1 0 33.362 17.897
127 2020 3 1 0 32.35 15.916
128 2020 3 1 0 32.695 15.76
129 2020 3 1 0 29.233 19.897
130 2020 3 1 0 28.788 19.902
131 2020 3 1 0 29.045 19.92
132 2020 3 1 0 31.927 18.228
133 2020 3 1 0 29.37 19.42
134 2020 3 1 0 30.741 18.408
135 2020 3 1 0 29.212 19.39
136 2020 3 1 0 32.282 17.799
137 2020 3 1 0 30.021 18.906
138 2020 3 1 0 31.2 18.19
139 2020 3 1 0 30.413 18.874
140 2020 3 1 0 30.552 19.075
141 2020 3 1 0 29.045 19.609
142 2020 3 1 0 33.17 17.763
143 2020 3 1 0 33.668 17.652
144 2020 3 1 0 32.78 16.691
145 2020 3 1 0 31.72 15.541
146 2020 3 1 0 31.426 14.766
147 2020 3 1 0 34.187 18.151
148 2020 3 1 0 34.079 18.235
149 2020 3 1 0 32.143 16.069
150 2020 3 1 0 32.031 15.744
151 2020 3 1 0 32.972 18.551
152 2020 3 1 0 32.888 18.896
153 2020 3 1 0 32.898 18.488
154 2020 3 1 0 33.208 18.798
155 2020 3 1 0 32.565 18.934
156 2020 3 1 0 32.949 18.899
157 2020 3 1 0 33.192 18.835
158 2020 3 1 0 32.875 18.462
159 2020 3 1 0 33.199 18.808
160 2020 3 1 0 33.043 18.973
161 2020 3 1 0 33.389 18.177
162 2020 3 1 0 33.233 18.093
164 2020 3 1 0 33.105 18.19
165 2020 3 1 0 33.227 18.22
166 2020 3 1 0 33.303 18.155
167 2020 3 1 0 32.976 18.283
168 2020 3 1 0 33.203 18.139
169 2020 3 1 0 32.999 18.217
170 2020 3 1 0 33.215 18.197
171 2020 3 1 0 31.809 18.607
172 2020 3 1 0 31.818 18.902
173 2020 3 1 0 31.776 18.974
174 2020 3 1 0 33.629 18.832
175 2020 3 1 0 33.516 19.007
176 2020 3 1 0 34.145 18.792
177 2020 3 1 0 33.304 18.877
178 2020 3 1 0 33.462 18.771
179 2020 3 1 0 33.935 18.728
180 2020 3 1 0 33.343 19.058
181 2020 3 1 0 33.787 18.814
182 2020 3 1 0 31.503 18.784
183 2020 3 1 0 31.437 19.016
184 2020 3 1 0 31.126 19.031
185 2020 3 1 0 30.979 18.787
186 2020 3 1 0 30.737 18.64
187 2020 3 1 0 30.875 18.741
188 2020 3 1 0 33.579 19.642
189 2020 3 1 0 32.398 19.097
190 2020 3 1 0 32.708 19.243
191 2020 3 1 0 32.505 18.973
192 2020 3 1 0 32.132 19.055
195 2020 3 1 0 29.014 19.832
196 2020 3 1 0 29.401 19.863
197 2020 3 1 0 29.476 19.832
198 2020 3 1 0 29.735 19.831
199 2020 3 1 0 32.303 18.564
200 2020 3 1 0 31.964 18.902
201 2020 3 1 0 31.825 18.908
202 2020 3 1 0 31.556 18.823
203 2020 3 1 0 32.635 18.305
204 2020 3 1 0 34.149 18.511
205 2020 3 1 0 33.049 16.939
206 2020 3 1 0 34.132 18.343
207 2020 3 1 0 34.238 18.454
208 2020 3 1 0 33.925 17.953
209 2020 3 1 0 34.004 18.063
210 2020 3 1 0 33.915 18.701
211 2020 3 1 0 33.749 18.9
212 2020 3 1 0 33.866 18.798
213 2020 3 1 0 33.514 19.038
214 2020 3 1 0 33.444 19.202
215 2020 3 1 0 33.595 19.038
216 2020 3 1 0 31.537 18.241
217 2020 3 1 0 32.397 17.843
218 2020 3 1 0 30.728 18.354
219 2020 3 1 0 30.914 18.401
220 2020 3 1 0 31.16 18.314
221 2020 3 1 0 31.127 18.42
222 2020 3 1 0 31.025 18.227
223 2020 3 1 0 32.524 18.144
224 2020 3 1 0 32.001 18.483
225 2020 3 1 0 31.429 18.308
226 2020 3 1 0 31.61 18.469
227 2020 3 1 0 30.638 18.483
228 2020 3 1 0 30.467 18.51
229 2020 3 1 0 30.297 18.523
230 2020 3 1 0 30.277 18.574
231 2020 3 1 0 30.743 18.457
232 2020 3 1 0 30.159 18.636
233 2020 3 1 0 34.345 18.893
234 2020 3 1 0 34.3 18.515
235 2020 3 1 0 34.288 18.517
236 2020 3 1 0 34.487 18.938
237 2020 3 1 0 34.419 18.705
238 2020 3 1 0 34.355 18.728
239 2020 3 1 0 33.03 17.413
240 2020 3 1 0 32.424 18.216
241 2020 3 1 0 32.914 17.6
242 2020 3 1 0 32.054 18.222
243 2020 3 1 0 31.911 17.94
244 2020 3 1 0 32.692 17.786
245 2020 3 1 0 32.939 17.485
246 2020 3 1 0 32.559 17.58
247 2020 3 1 0 32.992 17.564
248 2020 3 1 0 33.065 17.236
249 2020 3 1 0 33.318 17.661
250 2020 3 1 0 33.123 17.444
251 2020 3 1 0 33.244 17.635
252 2020 3 1 0 33.242 17.787
0 2020 3 1 0 32.024 18.903
