1 2020 4 30 0 41.696 27.504
2 2020 4 30 0 40.903 26.537
3 2020 4 30 0 41.948 27.537
4 2020 4 30 0 40.837 26.533
5 2020 4 30 0 40.379 26.012
6 2020 4 30 0 41.149 26.384
7 2020 4 30 0 41.809 27.012
8 2020 4 30 0 40.557 26.126
9 2020 4 30 0 40.847 26.728
10 2020 4 30 0 40.093 25.983
11 2020 4 30 0 42.382 27.471
12 2020 4 30 0 41.857 27.315
13 2020 4 30 0 41.92 27.243
14 2020 4 30 0 42.129 27.125
15 2020 4 30 0 42.402 27.348
16 2020 4 30 0 42.531 27.37
17 2020 4 30 0 42.565 27.291
18 2020 4 30 0 42.497 27.693
19 2020 4 30 0 40.733 26.454
20 2020 4 30 0 39.524 25.799
21 2020 4 30 0 40.487 26.446
22 2020 4 30 0 40.37 26.399
23 2020 4 30 0 39.624 26.061
24 2020 4 30 0 39.506 25.889
25 2020 4 30 0 39.813 26.392
26 2020 4 30 0 39.243 25.551
27 2020 4 30 0 39.53 26.122
28 2020 4 30 0 40.489 26.337
29 2020 4 30 0 39.461 25.83
30 2020 4 30 0 40.218 26.554
31 2020 4 30 0 40.681 26.454
32 2020 4 30 0 40.446 26.523
33 2020 4 30 0 40.232 27.145
34 2020 4 30 0 40.596 26.989
35 2020 4 30 0 39.863 27.239
36 2020 4 30 0 39.713 27.068
37 2020 4 30 0 41.233 26.893
38 2020 4 30 0 40.319 27.447
39 2020 4 30 0 40.124 27.593
40 2020 4 30 0 40.305 26.883
41 2020 4 30 0 39.819 27.436
42 2020 4 30 0 42.008 27.622
43 2020 4 30 0 42.548 28.235
44 2020 4 30 0 42.308 28.051
45 2020 4 30 0 42.722 28.383
46 2020 4 30 0 42.082 27.801
47 2020 4 30 0 42.795 28.339
48 2020 4 30 0 42.958 28.476
49 2020 4 30 0 42.394 27.915
51 2020 4 30 0 41.973 27.665
52 2020 4 30 0 42.566 27.9
53 2020 4 30 0 41.514 27.421
54 2020 4 30 0 41.975 27.74
55 2020 4 30 0 34.766 25.429
56 2020 4 30 0 35.741 25.434
57 2020 4 30 0 33.996 25.476
58 2020 4 30 0 35.999 25.477
59 2020 4 30 0.19089 34.589 25.465
60 2020 4 30 0 34.116 25.453
61 2020 4 30 0.14982 33.288 20.379
62 2020 4 30 2.1456 35.417 25.404
63 2020 4 30 0.55707 34.704 25.492
64 2020 4 30 0 33.684 20.256
65 2020 4 30 0 34.462 19.683
66 2020 4 30 0 32.942 20.678
67 2020 4 30 0.16569 33.525 20.37
68 2020 4 30 0 34.471 19.63
69 2020 4 30 0 33.508 20.386
70 2020 4 30 0.90782 34.34 19.494
71 2020 4 30 0 32.044 20.16
72 2020 4 30 0 35.649 25.694
73 2020 4 30 0.19097 36.551 25.575
74 2020 4 30 0 35.6 25.696
75 2020 4 30 0 35.793 25.683
76 2020 4 30 0 35.476 25.711
77 2020 4 30 0 32.019 20.175
78 2020 4 30 0 31.944 20.159
79 2020 4 30 0 35.482 25.709
80 2020 4 30 0.12387 37.223 25.216
81 2020 4 30 0 42.222 27.437
82 2020 4 30 0 42.845 28.12
83 2020 4 30 0 42.935 28.047
84 2020 4 30 0 42.744 27.858
85 2020 4 30 0 42.631 27.699
86 2020 4 30 0 42.47 27.392
87 2020 4 30 0 42.37 27.597
88 2020 4 30 0 42.481 27.53
89 2020 4 30 0 42.694 27.901
90 2020 4 30 0 42.431 27.436
91 2020 4 30 0 41.284 27.117
92 2020 4 30 0 40.977 26.521
93 2020 4 30 0 41.186 26.915
94 2020 4 30 0 41.054 26.933
95 2020 4 30 0 40.912 26.754
96 2020 4 30 0 40.579 26.592
97 2020 4 30 0 40.848 26.654
98 2020 4 30 0 41.203 27.079
99 2020 4 30 0 41.801 27.58
100 2020 4 30 0 41.23 27.075
102 2020 4 30 0 40.358 27.752
103 2020 4 30 0 41.262 27.906
104 2020 4 30 0 40.992 27.799
105 2020 4 30 0 40.248 27.802
106 2020 4 30 0 41.617 27.951
107 2020 4 30 0 35.787 20.717
109 2020 4 30 0 35.057 20.918
110 2020 4 30 0 35.421 20.599
111 2020 4 30 0 39.618 27.25
112 2020 4 30 0 34.752 20.876
113 2020 4 30 0 42.449 28.175
114 2020 4 30 0 42.785 28.291
115 2020 4 30 0 42.202 28.064
116 2020 4 30 0 42.097 28.052
117 2020 4 30 0 42.525 28.172
118 2020 4 30 0 42.969 28.444
119 2020 4 30 0 43.04 28.422
120 2020 4 30 0 40.177 26.097
121 2020 4 30 0 40.566 26.302
122 2020 4 30 0 39.916 25.796
123 2020 4 30 0 39.245 25.469
124 2020 4 30 0 39.527 25.525
125 2020 4 30 0 40.03 25.748
126 2020 4 30 0 38.606 25.225
127 2020 4 30 0 39.581 25.728
128 2020 4 30 0 40.338 26.221
129 2020 4 30 0 32.38 20.597
130 2020 4 30 0 32.47 20.759
131 2020 4 30 0 32.255 20.626
132 2020 4 30 0.86549 38.064 24.995
133 2020 4 30 0 32.786 20.44
134 2020 4 30 1.9254 36.492 25.049
135 2020 4 30 0.47668 34.641 25.43
136 2020 4 30 1.7268 38.699 24.874
137 2020 4 30 0.91504 35.179 25.363
138 2020 4 30 2.0793 37.273 24.859
139 2020 4 30 0 36.109 25.238
140 2020 4 30 0 36.323 25.341
141 2020 4 30 0 32.249 20.493
142 2020 4 30 0.47278 39.834 25.184
143 2020 4 30 0 42.347 27.983
144 2020 4 30 0 41.314 27.298
145 2020 4 30 0 40.287 26.556
146 2020 4 30 0 40.318 26.225
147 2020 4 30 0 42.617 28.12
148 2020 4 30 0 42.923 28.246
149 2020 4 30 0 40.622 26.855
150 2020 4 30 0 40.457 26.777
151 2020 4 30 0 39.582 27.077
152 2020 4 30 0 39.11 27.39
153 2020 4 30 0 39.562 27.02
154 2020 4 30 0 39.595 27.308
155 2020 4 30 0 38.969 27.385
156 2020 4 30 0 39.234 27.441
157 2020 4 30 0 39.59 27.382
158 2020 4 30 0 39.587 26.993
159 2020 4 30 0 39.557 27.315
160 2020 4 30 0 39.469 27.585
161 2020 4 30 0 39.652 25.45
162 2020 4 30 0.10191 39.869 25.725
164 2020 4 30 0 39.193 25.232
165 2020 4 30 0 39.595 25.532
166 2020 4 30 0 39.984 25.897
167 2020 4 30 0 39.14 25.352
168 2020 4 30 0.46901 39.625 25.428
169 2020 4 30 0 39.161 25.275
170 2020 4 30 0 39.586 25.516
171 2020 4 30 0 34.54 21.016
172 2020 4 30 0 37.775 27.544
173 2020 4 30 0 34.508 21.319
174 2020 4 30 0 41.737 27.528
175 2020 4 30 0 41.629 27.799
176 2020 4 30 0 42.621 28.048
177 2020 4 30 0 40.865 27.307
178 2020 4 30 0 41.265 27.186
179 2020 4 30 0 42.309 27.779
180 2020 4 30 0 41.214 27.664
181 2020 4 30 0 41.992 27.887
182 2020 4 30 0 34.867 20.58
183 2020 4 30 0.32066 34.438 21.155
184 2020 4 30 0.17735 34.139 21.277
185 2020 4 30 0 34.496 20.579
186 2020 4 30 0 34.499 20.366
187 2020 4 30 0 34.458 20.561
188 2020 4 30 0 40.663 27.98
189 2020 4 30 0 38.571 27.578
190 2020 4 30 0 39.08 27.685
191 2020 4 30 0 38.635 27.434
192 2020 4 30 0 38.394 27.481
195 2020 4 30 0 31.7 20.395
196 2020 4 30 0 31.762 20.362
197 2020 4 30 0 31.63 20.275
198 2020 4 30 0 31.825 20.295
199 2020 4 30 0 38.024 25.324
200 2020 4 30 0.19007 36.996 25.468
201 2020 4 30 0 37.185 25.446
202 2020 4 30 0 37.326 25.324
203 2020 4 30 0.11237 38.678 25.201
204 2020 4 30 0 43.002 28.244
205 2020 4 30 0 41.679 27.589
206 2020 4 30 0 43.001 28.329
207 2020 4 30 0 43.026 28.434
208 2020 4 30 0 42.663 28.273
209 2020 4 30 0 42.83 28.327
210 2020 4 30 0 42.086 28.002
211 2020 4 30 0 41.968 28.024
212 2020 4 30 0 42.072 28.046
213 2020 4 30 0 41.74 27.907
214 2020 4 30 0 41.635 27.961
215 2020 4 30 0 41.829 27.994
216 2020 4 30 1.3537 37.04 25.437
217 2020 4 30 0.84143 38.714 25.108
218 2020 4 30 0.74995 36.117 25.349
219 2020 4 30 4.4586 36.228 25.627
220 2020 4 30 0 35.67 19.096
221 2020 4 30 8.7317 36.527 25.745
222 2020 4 30 2.9367 36.521 25.218
223 2020 4 30 0.80571 38.494 25.561
224 2020 4 30 2.3993 37.426 25.731
225 2020 4 30 0.93596 37.416 25.844
226 2020 4 30 7.2767 37.134 25.781
227 2020 4 30 0.45121 35.929 25.744
228 2020 4 30 0 35.093 19.19
229 2020 4 30 0 35.142 19.161
230 2020 4 30 0 35.003 19.256
231 2020 4 30 0 35.167 19.193
232 2020 4 30 0 34.925 19.331
233 2020 4 30 0 43.064 28.285
234 2020 4 30 0 42.836 28.472
235 2020 4 30 0 42.934 28.464
236 2020 4 30 0 43.091 28.462
237 2020 4 30 0 42.906 28.488
238 2020 4 30 0 43.073 28.419
239 2020 4 30 0.10826 40.641 26.089
240 2020 4 30 1.5705 38.358 25.872
241 2020 4 30 0.6856 40.132 26.24
242 2020 4 30 2.2329 37.983 25.908
243 2020 4 30 1.0468 38.089 25.971
244 2020 4 30 0.55339 39.244 25.982
245 2020 4 30 0.60962 40.012 25.928
246 2020 4 30 0.68496 39.349 26.145
247 2020 4 30 1.1172 39.948 25.708
248 2020 4 30 0.99861 40.611 25.74
249 2020 4 30 1.2203 40.292 25.502
250 2020 4 30 0.38781 40.51 25.788
251 2020 4 30 0.71931 40.056 25.436
252 2020 4 30 0.2298 40.175 25.67
0 2020 4 30 0 37.263 25.48
