1 2020 2 16 0 33.47 15.469
2 2020 2 16 0 33.216 15.47
3 2020 2 16 0 33.379 15.658
4 2020 2 16 0 33.79 15.119
5 2020 2 16 0 33.026 15.056
6 2020 2 16 0 33.297 15.493
7 2020 2 16 0 33.261 15.917
8 2020 2 16 0 33.893 14.98
9 2020 2 16 0 33.444 15.291
10 2020 2 16 0 33.436 15.082
11 2020 2 16 0 32.883 16.368
12 2020 2 16 0 32.998 16.339
13 2020 2 16 0 33.104 16.325
14 2020 2 16 0 33.344 16.324
15 2020 2 16 0 33.048 16.387
16 2020 2 16 0 33.107 16.397
17 2020 2 16 0 33.261 16.424
18 2020 2 16 0 32.947 16.436
19 2020 2 16 0 30.774 12.848
20 2020 2 16 0 33.256 13.475
21 2020 2 16 0 30.782 13.074
22 2020 2 16 0 30.853 12.836
23 2020 2 16 0 31.218 12.831
24 2020 2 16 0 32.473 13.279
25 2020 2 16 0 31.093 12.779
26 2020 2 16 0 32.196 13.055
27 2020 2 16 0 31.947 13.175
28 2020 2 16 0 31.123 12.915
29 2020 2 16 0 33.633 13.681
30 2020 2 16 0 32.915 13.856
31 2020 2 16 0 31.258 13.077
32 2020 2 16 0 33.955 14.314
33 2020 2 16 0 33.726 16.605
34 2020 2 16 0 33.542 16.249
35 2020 2 16 0 33.976 16.941
36 2020 2 16 0 33.844 16.701
37 2020 2 16 0 33.565 16.173
38 2020 2 16 0 33.755 17.023
39 2020 2 16 0 33.822 17.385
40 2020 2 16 0 33.66 16.305
41 2020 2 16 0 33.993 17.299
42 2020 2 16 0 33.034 16.478
43 2020 2 16 0 33.25 16.816
44 2020 2 16 0 33.116 16.762
45 2020 2 16 0 33.399 16.57
46 2020 2 16 0 33.031 16.643
47 2020 2 16 0 33.574 16.75
48 2020 2 16 0 33.697 16.71
49 2020 2 16 0 33.285 16.465
51 2020 2 16 0 33.365 15.544
52 2020 2 16 0 33.119 15.835
53 2020 2 16 0 33.527 15.353
54 2020 2 16 0 33.356 15.44
55 2020 2 16 0 30.232 16.058
56 2020 2 16 0 30.642 16.17
57 2020 2 16 0 29.979 16.276
58 2020 2 16 0 31.078 15.781
59 2020 2 16 0 30.179 16.288
60 2020 2 16 0 30.04 16.002
61 2020 2 16 0 30.974 16.511
62 2020 2 16 0 31.81 15.877
63 2020 2 16 0 31.291 16.334
64 2020 2 16 0 31.152 16.55
65 2020 2 16 0 31.727 16.028
66 2020 2 16 0 30.585 16.969
67 2020 2 16 0 31.029 16.662
68 2020 2 16 0 31.907 16.013
69 2020 2 16 0 31.051 16.619
70 2020 2 16 0 32.155 15.894
71 2020 2 16 0 30.78 15.901
72 2020 2 16 0 30.977 15.784
73 2020 2 16 0 31.979 15.057
74 2020 2 16 0 30.95 15.781
75 2020 2 16 0 31.16 15.667
76 2020 2 16 0 30.807 15.878
77 2020 2 16 0 30.758 15.922
78 2020 2 16 0 30.724 15.925
79 2020 2 16 0 30.814 15.869
80 2020 2 16 0 32.433 14.052
81 2020 2 16 0 33.305 16.004
82 2020 2 16 0 33.29 16.66
83 2020 2 16 0 33.117 16.266
84 2020 2 16 0 33.072 16.197
85 2020 2 16 0 32.971 16.227
86 2020 2 16 0 33.213 16.278
87 2020 2 16 0 33.152 16.006
88 2020 2 16 0 32.988 16.24
89 2020 2 16 0 33.09 16.483
90 2020 2 16 0 33.121 16.244
91 2020 2 16 0 33.483 15.038
92 2020 2 16 0 33.828 14.889
93 2020 2 16 0 33.797 15.187
94 2020 2 16 0 33.62 15.227
95 2020 2 16 0 31.655 13.651
96 2020 2 16 0 31.05 13.408
97 2020 2 16 0 32.275 13.845
98 2020 2 16 0 32.003 14.208
99 2020 2 16 0 32.818 15.015
100 2020 2 16 0 32.73 14.478
102 2020 2 16 0 33.775 17.524
103 2020 2 16 0 33.521 17.231
104 2020 2 16 0 33.558 17.21
105 2020 2 16 0 33.841 17.681
106 2020 2 16 0 33.387 17.081
107 2020 2 16 0 34.048 17.218
109 2020 2 16 0 33.724 17.571
110 2020 2 16 0 33.871 17.183
111 2020 2 16 0 33.727 17.417
112 2020 2 16 0 33.601 17.6
113 2020 2 16 0 33.118 16.836
114 2020 2 16 0 33.394 16.865
115 2020 2 16 0 32.988 16.844
116 2020 2 16 0 33.052 16.89
117 2020 2 16 0 33.151 16.843
118 2020 2 16 0 33.661 16.819
119 2020 2 16 0 33.643 16.897
120 2020 2 16 0 32.393 13.667
121 2020 2 16 0 33.118 14.278
122 2020 2 16 0 32.987 13.847
123 2020 2 16 0 33.357 13.505
124 2020 2 16 0 33.48 13.824
125 2020 2 16 0 33.827 14.34
126 2020 2 16 0 33.242 13.388
127 2020 2 16 0 31.689 12.984
128 2020 2 16 0 31.708 13.199
129 2020 2 16 0 30.352 16.618
130 2020 2 16 0 30.256 16.992
131 2020 2 16 0 30.229 16.657
132 2020 2 16 0 31.945 14.802
133 2020 2 16 0 30.643 16.55
134 2020 2 16 0 31.402 15.238
135 2020 2 16 0 30.263 16.401
136 2020 2 16 0 32.464 14.406
137 2020 2 16 0 31.139 15.967
138 2020 2 16 0 31.477 14.861
139 2020 2 16 0 30.904 15.71
140 2020 2 16 0 30.946 15.908
141 2020 2 16 0 30.272 16.53
142 2020 2 16 0 33.333 14.402
143 2020 2 16 0 32.521 15.286
144 2020 2 16 0 31.63 14.439
145 2020 2 16 0 30.655 13.428
146 2020 2 16 0 30.593 12.66
147 2020 2 16 0 33.124 15.638
148 2020 2 16 0 33.007 15.842
149 2020 2 16 0 30.994 13.91
150 2020 2 16 0 30.819 13.623
151 2020 2 16 0 33.881 16.735
152 2020 2 16 0 33.97 17.463
153 2020 2 16 0 33.808 16.632
154 2020 2 16 0 34.131 17.167
155 2020 2 16 0 33.848 17.572
156 2020 2 16 0 33.954 17.529
157 2020 2 16 0 34.084 17.314
158 2020 2 16 0 33.762 16.587
159 2020 2 16 0 34.147 17.183
160 2020 2 16 0 33.895 17.702
161 2020 2 16 0 33.324 14.605
162 2020 2 16 0 33.151 14.965
164 2020 2 16 0 32.898 14.603
165 2020 2 16 0 33.15 14.901
166 2020 2 16 0 33.019 15.091
167 2020 2 16 0 32.903 14.848
168 2020 2 16 0 33.264 14.8
169 2020 2 16 0 32.857 14.731
170 2020 2 16 0 33.105 14.869
171 2020 2 16 0 33.439 17.826
172 2020 2 16 0 33.426 18.018
173 2020 2 16 0 33.4 18.073
174 2020 2 16 0 33.098 16.529
175 2020 2 16 0 33.269 16.845
176 2020 2 16 0 33.154 16.705
177 2020 2 16 0 33.428 16.503
178 2020 2 16 0 33.241 16.291
179 2020 2 16 0 32.927 16.609
180 2020 2 16 0 33.429 16.856
181 2020 2 16 0 33.069 16.79
182 2020 2 16 0 33.654 17.294
183 2020 2 16 0 33.374 17.897
184 2020 2 16 0 32.932 17.907
185 2020 2 16 0 33.457 17.356
186 2020 2 16 0 33.129 17.035
187 2020 2 16 0 33.287 17.28
188 2020 2 16 0 33.918 17.814
189 2020 2 16 0 33.621 17.967
190 2020 2 16 0 33.667 17.911
191 2020 2 16 0 33.779 17.694
192 2020 2 16 0 33.576 17.952
195 2020 2 16 0 30.036 16.199
196 2020 2 16 0 30.263 16.177
197 2020 2 16 0 30.275 16.081
198 2020 2 16 0 30.441 16.088
199 2020 2 16 0 32.292 15.042
200 2020 2 16 0 31.998 15.167
201 2020 2 16 0 31.891 15.36
202 2020 2 16 0 31.656 15.43
203 2020 2 16 0 32.48 14.795
204 2020 2 16 0 33.168 16.288
205 2020 2 16 0 31.856 14.839
206 2020 2 16 0 33.06 16.117
207 2020 2 16 0 33.154 16.466
208 2020 2 16 0 32.754 16.082
209 2020 2 16 0 32.846 15.992
210 2020 2 16 0 33.024 16.849
211 2020 2 16 0 33.153 16.942
212 2020 2 16 0 33.079 16.9
213 2020 2 16 0 33.3 16.952
214 2020 2 16 0 33.396 17.086
215 2020 2 16 0 33.25 16.998
216 2020 2 16 0 32.96 15.334
217 2020 2 16 0 32.949 14.61
218 2020 2 16 0 32.543 15.561
219 2020 2 16 0 32.841 15.713
220 2020 2 16 0 33.194 15.768
221 2020 2 16 0 33.097 15.808
222 2020 2 16 0 32.303 15.236
223 2020 2 16 0 33.55 15.177
224 2020 2 16 0 33.474 15.684
225 2020 2 16 0 33.345 15.699
226 2020 2 16 0 33.353 15.773
227 2020 2 16 0 32.737 15.9
228 2020 2 16 0 32.568 15.849
229 2020 2 16 0 32.319 15.706
230 2020 2 16 0 32.241 15.766
231 2020 2 16 0 32.888 15.946
232 2020 2 16 0 32.045 15.763
233 2020 2 16 0 33.451 16.69
234 2020 2 16 0 33.269 16.57
235 2020 2 16 0 33.23 16.573
236 2020 2 16 0 33.566 16.815
237 2020 2 16 0 33.497 16.672
238 2020 2 16 0 33.36 16.646
239 2020 2 16 0 33.559 15.068
240 2020 2 16 0 33.732 15.495
241 2020 2 16 0 33.786 15.202
242 2020 2 16 0 33.632 15.582
243 2020 2 16 0 33.631 15.424
244 2020 2 16 0 33.878 15.163
245 2020 2 16 0 33.808 14.902
246 2020 2 16 0 33.864 15.132
247 2020 2 16 0 33.689 14.816
248 2020 2 16 0 33.488 14.677
249 2020 2 16 0 33.521 14.588
250 2020 2 16 0 33.253 14.768
251 2020 2 16 0 33.724 14.555
252 2020 2 16 0 33.295 14.786
0 2020 2 16 0 32.124 14.762
