1 2020 2 17 0 34.616 16.989
2 2020 2 17 0 34.403 17.549
3 2020 2 17 0 34.552 17.268
4 2020 2 17 0 34.822 16.786
5 2020 2 17 0 34.141 17.392
6 2020 2 17 0 34.521 18.073
7 2020 2 17 0 34.587 18.059
8 2020 2 17 0 34.882 16.701
9 2020 2 17 0 34.569 17.124
10 2020 2 17 0 34.477 17.112
11 2020 2 17 0 34.127 18.513
12 2020 2 17 0 34.223 18.707
13 2020 2 17 0 34.384 18.747
14 2020 2 17 0 34.738 18.81
15 2020 2 17 0 34.394 18.665
16 2020 2 17 0 34.49 18.643
17 2020 2 17 0 34.716 18.76
18 2020 2 17 0 34.111 18.442
19 2020 2 17 0 32.562 12.813
20 2020 2 17 0 34.452 14.921
21 2020 2 17 0 32.567 13.217
22 2020 2 17 0 32.632 12.825
23 2020 2 17 0 32.937 13.264
24 2020 2 17 0 33.837 14.343
25 2020 2 17 0 32.93 12.95
26 2020 2 17 0 33.597 14.251
27 2020 2 17 0 33.479 13.843
28 2020 2 17 0 32.964 13.331
29 2020 2 17 0 34.763 15.289
30 2020 2 17 0 34.188 14.634
31 2020 2 17 0 33.178 13.707
32 2020 2 17 0 34.918 15.59
33 2020 2 17 0 34.829 19.226
34 2020 2 17 0 34.698 19.036
35 2020 2 17 0 35.054 19.451
36 2020 2 17 0 34.924 19.145
37 2020 2 17 0 34.84 18.93
38 2020 2 17 0 34.758 19.369
39 2020 2 17 0 34.732 19.542
40 2020 2 17 0 34.818 18.928
41 2020 2 17 0 34.971 19.625
42 2020 2 17 0 34.216 18.252
43 2020 2 17 0 34.272 18.771
44 2020 2 17 0 34.163 18.711
45 2020 2 17 0 34.592 17.942
46 2020 2 17 0 34.14 18.517
47 2020 2 17 0 34.654 18.586
48 2020 2 17 0 34.819 18.35
49 2020 2 17 0 34.491 18.124
51 2020 2 17 0 34.603 17.034
52 2020 2 17 0 34.397 17.331
53 2020 2 17 0 34.708 16.87
54 2020 2 17 0 34.716 16.874
55 2020 2 17 0 33.04 17.485
56 2020 2 17 0 32.963 17.286
57 2020 2 17 0 33.294 17.708
58 2020 2 17 0 33.142 17.177
59 2020 2 17 0 33.086 17.372
60 2020 2 17 0 33.252 17.575
61 2020 2 17 0 33.86 17.8
62 2020 2 17 0 34.102 17.647
63 2020 2 17 0 34.025 17.727
64 2020 2 17 0 33.899 17.855
65 2020 2 17 0 34.35 17.272
66 2020 2 17 0 33.424 18.305
67 2020 2 17 0 33.793 17.979
68 2020 2 17 0 34.269 17.434
69 2020 2 17 0 33.863 17.947
70 2020 2 17 0 34.135 17.68
71 2020 2 17 0 33.581 17.727
72 2020 2 17 0 33.572 17.608
73 2020 2 17 0 33.512 16.884
74 2020 2 17 0 33.6 17.622
75 2020 2 17 0 33.55 17.49
76 2020 2 17 0 33.595 17.712
77 2020 2 17 0 33.568 17.74
78 2020 2 17 0 33.533 17.729
79 2020 2 17 0 33.6 17.705
80 2020 2 17 0 33.822 15.869
81 2020 2 17 0 34.595 17.93
82 2020 2 17 0 34.36 18.452
83 2020 2 17 0 34.267 17.826
84 2020 2 17 0 34.176 17.852
85 2020 2 17 0 34.124 18.044
86 2020 2 17 0 34.584 18.425
87 2020 2 17 0 34.336 17.774
88 2020 2 17 0 34.22 18.228
89 2020 2 17 0 34.199 18.332
90 2020 2 17 0 34.433 18.328
91 2020 2 17 0 34.669 16.468
92 2020 2 17 0 34.879 16.343
93 2020 2 17 0 34.864 16.726
94 2020 2 17 0 34.718 16.862
95 2020 2 17 0 33.482 14.479
96 2020 2 17 0 32.949 13.956
97 2020 2 17 0 33.886 14.917
98 2020 2 17 0 33.725 15.145
99 2020 2 17 0 34.368 16.248
100 2020 2 17 0 34.208 15.685
102 2020 2 17 0 34.657 19.532
103 2020 2 17 0 34.445 19.147
104 2020 2 17 0 34.48 19.21
105 2020 2 17 0 34.76 19.646
106 2020 2 17 0 34.326 18.976
107 2020 2 17 0 35.168 19.562
109 2020 2 17 0 35.005 19.569
110 2020 2 17 0 35.007 19.315
111 2020 2 17 0 34.972 19.539
112 2020 2 17 0 34.917 19.421
113 2020 2 17 0 34.126 18.821
114 2020 2 17 0 34.428 18.728
115 2020 2 17 0 33.981 18.873
116 2020 2 17 0 34.03 18.896
117 2020 2 17 0 34.169 18.801
118 2020 2 17 0 34.731 18.598
119 2020 2 17 0 34.696 18.662
120 2020 2 17 0 33.821 14.815
121 2020 2 17 0 34.352 15.581
122 2020 2 17 0 34.198 15.212
123 2020 2 17 0 34.551 15.281
124 2020 2 17 0 34.632 15.652
125 2020 2 17 0 34.888 16.163
126 2020 2 17 0 34.522 15.25
127 2020 2 17 0 33.26 13.977
128 2020 2 17 0 33.449 14.134
129 2020 2 17 0 33.584 18.166
130 2020 2 17 0 33.222 18.386
131 2020 2 17 0 33.448 18.177
132 2020 2 17 0 34.403 16.138
133 2020 2 17 0 33.58 17.773
134 2020 2 17 0 34.484 16.609
135 2020 2 17 0 33.28 17.449
136 2020 2 17 0 35.266 16.029
137 2020 2 17 0 33.944 17.327
138 2020 2 17 0 34.818 16.132
139 2020 2 17 0 33.683 16.803
140 2020 2 17 0 33.25 17.005
141 2020 2 17 0 33.352 17.812
142 2020 2 17 0 35.184 16.358
143 2020 2 17 0 34.265 16.37
144 2020 2 17 0 33.422 15.216
145 2020 2 17 0 32.433 13.722
146 2020 2 17 0 32.263 12.501
147 2020 2 17 0 34.71 17.025
148 2020 2 17 0 34.579 17.204
149 2020 2 17 0 32.82 14.448
150 2020 2 17 0 32.521 14.278
151 2020 2 17 0 34.945 19.153
152 2020 2 17 0 35.124 19.757
153 2020 2 17 0 34.868 19.034
154 2020 2 17 0 35.211 19.619
155 2020 2 17 0 35.097 19.765
156 2020 2 17 0 35.028 19.77
157 2020 2 17 0 35.114 19.682
158 2020 2 17 0 34.827 18.979
159 2020 2 17 0 35.232 19.641
160 2020 2 17 0 34.828 19.795
161 2020 2 17 0 34.63 16.449
162 2020 2 17 0 34.238 17.193
164 2020 2 17 0 34.161 16.269
165 2020 2 17 0 34.251 16.965
166 2020 2 17 0 34.105 17.249
167 2020 2 17 0 34.088 16.661
168 2020 2 17 0 34.485 16.9
169 2020 2 17 0 34.098 16.45
170 2020 2 17 0 34.225 16.898
171 2020 2 17 0 34.847 19.6
172 2020 2 17 0 34.876 19.83
173 2020 2 17 0 34.881 19.899
174 2020 2 17 0 34.221 18.816
175 2020 2 17 0 34.269 18.928
176 2020 2 17 0 34.222 18.627
177 2020 2 17 0 34.507 19.024
178 2020 2 17 0 34.42 18.866
179 2020 2 17 0 34.046 18.714
180 2020 2 17 0 34.422 19.025
181 2020 2 17 0 34.095 18.864
182 2020 2 17 0 34.856 19.119
183 2020 2 17 0 34.876 19.613
184 2020 2 17 0 34.942 19.347
185 2020 2 17 0 34.784 18.971
186 2020 2 17 0 34.576 18.732
187 2020 2 17 0 34.82 18.873
188 2020 2 17 0 34.815 19.642
189 2020 2 17 0 34.852 19.911
190 2020 2 17 0 34.832 19.823
191 2020 2 17 0 35.051 19.84
192 2020 2 17 0 34.949 19.932
195 2020 2 17 0 33.471 17.791
196 2020 2 17 0 33.625 17.867
197 2020 2 17 0 33.485 17.767
198 2020 2 17 0 33.585 17.826
199 2020 2 17 0 33.52 16.546
200 2020 2 17 0 33.26 16.764
201 2020 2 17 0 33.27 16.842
202 2020 2 17 0 33.415 16.737
203 2020 2 17 0 33.913 16.282
204 2020 2 17 0 34.449 17.699
205 2020 2 17 0 33.464 15.636
206 2020 2 17 0 34.509 17.353
207 2020 2 17 0 34.433 17.472
208 2020 2 17 0 34.093 16.797
209 2020 2 17 0 34.335 16.905
210 2020 2 17 0 34.014 18.868
211 2020 2 17 0 34.118 18.914
212 2020 2 17 0 34.053 18.901
213 2020 2 17 0 34.26 18.894
214 2020 2 17 0 34.335 18.983
215 2020 2 17 0 34.205 18.932
216 2020 2 17 0 34.591 17.587
217 2020 2 17 0 35.264 16.511
218 2020 2 17 0 34.065 17.816
219 2020 2 17 0 34.123 17.897
220 2020 2 17 0 34.161 17.69
221 2020 2 17 0 34.217 17.813
222 2020 2 17 0 34.47 17.228
223 2020 2 17 0 35.074 17.425
224 2020 2 17 0 34.817 18.035
225 2020 2 17 0 34.368 17.612
226 2020 2 17 0 34.554 17.931
227 2020 2 17 0 34.036 17.785
228 2020 2 17 0 34.205 17.465
229 2020 2 17 0 34.488 17.021
230 2020 2 17 0 34.451 17.111
231 2020 2 17 0 33.971 17.864
232 2020 2 17 0 34.544 16.962
233 2020 2 17 0 34.535 18.317
234 2020 2 17 0 34.486 17.628
235 2020 2 17 0 34.452 17.589
236 2020 2 17 0 34.676 18.307
237 2020 2 17 0 34.657 18.029
238 2020 2 17 0 34.54 17.94
239 2020 2 17 0 34.634 17.844
240 2020 2 17 0 34.934 17.925
241 2020 2 17 0 34.774 17.801
242 2020 2 17 0 34.696 17.871
243 2020 2 17 0 34.429 17.713
244 2020 2 17 0 34.907 17.701
245 2020 2 17 0 34.871 17.53
246 2020 2 17 0 34.637 17.67
247 2020 2 17 0 34.947 17.32
248 2020 2 17 0 34.67 17.357
249 2020 2 17 0 34.848 16.893
250 2020 2 17 0 34.397 17.321
251 2020 2 17 0 35.223 16.809
252 2020 2 17 0 34.483 17.11
0 2020 2 17 0.13302 33.865 16.594
