1 2020 4 19 0 39.156 24.924
2 2020 4 19 0 38.889 25.038
3 2020 4 19 0 39.257 25.214
4 2020 4 19 0 38.671 24.328
5 2020 4 19 0 38.828 25.078
6 2020 4 19 0 39.109 25.541
7 2020 4 19 0 39.359 25.582
8 2020 4 19 0 38.497 24.151
9 2020 4 19 0 38.76 24.609
10 2020 4 19 0 38.327 24.296
11 2020 4 19 0 39.222 26.28
12 2020 4 19 0 38.935 26.329
13 2020 4 19 0 39.06 26.273
14 2020 4 19 0 39.398 26.138
15 2020 4 19 0 39.382 26.226
16 2020 4 19 0 39.521 26.178
17 2020 4 19 0 39.675 26.147
18 2020 4 19 0 39.225 26.344
19 2020 4 19 0 37.41 23.505
20 2020 4 19 0 37.345 23.648
21 2020 4 19 0 37.421 23.538
22 2020 4 19 0 37.065 23.37
23 2020 4 19 0 36.526 22.93
24 2020 4 19 0 36.885 23.28
25 2020 4 19 0 36.665 23.175
26 2020 4 19 0 36.6 22.97
27 2020 4 19 0.15878 36.671 23.139
28 2020 4 19 0 37.266 23.208
29 2020 4 19 0 37.593 23.873
30 2020 4 19 0.3917 37.442 23.775
31 2020 4 19 0 37.546 23.234
32 2020 4 19 0 38.031 24.243
33 2020 4 19 0 38.107 26.478
34 2020 4 19 0 38.34 26.344
35 2020 4 19 0 37.92 26.584
36 2020 4 19 0 37.761 26.251
37 2020 4 19 0 38.823 26.138
38 2020 4 19 0 38.058 26.67
39 2020 4 19 0 37.863 26.752
40 2020 4 19 0 38.156 26.073
41 2020 4 19 0 37.803 26.727
42 2020 4 19 0 38.711 26.288
43 2020 4 19 0 39.015 26.667
44 2020 4 19 0 38.91 26.598
45 2020 4 19 0 38.944 26.096
46 2020 4 19 0 38.78 26.448
47 2020 4 19 0 39.033 26.604
48 2020 4 19 0 39.053 26.449
49 2020 4 19 0 38.821 26.253
51 2020 4 19 0 39.181 25.082
52 2020 4 19 0 39.33 25.618
53 2020 4 19 0 39.055 24.729
54 2020 4 19 0 39.102 24.932
55 2020 4 19 0 33.645 24.248
56 2020 4 19 0 34.526 24.16
57 2020 4 19 0 33.843 24.346
58 2020 4 19 0 34.649 24.046
59 2020 4 19 0 34.312 24.226
60 2020 4 19 0 33.555 24.331
61 2020 4 19 0 33.288 20.379
62 2020 4 19 0 35.723 24.107
63 2020 4 19 0 34.97 24.143
64 2020 4 19 0 33.684 20.256
65 2020 4 19 0 34.462 19.683
66 2020 4 19 0 32.942 20.678
67 2020 4 19 0 33.525 20.37
68 2020 4 19 0 34.471 19.63
69 2020 4 19 0 33.508 20.386
70 2020 4 19 0 34.34 19.494
71 2020 4 19 0 32.044 20.16
72 2020 4 19 0 33.868 24.152
73 2020 4 19 0 35.162 23.781
74 2020 4 19 0 33.791 24.167
75 2020 4 19 0 34.077 24.094
76 2020 4 19 0 33.624 24.213
77 2020 4 19 0 32.019 20.175
78 2020 4 19 0 31.944 20.159
79 2020 4 19 0 33.631 24.21
80 2020 4 19 0.2432 36.086 23.444
81 2020 4 19 0 39.427 25.632
82 2020 4 19 0 39.245 26.443
83 2020 4 19 0 39.406 26.139
84 2020 4 19 0 39.424 26.115
85 2020 4 19 0 39.384 26.168
86 2020 4 19 0 39.547 25.991
87 2020 4 19 0 39.379 25.782
88 2020 4 19 0 39.359 26.118
89 2020 4 19 0 39.279 26.359
90 2020 4 19 0 39.443 26.015
91 2020 4 19 0 38.827 24.422
92 2020 4 19 0 38.582 24.142
93 2020 4 19 0 38.87 24.451
94 2020 4 19 0 38.832 24.505
95 2020 4 19 0 37.914 23.616
96 2020 4 19 0 37.598 23.533
97 2020 4 19 0 37.998 23.611
98 2020 4 19 0 38.212 24.065
99 2020 4 19 0 38.777 24.659
100 2020 4 19 0 38.502 24.117
102 2020 4 19 0 38.032 26.82
103 2020 4 19 0 38.495 26.795
104 2020 4 19 0 38.306 26.767
105 2020 4 19 0 38.157 26.908
106 2020 4 19 0 38.628 26.774
107 2020 4 19 0 35.787 20.717
109 2020 4 19 0 35.057 20.918
110 2020 4 19 0 35.421 20.599
111 2020 4 19 0 37.794 26.56
112 2020 4 19 0 34.752 20.876
113 2020 4 19 0 39.004 26.68
114 2020 4 19 0 39.102 26.612
115 2020 4 19 0 38.935 26.711
116 2020 4 19 0 38.879 26.723
117 2020 4 19 0 39.04 26.654
118 2020 4 19 0 39.098 26.588
119 2020 4 19 0 39.149 26.574
120 2020 4 19 0 37.383 23.307
121 2020 4 19 0 37.972 23.721
122 2020 4 19 0 37.422 23.399
123 2020 4 19 0 37.472 23.596
124 2020 4 19 0 37.747 23.653
125 2020 4 19 0 38.207 23.872
126 2020 4 19 0.12967 37.27 23.513
127 2020 4 19 0 36.605 22.808
128 2020 4 19 0 37.318 23.102
129 2020 4 19 0 32.38 20.597
130 2020 4 19 0 32.47 20.759
131 2020 4 19 0 32.255 20.626
132 2020 4 19 0 37.326 23.668
133 2020 4 19 0 32.786 20.44
134 2020 4 19 0 36.58 23.787
135 2020 4 19 0 34.914 24.112
136 2020 4 19 0 38.421 23.554
137 2020 4 19 0 35.428 24.054
138 2020 4 19 0 37.139 23.606
139 2020 4 19 0 35.721 23.951
140 2020 4 19 0 35.325 24.06
141 2020 4 19 0 32.249 20.493
142 2020 4 19 0 39.284 23.731
143 2020 4 19 0 38.772 25.009
144 2020 4 19 0 38.142 24.385
145 2020 4 19 0 37.441 23.762
146 2020 4 19 0 37.241 23.457
147 2020 4 19 0 39.174 25.291
148 2020 4 19 0 39.233 25.577
149 2020 4 19 0 37.708 23.995
150 2020 4 19 0 37.599 23.971
151 2020 4 19 0 37.675 26.228
152 2020 4 19 0 37.429 26.802
153 2020 4 19 0 37.63 26.113
154 2020 4 19 0 37.789 26.675
155 2020 4 19 0 37.348 26.819
156 2020 4 19 0 37.448 26.805
157 2020 4 19 0 37.725 26.729
158 2020 4 19 0 37.63 26.073
159 2020 4 19 0 37.774 26.687
160 2020 4 19 0 37.506 26.832
161 2020 4 19 0 38.234 23.876
162 2020 4 19 0 38.464 24.519
164 2020 4 19 0 37.929 23.769
165 2020 4 19 0 38.147 24.164
166 2020 4 19 0 38.486 24.738
167 2020 4 19 0 37.808 23.917
168 2020 4 19 0 38.347 24.01
169 2020 4 19 0 37.864 23.837
170 2020 4 19 0 38.165 24.163
171 2020 4 19 0 34.54 21.016
172 2020 4 19 0 36.485 27.08
173 2020 4 19 0 34.508 21.319
174 2020 4 19 0 38.811 26.486
175 2020 4 19 0 38.674 26.683
176 2020 4 19 0 39.143 26.521
177 2020 4 19 0 38.376 26.522
178 2020 4 19 0 38.646 26.367
179 2020 4 19 0 39.07 26.505
180 2020 4 19 0 38.473 26.675
181 2020 4 19 0 38.862 26.656
182 2020 4 19 0 34.867 20.58
183 2020 4 19 0 34.438 21.155
184 2020 4 19 0 34.139 21.277
185 2020 4 19 0 34.496 20.579
186 2020 4 19 0 34.499 20.366
187 2020 4 19 0 34.458 20.561
188 2020 4 19 0 38.414 27.119
189 2020 4 19 0 36.97 26.975
190 2020 4 19 0 37.387 26.996
191 2020 4 19 0 37.085 26.891
192 2020 4 19 0 36.881 26.946
195 2020 4 19 0 31.7 20.395
196 2020 4 19 0 31.762 20.362
197 2020 4 19 0 31.63 20.275
198 2020 4 19 0 31.825 20.295
199 2020 4 19 0 36.905 23.869
200 2020 4 19 0 35.843 23.85
201 2020 4 19 0 35.999 23.921
202 2020 4 19 0 36.068 23.934
203 2020 4 19 0 37.475 23.772
204 2020 4 19 0 39.248 25.953
205 2020 4 19 0 38.258 24.641
206 2020 4 19 0 39.146 25.664
207 2020 4 19 0 38.974 25.664
208 2020 4 19 0 38.7 25.219
209 2020 4 19 0 38.874 25.305
210 2020 4 19 0 38.867 26.665
211 2020 4 19 0 38.811 26.733
212 2020 4 19 0 38.865 26.715
213 2020 4 19 0 38.693 26.672
214 2020 4 19 0 38.656 26.764
215 2020 4 19 0 38.738 26.756
216 2020 4 19 0 37.245 24.096
217 2020 4 19 0 38.638 23.726
218 2020 4 19 0 36.501 24.113
219 2020 4 19 0 36.444 24.083
220 2020 4 19 0 35.67 19.096
221 2020 4 19 0 36.546 23.935
222 2020 4 19 0 36.774 23.965
223 2020 4 19 0 38.4 24.073
224 2020 4 19 0 37.511 24.26
225 2020 4 19 0 37.149 23.839
226 2020 4 19 0.17187 37.132 24.084
227 2020 4 19 0 35.99 23.881
228 2020 4 19 0 35.093 19.19
229 2020 4 19 0 35.142 19.161
230 2020 4 19 0 35.003 19.256
231 2020 4 19 0 35.167 19.193
232 2020 4 19 0 34.925 19.331
233 2020 4 19 0 39.265 26.36
234 2020 4 19 0 38.943 25.793
235 2020 4 19 0 38.943 25.743
236 2020 4 19 0 39.106 26.286
237 2020 4 19 0 39.017 26.138
238 2020 4 19 0 39.078 26.016
239 2020 4 19 0 38.809 25.067
240 2020 4 19 0 37.939 24.226
241 2020 4 19 0 38.359 24.621
242 2020 4 19 0.33146 37.557 24.086
243 2020 4 19 0.25871 37.381 23.962
244 2020 4 19 0 38.224 24.129
245 2020 4 19 0 38.695 24.33
246 2020 4 19 0 37.933 24.143
247 2020 4 19 0 39.023 24.348
248 2020 4 19 0 39.218 24.782
249 2020 4 19 0 39.309 24.238
250 2020 4 19 0 39.049 24.911
251 2020 4 19 0 39.578 24.021
252 2020 4 19 0 38.915 24.526
0 2020 4 19 0.13647 35.861 23.734
