1 2020 5 27 0 42.602 27.636
2 2020 5 27 0 41.4 27.286
3 2020 5 27 0 42.774 27.597
4 2020 5 27 0 41.163 27.444
5 2020 5 27 0 40.827 26.899
6 2020 5 27 0 41.205 26.842
7 2020 5 27 0 42.214 27.3
8 2020 5 27 0 40.633 27.354
9 2020 5 27 0 41.409 27.474
10 2020 5 27 0 40.305 27.336
11 2020 5 27 0 43.267 27.543
12 2020 5 27 0 42.761 27.451
13 2020 5 27 0 42.64 27.355
14 2020 5 27 0 42.359 27.193
15 2020 5 27 0 43.003 27.409
16 2020 5 27 0 43.005 27.399
17 2020 5 27 0 42.754 27.299
18 2020 5 27 0 43.317 27.684
19 2020 5 27 0 41.825 26.338
20 2020 5 27 0 39.87 27.248
21 2020 5 27 0 41.514 26.248
22 2020 5 27 0 41.593 26.344
23 2020 5 27 0 40.734 26.11
24 2020 5 27 0 40.12 26.712
25 2020 5 27 0 41.384 26.273
26 2020 5 27 0 39.566 26.437
27 2020 5 27 0 40.621 26.443
28 2020 5 27 0 41.568 26.145
29 2020 5 27 0 39.801 27.626
30 2020 5 27 0 41.296 27.02
31 2020 5 27 0 41.803 26.067
32 2020 5 27 0 41.068 27.642
33 2020 5 27 0 40.475 27.268
34 2020 5 27 0 41.183 27.144
35 2020 5 27 0 39.686 27.315
36 2020 5 27 0 39.479 27.212
37 2020 5 27 0 41.552 27.032
38 2020 5 27 0 40.424 27.578
39 2020 5 27 0 40.073 27.745
40 2020 5 27 0 40.39 27.066
41 2020 5 27 0 39.608 27.535
42 2020 5 27 0 42.506 27.947
43 2020 5 27 0 43.002 28.241
44 2020 5 27 0 42.857 28.115
45 2020 5 27 0 42.975 28.212
46 2020 5 27 0 42.628 27.97
47 2020 5 27 0 42.832 28.32
48 2020 5 27 0 42.868 28.344
49 2020 5 27 0 42.628 28.147
51 2020 5 27 0 42.796 27.669
52 2020 5 27 0 43.315 27.667
53 2020 5 27 0 42.36 27.646
54 2020 5 27 0 42.724 27.71
55 2020 5 27 0 35.209 27.839
56 2020 5 27 0 36.307 27.757
57 2020 5 27 0 34.926 27.954
58 2020 5 27 0 36.352 27.821
59 2020 5 27 0 35.66 27.869
60 2020 5 27 0 34.758 27.93
61 2020 5 27 0 33.288 20.379
62 2020 5 27 0 35.867 27.448
63 2020 5 27 0 35.302 27.664
64 2020 5 27 0 33.684 20.256
65 2020 5 27 0 34.462 19.683
66 2020 5 27 0 32.942 20.678
67 2020 5 27 0 33.525 20.37
68 2020 5 27 0 34.471 19.63
69 2020 5 27 0 33.508 20.386
70 2020 5 27 0 34.34 19.494
71 2020 5 27 0 32.044 20.16
72 2020 5 27 0 35.371 27.981
73 2020 5 27 0 36.708 27.98
74 2020 5 27 0 35.283 27.979
75 2020 5 27 0 35.596 27.988
76 2020 5 27 0 35.106 27.98
77 2020 5 27 0 32.019 20.175
78 2020 5 27 0 31.944 20.159
79 2020 5 27 0 35.115 27.978
80 2020 5 27 0 37.415 27.798
81 2020 5 27 0 42.81 27.483
82 2020 5 27 0 43.216 27.96
83 2020 5 27 0 43.523 27.733
84 2020 5 27 0 43.499 27.639
85 2020 5 27 0 43.473 27.568
86 2020 5 27 0 42.906 27.408
87 2020 5 27 0 43.159 27.544
88 2020 5 27 0 43.282 27.509
89 2020 5 27 0 43.339 27.783
90 2020 5 27 0 43.039 27.456
91 2020 5 27 0 42.034 27.436
92 2020 5 27 0 41.239 27.306
93 2020 5 27 0 41.714 27.523
94 2020 5 27 0 41.679 27.542
95 2020 5 27 0 41.984 26.392
96 2020 5 27 0 41.657 26.211
97 2020 5 27 0 41.781 26.576
98 2020 5 27 0 42.141 26.794
99 2020 5 27 0 42.57 27.404
100 2020 5 27 0 42.187 27.026
102 2020 5 27 0 40.364 28.006
103 2020 5 27 0 41.425 28.148
104 2020 5 27 0 41.138 27.988
105 2020 5 27 0 40.29 28.212
106 2020 5 27 0 41.86 28.144
107 2020 5 27 0 35.787 20.717
109 2020 5 27 0 35.057 20.918
110 2020 5 27 0 35.421 20.599
111 2020 5 27 0 39.199 27.304
112 2020 5 27 0 34.752 20.876
113 2020 5 27 0 43.056 28.189
114 2020 5 27 0 43.017 28.199
115 2020 5 27 0 42.973 28.134
116 2020 5 27 0 42.781 28.15
117 2020 5 27 0 43.074 28.153
118 2020 5 27 0 42.897 28.329
119 2020 5 27 0 42.945 28.26
120 2020 5 27 0 40.655 26.495
121 2020 5 27 0 40.926 26.902
122 2020 5 27 0 40.066 26.763
123 2020 5 27 0 39.487 27.268
124 2020 5 27 0 39.749 27.2
125 2020 5 27 0 40.184 27.297
126 2020 5 27 0 38.807 27.536
127 2020 5 27 0 40.061 26.07
128 2020 5 27 0 41.188 26.136
129 2020 5 27 0 32.38 20.597
130 2020 5 27 0 32.47 20.759
131 2020 5 27 0 32.255 20.626
132 2020 5 27 0 38.229 27.226
133 2020 5 27 0 32.786 20.44
134 2020 5 27 0 36.943 27.325
135 2020 5 27 0 35.812 27.783
136 2020 5 27 0 38.677 26.985
137 2020 5 27 0 35.904 27.589
138 2020 5 27 0 37.494 27.201
139 2020 5 27 0 36.854 27.569
140 2020 5 27 0 36.923 27.621
141 2020 5 27 0 32.249 20.493
142 2020 5 27 0 39.97 26.985
143 2020 5 27 0 42.887 27.544
144 2020 5 27 0 42.098 26.927
145 2020 5 27 0 41.27 26.339
146 2020 5 27 0 41.279 26.254
147 2020 5 27 0 43.167 27.803
148 2020 5 27 0 43.426 27.808
149 2020 5 27 0 41.555 26.526
150 2020 5 27 0 41.408 26.497
151 2020 5 27 0 39.279 27.219
152 2020 5 27 0 38.842 27.542
153 2020 5 27 0 39.294 27.19
154 2020 5 27 0 39.183 27.358
155 2020 5 27 0 38.72 27.557
156 2020 5 27 0 39.002 27.6
157 2020 5 27 0 39.243 27.46
158 2020 5 27 0 39.342 27.178
159 2020 5 27 0 39.135 27.362
160 2020 5 27 0 39.352 27.813
161 2020 5 27 0 39.728 27.241
162 2020 5 27 0 40.222 27.106
164 2020 5 27 0 39.334 27.239
165 2020 5 27 0 39.767 27.226
166 2020 5 27 0 40.534 27.131
167 2020 5 27 0 39.261 27.264
168 2020 5 27 0 39.699 27.191
169 2020 5 27 0 39.272 27.241
170 2020 5 27 0 39.788 27.21
171 2020 5 27 0 34.54 21.016
172 2020 5 27 0 37.925 28.02
173 2020 5 27 0 34.508 21.319
174 2020 5 27 0 42.522 27.661
175 2020 5 27 0 42.124 27.958
176 2020 5 27 0 43.165 27.989
177 2020 5 27 0 41.488 27.47
178 2020 5 27 0 42.071 27.334
179 2020 5 27 0 43.153 27.849
180 2020 5 27 0 41.601 27.842
181 2020 5 27 0 42.689 27.998
182 2020 5 27 0 34.867 20.58
183 2020 5 27 0 34.438 21.155
184 2020 5 27 0.11453 34.139 21.277
185 2020 5 27 0 34.496 20.579
186 2020 5 27 0 34.499 20.366
187 2020 5 27 0 34.458 20.561
188 2020 5 27 0 40.838 28.394
189 2020 5 27 0 38.621 27.958
190 2020 5 27 0 39.174 28.14
191 2020 5 27 0 38.507 27.688
192 2020 5 27 0 38.365 27.801
195 2020 5 27 0 31.7 20.395
196 2020 5 27 0 31.762 20.362
197 2020 5 27 0 31.63 20.275
198 2020 5 27 0 31.825 20.295
199 2020 5 27 0.16684 38.344 27.385
200 2020 5 27 0.22326 37.356 27.708
201 2020 5 27 0.11664 37.553 27.615
202 2020 5 27 0 37.679 27.527
203 2020 5 27 0 38.859 27.278
204 2020 5 27 0 43.39 27.868
205 2020 5 27 0 42.365 27.165
206 2020 5 27 0 43.402 27.873
207 2020 5 27 0 43.295 27.97
208 2020 5 27 0 43.155 27.76
209 2020 5 27 0 43.253 27.808
210 2020 5 27 0 42.77 28.094
211 2020 5 27 0 42.516 28.152
212 2020 5 27 0 42.72 28.155
213 2020 5 27 0 42.057 28.095
214 2020 5 27 0 41.875 28.169
215 2020 5 27 0 42.246 28.149
216 2020 5 27 0 37.188 27.143
217 2020 5 27 0 38.786 26.978
218 2020 5 27 0 36.439 27.215
219 2020 5 27 0 36.396 27.281
220 2020 5 27 0 35.67 19.096
221 2020 5 27 0 36.544 27.282
222 2020 5 27 0 36.767 27.196
223 2020 5 27 0 38.499 27.039
224 2020 5 27 0 37.397 27.154
225 2020 5 27 0 37.198 27.107
226 2020 5 27 0 37.06 27.183
227 2020 5 27 0 36.025 27.405
228 2020 5 27 0 35.093 19.19
229 2020 5 27 0 35.142 19.161
230 2020 5 27 0 35.003 19.256
231 2020 5 27 0 35.167 19.193
232 2020 5 27 0 34.925 19.331
233 2020 5 27 0 43.191 28.023
234 2020 5 27 0 43.199 28.065
235 2020 5 27 0 43.231 28.03
236 2020 5 27 0 43.033 28.182
237 2020 5 27 0 43.046 28.201
238 2020 5 27 0 43.182 28.053
239 2020 5 27 0 40.085 26.575
240 2020 5 27 0 37.998 27.006
241 2020 5 27 0 39.413 26.725
242 2020 5 27 0 37.607 27.027
243 2020 5 27 0 37.578 26.934
244 2020 5 27 0 38.515 26.818
245 2020 5 27 0 39.273 26.671
246 2020 5 27 0 38.516 26.758
247 2020 5 27 0 39.605 26.735
248 2020 5 27 0 40.212 26.546
249 2020 5 27 0 40.368 26.879
250 2020 5 27 0 40.474 26.672
251 2020 5 27 0 40.113 26.846
252 2020 5 27 0 40.366 26.922
0 2020 5 27 0 37.278 27.819
