1 2020 3 31 0 36.845 21.272
2 2020 3 31 0 36.225 21.227
3 2020 3 31 0 36.93 21.465
4 2020 3 31 0 36.314 21.061
5 2020 3 31 0 35.792 21.033
6 2020 3 31 0 36.15 21.281
7 2020 3 31 0 36.723 21.557
8 2020 3 31 0 36.122 21.061
9 2020 3 31 0 36.272 20.997
10 2020 3 31 0 35.751 20.837
11 2020 3 31 0 36.863 21.878
12 2020 3 31 0 36.636 21.841
13 2020 3 31 0 36.682 21.854
14 2020 3 31 0 36.826 21.862
15 2020 3 31 0 36.908 21.864
16 2020 3 31 0 37.004 21.866
17 2020 3 31 0 37.066 21.878
18 2020 3 31 0 36.994 21.975
19 2020 3 31 0 34.943 18.684
20 2020 3 31 0 35.213 20.568
21 2020 3 31 0 35.122 18.78
22 2020 3 31 0 34.693 18.791
23 2020 3 31 0 34.576 18.906
24 2020 3 31 0 34.961 19.889
25 2020 3 31 0 34.473 18.928
26 2020 3 31 0 34.745 19.643
27 2020 3 31 0 34.784 19.462
28 2020 3 31 0 35.151 18.803
29 2020 3 31 0 35.337 20.874
30 2020 3 31 0 35.483 20.189
31 2020 3 31 0 35.551 18.851
32 2020 3 31 0 35.966 20.997
33 2020 3 31 0 36.136 22.029
34 2020 3 31 0 36.202 21.898
35 2020 3 31 0 36.065 22.166
36 2020 3 31 0 35.971 22.054
37 2020 3 31 0 36.407 21.854
38 2020 3 31 0 36.163 22.137
39 2020 3 31 0 36.027 22.253
40 2020 3 31 0 36.094 21.902
41 2020 3 31 0 35.979 22.274
42 2020 3 31 0 37.427 21.31
43 2020 3 31 0 37.14 21.914
44 2020 3 31 0 37.099 21.737
45 2020 3 31 0 37.506 21.723
46 2020 3 31 0 37.199 21.514
47 2020 3 31 0 37.357 21.973
48 2020 3 31 0 37.477 22.005
49 2020 3 31 0 37.579 21.482
51 2020 3 31 0 36.964 21.374
52 2020 3 31 0 37.202 21.796
53 2020 3 31 0 36.756 21.112
54 2020 3 31 0 36.971 21.213
55 2020 3 31 0 30.927 21.568
56 2020 3 31 0 31.957 21.307
57 2020 3 31 0 30.376 21.493
58 2020 3 31 0 32.244 21.321
59 2020 3 31 0 31.065 21.212
60 2020 3 31 0 30.366 21.622
61 2020 3 31 0 33.288 20.379
62 2020 3 31 0 32.053 20.691
63 2020 3 31 0 31.485 20.995
64 2020 3 31 0 33.684 20.256
65 2020 3 31 0 34.462 19.683
66 2020 3 31 0 32.942 20.678
67 2020 3 31 0 33.525 20.37
68 2020 3 31 0 34.471 19.63
69 2020 3 31 0 33.508 20.386
70 2020 3 31 0 34.34 19.494
71 2020 3 31 0 32.044 20.16
72 2020 3 31 0 31.605 21.78
73 2020 3 31 0 32.979 21.18
74 2020 3 31 0.12606 31.519 21.811
75 2020 3 31 0 31.833 21.686
76 2020 3 31 0 31.338 21.886
77 2020 3 31 0 32.019 20.175
78 2020 3 31 0 31.944 20.159
79 2020 3 31 0 31.345 21.882
80 2020 3 31 0 33.801 20.641
81 2020 3 31 0 36.982 21.636
82 2020 3 31 0 37.34 22.267
83 2020 3 31 0 37.379 22.228
84 2020 3 31 0 37.243 22.175
85 2020 3 31 0 37.108 22.083
86 2020 3 31 0 37.034 21.802
87 2020 3 31 0 37.043 21.831
88 2020 3 31 0 36.99 21.928
89 2020 3 31 0 37.183 22.141
90 2020 3 31 0 36.991 21.822
91 2020 3 31 0 36.577 20.9
92 2020 3 31 0 36.382 21.024
93 2020 3 31 0 36.567 21.123
94 2020 3 31 0 36.46 21.026
95 2020 3 31 0 35.918 19.37
96 2020 3 31 0 35.567 19.077
97 2020 3 31 0 35.978 19.693
98 2020 3 31 0 36.189 19.92
99 2020 3 31 0 36.735 20.759
100 2020 3 31 0 36.369 20.253
102 2020 3 31 0 36.055 22.247
103 2020 3 31 0 36.519 22.06
104 2020 3 31 0 36.415 22.103
105 2020 3 31 0 35.91 22.275
106 2020 3 31 0 36.721 21.989
107 2020 3 31 0 35.787 20.717
109 2020 3 31 0 35.057 20.918
110 2020 3 31 0 35.421 20.599
111 2020 3 31 0 36.01 22.178
112 2020 3 31 0 34.752 20.876
113 2020 3 31 0 37.084 21.897
114 2020 3 31 0 37.329 22.175
115 2020 3 31 0 36.934 21.815
116 2020 3 31 0 36.897 21.827
117 2020 3 31 0 37.141 21.99
118 2020 3 31 0 37.433 22.16
119 2020 3 31 0 37.514 22.343
120 2020 3 31 0 35.481 19.781
121 2020 3 31 0 35.924 20.41
122 2020 3 31 0 35.411 20.268
123 2020 3 31 0 35.08 20.634
124 2020 3 31 0 35.286 20.69
125 2020 3 31 0 35.716 20.955
126 2020 3 31 0 34.806 20.6
127 2020 3 31 0 34.869 19.171
128 2020 3 31 0 35.463 19.14
129 2020 3 31 0 32.38 20.597
130 2020 3 31 0 32.47 20.759
131 2020 3 31 0 32.255 20.626
132 2020 3 31 0 34.255 20.453
133 2020 3 31 0 32.786 20.44
134 2020 3 31 0 32.948 20.361
135 2020 3 31 0 31.357 20.886
136 2020 3 31 0 34.814 19.913
137 2020 3 31 0 31.846 20.767
138 2020 3 31 0 33.621 20.226
139 2020 3 31 0 32.515 20.778
140 2020 3 31 0 32.566 21.064
141 2020 3 31 0 32.249 20.493
142 2020 3 31 0 35.679 19.805
143 2020 3 31 0 36.98 20.958
144 2020 3 31 0 36.195 20.097
145 2020 3 31 0 35.255 19.094
146 2020 3 31 0 34.818 18.432
147 2020 3 31 0 37.255 21.443
148 2020 3 31 0 37.389 21.666
149 2020 3 31 0 35.664 19.535
150 2020 3 31 0 35.541 19.444
151 2020 3 31 0 35.928 22.046
152 2020 3 31 0 35.664 22.3
153 2020 3 31 0 35.898 21.997
154 2020 3 31 0 35.995 22.239
155 2020 3 31 0 35.592 22.298
156 2020 3 31 0 35.675 22.332
157 2020 3 31 0 35.929 22.293
158 2020 3 31 0 35.898 21.988
159 2020 3 31 0 35.982 22.236
160 2020 3 31 0 35.656 22.37
161 2020 3 31 0 35.508 20.664
162 2020 3 31 0 35.565 20.783
164 2020 3 31 0 35.249 20.641
165 2020 3 31 0 35.439 20.715
166 2020 3 31 0 35.672 21.031
167 2020 3 31 0 35.134 20.678
168 2020 3 31 0 35.449 20.451
169 2020 3 31 0 35.181 20.643
170 2020 3 31 0 35.44 20.721
171 2020 3 31 0 34.54 21.016
172 2020 3 31 0 34.768 22.422
173 2020 3 31 0 34.508 21.319
174 2020 3 31 0 36.656 21.858
175 2020 3 31 0 36.694 21.925
176 2020 3 31 0 37.173 22.08
177 2020 3 31 0 36.341 21.934
178 2020 3 31 0 36.44 21.862
179 2020 3 31 0 36.903 21.844
180 2020 3 31 0 36.524 21.984
181 2020 3 31 0 36.822 21.852
182 2020 3 31 0 34.867 20.58
183 2020 3 31 0 34.438 21.155
184 2020 3 31 0 34.139 21.277
185 2020 3 31 0 34.496 20.579
186 2020 3 31 0 34.499 20.366
187 2020 3 31 0 34.458 20.561
188 2020 3 31 0 36.33 22.5
189 2020 3 31 0 35.167 22.394
190 2020 3 31 0 35.362 22.348
191 2020 3 31 0 35.35 22.342
192 2020 3 31 0 35.163 22.38
195 2020 3 31 0 31.7 20.395
196 2020 3 31 0 31.762 20.362
197 2020 3 31 0 31.63 20.275
198 2020 3 31 0 31.825 20.295
199 2020 3 31 0 34.295 20.897
200 2020 3 31 0 33.458 21.058
201 2020 3 31 0 33.535 21.075
202 2020 3 31 0 33.515 21.001
203 2020 3 31 0 34.798 20.704
204 2020 3 31 0 37.466 22.017
205 2020 3 31 0 36.505 20.398
206 2020 3 31 0 37.477 21.723
207 2020 3 31 0 37.578 21.694
208 2020 3 31 0 37.355 21.191
209 2020 3 31 0 37.402 21.313
210 2020 3 31 0 36.896 21.757
211 2020 3 31 0 36.853 21.868
212 2020 3 31 0 36.89 21.827
213 2020 3 31 0 36.769 21.839
214 2020 3 31 0 36.722 21.969
215 2020 3 31 0 36.803 21.923
216 2020 3 31 0 33.408 20.33
217 2020 3 31 0 34.801 19.855
218 2020 3 31 0 32.597 20.364
219 2020 3 31 0 32.897 20.501
220 2020 3 31 0 35.67 19.096
221 2020 3 31 0 33.265 20.555
222 2020 3 31 0 32.964 20.313
223 2020 3 31 0 34.623 20.187
224 2020 3 31 0 33.783 20.554
225 2020 3 31 0 33.908 20.535
226 2020 3 31 0 33.634 20.596
227 2020 3 31 0 32.917 20.559
228 2020 3 31 0 35.093 19.19
229 2020 3 31 0 35.142 19.161
230 2020 3 31 0 35.003 19.256
231 2020 3 31 0 35.167 19.193
232 2020 3 31 0 34.925 19.331
233 2020 3 31 0 37.529 22.379
234 2020 3 31 0 37.546 21.707
235 2020 3 31 0 37.578 21.72
236 2020 3 31 0 37.601 22.223
237 2020 3 31 0 37.52 21.919
238 2020 3 31 0 37.59 22.033
239 2020 3 31 0 35.81 20.732
240 2020 3 31 0 34.516 20.477
241 2020 3 31 0 35.85 20.682
242 2020 3 31 0 34.271 20.515
243 2020 3 31 0 34.342 20.41
244 2020 3 31 0 35.182 20.314
245 2020 3 31 0 35.595 20.251
246 2020 3 31 0 35.315 20.378
247 2020 3 31 0 35.507 20.134
248 2020 3 31 0 35.715 20.28
249 2020 3 31 0 35.821 20.084
250 2020 3 31 0 35.705 20.566
251 2020 3 31 0 35.743 19.785
252 2020 3 31 0 35.699 20.497
0 2020 3 31 0.19993 33.549 20.992
