1 2020 2 5 0 29.168 12.382
2 2020 2 5 0 28.72 13.13
3 2020 2 5 0 29.158 12.431
4 2020 2 5 0 29.069 13.002
5 2020 2 5 0 28.526 12.85
6 2020 2 5 0 28.941 12.7
7 2020 2 5 0 28.969 13.027
8 2020 2 5 0 29.035 13.174
9 2020 2 5 0 28.865 12.903
10 2020 2 5 0 28.607 13.329
11 2020 2 5 0 28.986 13.064
12 2020 2 5 0 29.07 13.077
13 2020 2 5 0 29.113 13.114
14 2020 2 5 0 29.218 13.163
15 2020 2 5 0 29.04 13.152
16 2020 2 5 0 29.059 13.119
17 2020 2 5 0 29.13 13.135
18 2020 2 5 0 29.114 12.814
19 2020 2 5 0 26.561 8.6972
20 2020 2 5 0 28.316 10.538
21 2020 2 5 0 26.84 9.1051
22 2020 2 5 0 26.532 9.1697
23 2020 2 5 0 26.965 10.145
24 2020 2 5 0 27.818 10.78
25 2020 2 5 0 26.556 10.005
26 2020 2 5 0 27.761 10.669
27 2020 2 5 0 27.404 10.845
28 2020 2 5 0 27.041 9.3851
29 2020 2 5 0 28.549 10.613
30 2020 2 5 0 27.831 11.456
31 2020 2 5 0 27.367 9.5233
32 2020 2 5 0 28.56 11.684
33 2020 2 5 0 29.636 12.972
34 2020 2 5 0 29.487 12.888
35 2020 2 5 0 29.814 13.109
36 2020 2 5 0 29.804 13.128
37 2020 2 5 0 29.451 13.123
38 2020 2 5 0 29.701 13.04
39 2020 2 5 0 29.837 13.178
40 2020 2 5 0 29.64 13.098
41 2020 2 5 0 29.901 13.2
42 2020 2 5 0 29.439 12.932
43 2020 2 5 0 29.613 12.608
44 2020 2 5 0 29.55 12.608
45 2020 2 5 0 29.6 12.88
46 2020 2 5 0 29.489 12.721
47 2020 2 5 0 29.825 12.8
48 2020 2 5 0 29.871 12.863
49 2020 2 5 0 29.557 13.037
51 2020 2 5 0 29.188 12.319
52 2020 2 5 0 29.187 12.2
53 2020 2 5 0 29.159 12.443
54 2020 2 5 0 29.205 12.286
55 2020 2 5 0 26.727 13.793
56 2020 2 5 0 27.064 14.774
57 2020 2 5 0 26.505 14.173
58 2020 2 5 0 27.266 13.785
59 2020 2 5 0 26.748 14.975
60 2020 2 5 0 26.508 13.393
61 2020 2 5 0 27.888 15.284
62 2020 2 5 0 28.155 14.511
63 2020 2 5 0 28.123 15.039
64 2020 2 5 0 28.083 15.187
65 2020 2 5 0 28.661 14.498
66 2020 2 5 0 27.46 15.647
67 2020 2 5 0 27.959 15.328
68 2020 2 5 0 28.654 14.458
69 2020 2 5 0 27.989 15.317
70 2020 2 5 0 28.498 14.339
71 2020 2 5 0 27.221 12.682
72 2020 2 5 0 27.306 12.618
73 2020 2 5 0.2064 27.724 12.137
74 2020 2 5 0 27.301 12.563
75 2020 2 5 0 27.38 12.549
76 2020 2 5 0 27.236 12.643
77 2020 2 5 0 27.21 12.717
78 2020 2 5 0 27.175 12.754
79 2020 2 5 0 27.242 12.629
80 2020 2 5 0.10284 28.033 11.251
81 2020 2 5 0 29.13 12.76
82 2020 2 5 0 29.434 12.62
83 2020 2 5 0 29.265 12.27
84 2020 2 5 0 29.178 12.334
85 2020 2 5 0 29.081 12.558
86 2020 2 5 0 29.104 12.983
87 2020 2 5 0 29.108 12.534
88 2020 2 5 0 29.033 12.825
89 2020 2 5 0 29.25 12.619
90 2020 2 5 0 29.069 12.936
91 2020 2 5 0 29.052 12.296
92 2020 2 5 0 29.151 12.755
93 2020 2 5 0 29.199 12.758
94 2020 2 5 0 29.054 12.738
95 2020 2 5 0 27.804 10.187
96 2020 2 5 0 27.349 9.7645
97 2020 2 5 0 28.158 10.787
98 2020 2 5 0 28.143 10.779
99 2020 2 5 0 28.83 11.722
100 2020 2 5 0 28.561 11.358
102 2020 2 5 0 29.842 13.04
103 2020 2 5 0 29.546 12.861
104 2020 2 5 0 29.582 12.978
105 2020 2 5 0 29.921 12.848
106 2020 2 5 0 29.407 12.843
107 2020 2 5 0 29.858 13.311
109 2020 2 5 0 29.649 13.763
110 2020 2 5 0 29.779 13.449
111 2020 2 5 0 29.665 13.657
112 2020 2 5 0 29.59 13.888
113 2020 2 5 0 29.517 12.547
114 2020 2 5 0 29.621 12.676
115 2020 2 5 0 29.405 12.523
116 2020 2 5 0 29.409 12.564
117 2020 2 5 0 29.497 12.581
118 2020 2 5 0 29.837 12.794
119 2020 2 5 0 29.756 12.78
120 2020 2 5 0 28.118 11.265
121 2020 2 5 0 28.639 12.025
122 2020 2 5 0 28.405 11.76
123 2020 2 5 0 28.39 10.582
124 2020 2 5 0 28.521 11.218
125 2020 2 5 0 28.855 12.055
126 2020 2 5 0 28.408 10.393
127 2020 2 5 0 27.556 10.605
128 2020 2 5 0 27.694 10.245
129 2020 2 5 0 27.071 14.446
130 2020 2 5 0 27.026 15.41
131 2020 2 5 0 26.91 14.553
132 2020 2 5 0 28.119 13.744
133 2020 2 5 0 27.467 15.327
134 2020 2 5 0 27.913 14.139
135 2020 2 5 0 26.951 15.338
136 2020 2 5 0 28.584 13.178
137 2020 2 5 0 27.742 14.828
138 2020 2 5 0 28.064 13.815
139 2020 2 5 0 27.396 14.728
140 2020 2 5 0 27.301 14.817
141 2020 2 5 0 26.966 15.007
142 2020 2 5 0 28.763 13.001
143 2020 2 5 0 28.83 11.649
144 2020 2 5 0 27.993 10.808
145 2020 2 5 0 26.946 9.659
146 2020 2 5 0 26.457 8.5635
147 2020 2 5 0 29.264 12.189
148 2020 2 5 0 29.263 12.128
149 2020 2 5 0 27.423 10.245
150 2020 2 5 0 27.001 10.144
151 2020 2 5 0 29.844 13.125
152 2020 2 5 0 29.807 13.466
153 2020 2 5 0 29.824 13.115
154 2020 2 5 0 29.908 13.202
155 2020 2 5 0 29.703 13.648
156 2020 2 5 0 29.86 13.447
157 2020 2 5 0 29.929 13.256
158 2020 2 5 0 29.804 13.121
159 2020 2 5 0 29.911 13.207
160 2020 2 5 0 29.947 13.361
161 2020 2 5 0 28.602 13.028
162 2020 2 5 0 28.402 13.288
164 2020 2 5 0 28.337 13.384
165 2020 2 5 0 28.368 13.497
166 2020 2 5 0 28.381 13.362
167 2020 2 5 0 28.246 13.63
168 2020 2 5 0 28.442 13.406
169 2020 2 5 0 28.272 13.568
170 2020 2 5 0 28.362 13.477
171 2020 2 5 0 29.425 13.725
172 2020 2 5 0 29.408 14.022
173 2020 2 5 0 29.386 14.145
174 2020 2 5 0 29.229 12.88
175 2020 2 5 0 29.368 12.78
176 2020 2 5 0 29.391 12.662
177 2020 2 5 0 29.422 12.831
178 2020 2 5 0 29.262 12.928
179 2020 2 5 0 29.206 12.8
180 2020 2 5 0 29.435 12.853
181 2020 2 5 0 29.336 12.691
182 2020 2 5 0 29.664 13.702
183 2020 2 5 0 29.448 14.211
184 2020 2 5 0 29.424 14.521
185 2020 2 5 0 29.59 13.903
186 2020 2 5 0 29.5 14.043
187 2020 2 5 0 29.583 14.005
188 2020 2 5 0 29.99 12.996
189 2020 2 5 0 29.646 13.817
190 2020 2 5 0 29.706 13.446
191 2020 2 5 0 29.665 13.745
192 2020 2 5 0 29.53 14.031
195 2020 2 5 0 26.578 13.654
196 2020 2 5 0 26.888 13.336
197 2020 2 5 0 26.82 13.215
198 2020 2 5 0 27.008 13.103
199 2020 2 5 0.16448 27.843 13.824
200 2020 2 5 0.35775 27.627 13.221
201 2020 2 5 0.1687 27.615 13.772
202 2020 2 5 0 27.642 14.149
203 2020 2 5 0 28.127 13.698
204 2020 2 5 0 29.341 12.268
205 2020 2 5 0 28.078 11.043
206 2020 2 5 0 29.293 12.137
207 2020 2 5 0 29.326 12.144
208 2020 2 5 0 28.934 11.793
209 2020 2 5 0 29.089 11.869
210 2020 2 5 0 29.413 12.516
211 2020 2 5 0 29.406 12.646
212 2020 2 5 0 29.413 12.582
213 2020 2 5 0 29.368 12.697
214 2020 2 5 0 29.424 12.811
215 2020 2 5 0 29.396 12.733
216 2020 2 5 0 28.636 13.747
217 2020 2 5 0 28.768 13.197
218 2020 2 5 0 28.323 13.987
219 2020 2 5 0 28.667 13.981
220 2020 2 5 0 29.164 13.583
221 2020 2 5 0 29.004 13.876
222 2020 2 5 0 28.314 13.823
223 2020 2 5 0 29.053 13.472
224 2020 2 5 0 29.039 13.95
225 2020 2 5 0 29.229 13.506
226 2020 2 5 0 29.082 13.884
227 2020 2 5 0 28.907 14.073
228 2020 2 5 0 29.024 14.031
229 2020 2 5 0 29.077 13.946
230 2020 2 5 0 28.989 14.05
231 2020 2 5 0 29.008 14.002
232 2020 2 5 0 28.961 14.103
233 2020 2 5 0 29.531 12.571
234 2020 2 5 0 29.438 12.559
235 2020 2 5 0 29.388 12.369
236 2020 2 5 0 29.649 12.662
237 2020 2 5 0 29.653 12.746
238 2020 2 5 0 29.475 12.399
239 2020 2 5 0 29.195 11.954
240 2020 2 5 0 29.293 13.338
241 2020 2 5 0 29.562 12.096
242 2020 2 5 0 29.316 13.297
243 2020 2 5 0 29.385 12.717
244 2020 2 5 0 29.461 12.455
245 2020 2 5 0 29.343 12.019
246 2020 2 5 0 29.592 11.984
247 2020 2 5 0 29.129 12.382
248 2020 2 5 0 28.937 11.862
249 2020 2 5 0 28.762 12.696
250 2020 2 5 0 28.69 12.236
251 2020 2 5 0 29.031 12.713
252 2020 2 5 0 28.596 12.834
0 2020 2 5 0 27.827 11.819
