1 2020 4 24 0 39.26 26.509
2 2020 4 24 0 38.585 26.177
3 2020 4 24 0 39.416 26.595
4 2020 4 24 0 38.439 25.939
5 2020 4 24 0 38.318 25.759
6 2020 4 24 0 38.87 25.757
7 2020 4 24 0 39.285 26.49
8 2020 4 24 0 38.163 25.705
9 2020 4 24 0 38.528 26.129
10 2020 4 24 0 37.831 25.739
11 2020 4 24 0 39.561 26.914
12 2020 4 24 0 39.434 26.644
13 2020 4 24 0 39.455 26.561
14 2020 4 24 0 39.548 26.431
15 2020 4 24 0 39.612 26.801
16 2020 4 24 0 39.706 26.827
17 2020 4 24 0 39.792 26.731
18 2020 4 24 0 39.738 26.991
19 2020 4 24 0 38.086 24.812
20 2020 4 24 0 37.286 25.302
21 2020 4 24 0 38.047 24.761
22 2020 4 24 0 37.697 24.825
23 2020 4 24 0 36.895 24.603
24 2020 4 24 0 36.98 24.973
25 2020 4 24 0 37.223 24.861
26 2020 4 24 0 36.608 24.584
27 2020 4 24 0 36.925 24.925
28 2020 4 24 0 37.739 24.753
29 2020 4 24 0 37.473 25.532
30 2020 4 24 0 37.707 25.583
31 2020 4 24 0 37.968 24.825
32 2020 4 24 0 38.13 25.979
33 2020 4 24 0 39.015 25.959
34 2020 4 24 0 39.178 25.83
35 2020 4 24 0 38.801 26.005
36 2020 4 24 0 38.572 25.894
37 2020 4 24 0 39.182 25.865
38 2020 4 24 0 39.068 26.282
39 2020 4 24 0 38.897 26.383
40 2020 4 24 0 38.772 25.757
41 2020 4 24 0 38.754 26.168
42 2020 4 24 0 39.509 26.728
43 2020 4 24 0 39.974 27.176
44 2020 4 24 0 39.889 27.042
45 2020 4 24 0 39.666 27.057
46 2020 4 24 0 39.698 26.866
47 2020 4 24 0 39.721 27.213
48 2020 4 24 0 39.652 27.236
49 2020 4 24 0 39.481 26.881
51 2020 4 24 0 39.396 26.564
52 2020 4 24 0 39.753 26.751
53 2020 4 24 0 39.103 26.414
54 2020 4 24 0 39.343 26.503
55 2020 4 24 0 33.648 25.349
56 2020 4 24 0 34.467 25.382
57 2020 4 24 0 33.6 25.552
58 2020 4 24 0 34.619 25.314
59 2020 4 24 0 33.971 25.535
60 2020 4 24 0 33.456 25.45
61 2020 4 24 0 33.288 20.379
62 2020 4 24 0 34.734 25.518
63 2020 4 24 0 34.273 25.562
64 2020 4 24 0 33.684 20.256
65 2020 4 24 0 34.462 19.683
66 2020 4 24 0 32.942 20.678
67 2020 4 24 0 33.525 20.37
68 2020 4 24 0 34.471 19.63
69 2020 4 24 0 33.508 20.386
70 2020 4 24 0 34.34 19.494
71 2020 4 24 0 32.044 20.16
72 2020 4 24 0 34.225 25.26
73 2020 4 24 0.61005 35.099 25.242
74 2020 4 24 0.42772 34.177 25.252
75 2020 4 24 0 34.366 25.265
76 2020 4 24 0.11623 34.063 25.255
77 2020 4 24 0 32.019 20.175
78 2020 4 24 0 31.944 20.159
79 2020 4 24 0 34.068 25.253
80 2020 4 24 0.47687 35.813 24.986
81 2020 4 24 0 39.571 26.682
82 2020 4 24 0 39.962 27.214
83 2020 4 24 0 39.983 27.017
84 2020 4 24 0 39.904 26.958
85 2020 4 24 0 39.796 26.927
86 2020 4 24 0 39.708 26.769
87 2020 4 24 0 39.658 26.776
88 2020 4 24 0 39.66 26.871
89 2020 4 24 0 39.881 27.074
90 2020 4 24 0 39.653 26.802
91 2020 4 24 0 38.843 26.136
92 2020 4 24 0 38.458 25.787
93 2020 4 24 0 38.772 26.129
94 2020 4 24 0 38.699 26.17
95 2020 4 24 0 38.3 25.188
96 2020 4 24 0 38.121 24.92
97 2020 4 24 0 38.189 25.318
98 2020 4 24 0 38.619 25.555
99 2020 4 24 0 39.127 26.172
100 2020 4 24 0 38.681 25.813
102 2020 4 24 0 39.102 26.576
103 2020 4 24 0 39.638 26.959
104 2020 4 24 0 39.429 26.801
105 2020 4 24 0 39.203 26.582
106 2020 4 24 0 39.805 27.1
107 2020 4 24 0 35.787 20.717
109 2020 4 24 0 35.057 20.918
110 2020 4 24 0 35.421 20.599
111 2020 4 24 0 38.653 25.961
112 2020 4 24 0 34.752 20.876
113 2020 4 24 0 40.063 27.159
114 2020 4 24 0 39.995 27.294
115 2020 4 24 0 40.083 27.096
116 2020 4 24 0 40.052 27.096
117 2020 4 24 0 40.063 27.195
118 2020 4 24 0 39.794 27.318
119 2020 4 24 0 39.917 27.395
120 2020 4 24 0 37.443 24.948
121 2020 4 24 0 37.937 25.363
122 2020 4 24 0 37.314 24.994
123 2020 4 24 0 37.224 25.172
124 2020 4 24 0 37.448 25.203
125 2020 4 24 0 37.877 25.421
126 2020 4 24 0 36.942 25.081
127 2020 4 24 0 36.729 24.428
128 2020 4 24 0 37.544 24.779
129 2020 4 24 0 32.38 20.597
130 2020 4 24 0 32.47 20.759
131 2020 4 24 0 32.255 20.626
132 2020 4 24 0 36.827 24.9
133 2020 4 24 0 32.786 20.44
134 2020 4 24 0 35.822 25.056
135 2020 4 24 0 34.283 25.536
136 2020 4 24 0 37.596 24.791
137 2020 4 24 0 34.675 25.443
138 2020 4 24 0 36.51 24.786
139 2020 4 24 0 35.269 25.246
140 2020 4 24 0 35.102 25.317
141 2020 4 24 0 32.249 20.493
142 2020 4 24 0 38.295 25.157
143 2020 4 24 0 39.422 26.291
144 2020 4 24 0 38.774 25.606
145 2020 4 24 0 38.103 24.852
146 2020 4 24 0 37.903 24.536
147 2020 4 24 0 39.662 26.631
148 2020 4 24 0 39.848 26.744
149 2020 4 24 0 38.351 25.151
150 2020 4 24 0 38.278 25.073
151 2020 4 24 0 38.504 25.872
152 2020 4 24 0 38.346 26.065
153 2020 4 24 0 38.451 25.835
154 2020 4 24 0 38.66 26.019
155 2020 4 24 0 38.263 26.054
156 2020 4 24 0 38.391 26.118
157 2020 4 24 0 38.631 26.087
158 2020 4 24 0 38.44 25.838
159 2020 4 24 0 38.647 26.008
160 2020 4 24 0 38.516 26.256
161 2020 4 24 0 37.7 25.295
162 2020 4 24 0 37.799 25.667
164 2020 4 24 0 37.401 25.132
165 2020 4 24 0 37.524 25.488
166 2020 4 24 0 37.9 25.847
167 2020 4 24 0 37.23 25.277
168 2020 4 24 0 37.618 25.394
169 2020 4 24 0 37.309 25.187
170 2020 4 24 0 37.547 25.47
171 2020 4 24 0 34.54 21.016
172 2020 4 24 0 37.499 26.203
173 2020 4 24 0 34.508 21.319
174 2020 4 24 0 39.613 26.707
175 2020 4 24 0 39.777 26.906
176 2020 4 24 0 39.957 27.162
177 2020 4 24 0 39.394 26.25
178 2020 4 24 0 39.382 26.267
179 2020 4 24 0 39.82 27.01
180 2020 4 24 0 39.589 26.708
181 2020 4 24 0 39.901 27
182 2020 4 24 0 34.867 20.58
183 2020 4 24 0 34.438 21.155
184 2020 4 24 0 34.139 21.277
185 2020 4 24 0 34.496 20.579
186 2020 4 24 0 34.499 20.366
187 2020 4 24 0 34.458 20.561
188 2020 4 24 0 39.618 26.842
189 2020 4 24 0 37.984 26.242
190 2020 4 24 0.29618 38.415 26.403
191 2020 4 24 0 38.032 26.095
192 2020 4 24 0 37.858 26.133
195 2020 4 24 0 31.7 20.395
196 2020 4 24 0 31.762 20.362
197 2020 4 24 0 31.63 20.275
198 2020 4 24 0 31.825 20.295
199 2020 4 24 0 36.409 25.215
200 2020 4 24 0.10469 35.509 25.274
201 2020 4 24 0 35.667 25.286
202 2020 4 24 0 35.817 25.225
203 2020 4 24 0 37.006 25.093
204 2020 4 24 0 39.934 26.998
205 2020 4 24 0 39.026 25.885
206 2020 4 24 0 39.88 26.853
207 2020 4 24 0 39.866 26.963
208 2020 4 24 0 39.645 26.628
209 2020 4 24 0 39.725 26.661
210 2020 4 24 0 40.035 27.044
211 2020 4 24 0 39.986 27.102
212 2020 4 24 0 40.038 27.093
213 2020 4 24 0 39.888 27.035
214 2020 4 24 0 39.83 27.094
215 2020 4 24 0 39.916 27.113
216 2020 4 24 0 35.927 25.516
217 2020 4 24 0 37.558 25.081
218 2020 4 24 0 35.128 25.537
219 2020 4 24 0 35.363 25.785
220 2020 4 24 0 35.67 19.096
221 2020 4 24 0 35.848 25.875
222 2020 4 24 0 35.608 25.318
223 2020 4 24 0 37.186 25.492
224 2020 4 24 0 36.196 25.707
225 2020 4 24 0 36.766 25.826
226 2020 4 24 0 36.2 25.819
227 2020 4 24 0 35.403 25.92
228 2020 4 24 0 35.093 19.19
229 2020 4 24 0 35.142 19.161
230 2020 4 24 0 35.003 19.256
231 2020 4 24 0 35.167 19.193
232 2020 4 24 0 34.925 19.331
233 2020 4 24 0 39.982 27.285
234 2020 4 24 0 39.803 27.018
235 2020 4 24 0 39.842 27.016
236 2020 4 24 0 39.901 27.313
237 2020 4 24 0 39.761 27.16
238 2020 4 24 0 39.914 27.16
239 2020 4 24 0 38.769 25.129
240 2020 4 24 0 37.105 25.515
241 2020 4 24 0 38.74 25.156
242 2020 4 24 0 36.974 25.595
243 2020 4 24 0 37.247 25.453
244 2020 4 24 0 38.035 25.215
245 2020 4 24 0 38.563 25.076
246 2020 4 24 0 38.294 25.115
247 2020 4 24 0 38.368 25.203
248 2020 4 24 0 38.712 25.082
249 2020 4 24 0 38.442 25.321
250 2020 4 24 0 38.496 25.322
251 2020 4 24 0 38.504 25.283
252 2020 4 24 0 38.204 25.478
0 2020 4 24 1.9902 35.747 25.191
