1 2020 2 4 0 28.086 11.637
2 2020 2 4 0.68934 27.977 12.174
3 2020 2 4 0 28.053 11.908
4 2020 2 4 0 28.111 11.733
5 2020 2 4 0.6608 28.047 12.165
6 2020 2 4 0.8372 28.247 12.467
7 2020 2 4 0.61498 28.049 12.391
8 2020 2 4 0 28.114 11.811
9 2020 2 4 0 28.014 11.757
10 2020 2 4 0.30368 27.935 11.95
11 2020 2 4 0 27.691 13.181
12 2020 2 4 0 27.855 13.422
13 2020 2 4 0 27.932 13.325
14 2020 2 4 0.16425 28.163 13.056
15 2020 2 4 0 27.818 13.07
16 2020 2 4 0 27.87 12.925
17 2020 2 4 0 28.043 12.824
18 2020 2 4 0 27.885 13.165
19 2020 2 4 0 26.132 9.0289
20 2020 2 4 0 27.759 9.5009
21 2020 2 4 0 26.292 9.2373
22 2020 2 4 0 26.112 9.1553
23 2020 2 4 0 26.391 9.3848
24 2020 2 4 0 27.172 9.7347
25 2020 2 4 0 26.347 9.2451
26 2020 2 4 0 26.878 9.7012
27 2020 2 4 0 26.88 9.6984
28 2020 2 4 0 26.617 9.2184
29 2020 2 4 0 28.151 9.5569
30 2020 2 4 0 27.551 10.406
31 2020 2 4 0 27.009 9.2747
32 2020 2 4 0 28.221 10.686
33 2020 2 4 0 28.78 14.028
34 2020 2 4 0 28.574 13.833
35 2020 2 4 0 29.019 14.172
36 2020 2 4 0 28.96 14.03
37 2020 2 4 0 28.472 13.499
38 2020 2 4 0 28.889 14.312
39 2020 2 4 0 29.079 14.563
40 2020 2 4 0 28.726 13.773
41 2020 2 4 0 29.156 14.444
42 2020 2 4 0 29.042 13.219
43 2020 2 4 0 28.679 13.339
44 2020 2 4 0 28.7 13.355
45 2020 2 4 0 28.81 12.875
46 2020 2 4 0 28.821 13.305
47 2020 2 4 0 28.95 13.126
48 2020 2 4 0 28.965 12.957
49 2020 2 4 0 29.124 13.064
51 2020 2 4 0 28.04 11.834
52 2020 2 4 0 27.948 12.368
53 2020 2 4 0 28.096 11.517
54 2020 2 4 0 28.024 11.751
55 2020 2 4 0 26.314 13.093
56 2020 2 4 0 26.776 13.716
57 2020 2 4 0 26.216 13.654
58 2020 2 4 0 26.828 12.839
59 2020 2 4 0 26.576 13.998
60 2020 2 4 0 26.091 12.871
61 2020 2 4 0 27.597 15.01
62 2020 2 4 0 27.906 14.103
63 2020 2 4 0 27.803 14.829
64 2020 2 4 0 27.578 15.153
65 2020 2 4 0 27.996 14.633
66 2020 2 4 0 27.013 15.476
67 2020 2 4 0 27.477 15.267
68 2020 2 4 0 28.059 14.527
69 2020 2 4 0 27.574 15.213
70 2020 2 4 0 28.075 14.194
71 2020 2 4 0 26.245 12.242
72 2020 2 4 0 26.378 12.115
73 2020 2 4 0 27.059 11.305
74 2020 2 4 0 26.35 12.082
75 2020 2 4 0 26.498 11.986
76 2020 2 4 0 26.258 12.201
77 2020 2 4 0 26.235 12.278
78 2020 2 4 0 26.233 12.307
79 2020 2 4 0 26.263 12.187
80 2020 2 4 0 27.651 10.237
81 2020 2 4 0 28.014 12.321
82 2020 2 4 0 28.25 13.126
83 2020 2 4 0 28.019 12.809
84 2020 2 4 0 27.964 12.761
85 2020 2 4 0 27.835 12.894
86 2020 2 4 0 27.963 12.684
87 2020 2 4 0 27.932 12.478
88 2020 2 4 0 27.783 12.903
89 2020 2 4 0 28.047 13.085
90 2020 2 4 0 27.879 12.761
91 2020 2 4 0 28.047 11.275
92 2020 2 4 0 28.074 11.544
93 2020 2 4 0 28.155 11.592
94 2020 2 4 0 28.09 11.58
95 2020 2 4 0 27.283 9.8467
96 2020 2 4 0 26.845 9.6433
97 2020 2 4 0 27.517 10.1
98 2020 2 4 0 27.379 10.489
99 2020 2 4 0 27.762 11.373
100 2020 2 4 0 27.77 10.636
102 2020 2 4 0 29.098 14.691
103 2020 2 4 0 28.701 14.481
104 2020 2 4 0 28.743 14.465
105 2020 2 4 0 29.232 14.838
106 2020 2 4 0 28.511 14.351
107 2020 2 4 0 29.135 14.396
109 2020 2 4 0 29.024 14.871
110 2020 2 4 0 29.064 14.512
111 2020 2 4 0 29.009 14.716
112 2020 2 4 0 28.977 14.992
113 2020 2 4 0 28.57 13.414
114 2020 2 4 0 28.552 13.278
115 2020 2 4 0 28.486 13.59
116 2020 2 4 0 28.504 13.732
117 2020 2 4 0 28.491 13.391
118 2020 2 4 0 28.831 13.106
119 2020 2 4 0 28.633 13.167
120 2020 2 4 0 27.196 10.363
121 2020 2 4 0 27.629 10.962
122 2020 2 4 0 27.377 10.645
123 2020 2 4 0 27.784 9.4971
124 2020 2 4 0 27.778 10.07
125 2020 2 4 0 27.994 10.809
126 2020 2 4 0 28.043 9.2871
127 2020 2 4 0 26.659 9.805
128 2020 2 4 0 27.097 9.6357
129 2020 2 4 0 26.465 14.171
130 2020 2 4 0 26.553 15.188
131 2020 2 4 0 26.369 14.268
132 2020 2 4 0 27.835 12.589
133 2020 2 4 0 27.209 14.867
134 2020 2 4 0 27.644 13.281
135 2020 2 4 0 26.825 14.45
136 2020 2 4 0 28.205 12.135
137 2020 2 4 0 27.524 14.181
138 2020 2 4 0 27.745 12.878
139 2020 2 4 0 27.194 13.627
140 2020 2 4 0 27.075 13.657
141 2020 2 4 0 26.694 14.493
142 2020 2 4 0 28.368 11.624
143 2020 2 4 0 27.569 11.912
144 2020 2 4 0 27.059 10.929
145 2020 2 4 0 26.328 9.7611
146 2020 2 4 0 25.92 8.8003
147 2020 2 4 0 27.914 12.253
148 2020 2 4 0 27.875 12.542
149 2020 2 4 0 26.682 10.31
150 2020 2 4 0 26.543 10.252
151 2020 2 4 0 29.007 14.051
152 2020 2 4 0 29.137 14.607
153 2020 2 4 0 28.965 14.002
154 2020 2 4 0 29.162 14.284
155 2020 2 4 0 29.075 14.766
156 2020 2 4 0 29.187 14.663
157 2020 2 4 0 29.201 14.421
158 2020 2 4 0 28.934 13.98
159 2020 2 4 0 29.172 14.295
160 2020 2 4 0 29.281 14.83
161 2020 2 4 0 28.048 11.66
162 2020 2 4 0.10736 27.938 12.073
164 2020 2 4 0 28.01 11.973
165 2020 2 4 0.43262 27.92 12.076
166 2020 2 4 1.1396 27.9 12.216
167 2020 2 4 0 27.875 12.183
168 2020 2 4 0 27.996 11.934
169 2020 2 4 0 27.947 12.131
170 2020 2 4 0.12074 27.934 12.075
171 2020 2 4 0 28.918 14.976
172 2020 2 4 0 28.921 15.236
173 2020 2 4 0 28.916 15.32
174 2020 2 4 0 28.16 13.643
175 2020 2 4 0 28.437 14.061
176 2020 2 4 0 28.273 13.266
177 2020 2 4 0 28.5 14.003
178 2020 2 4 0 28.207 13.645
179 2020 2 4 0 28.093 13.37
180 2020 2 4 0 28.538 14.235
181 2020 2 4 0 28.37 13.728
182 2020 2 4 0 28.986 14.774
183 2020 2 4 0 28.908 15.33
184 2020 2 4 0 28.798 15.711
185 2020 2 4 0 28.928 14.987
186 2020 2 4 0 28.859 15.052
187 2020 2 4 0 28.902 15.093
188 2020 2 4 0 29.205 14.913
189 2020 2 4 0 29.089 15.183
190 2020 2 4 0 29.118 15.118
191 2020 2 4 0 29.064 14.89
192 2020 2 4 0 29 15.197
195 2020 2 4 0 26.094 13.23
196 2020 2 4 0 26.099 12.898
197 2020 2 4 0 26.098 12.758
198 2020 2 4 0 26.135 12.66
199 2020 2 4 0 27.539 12.495
200 2020 2 4 0 27.202 12.108
201 2020 2 4 0 27.231 12.598
202 2020 2 4 0 27.355 12.929
203 2020 2 4 0 27.861 12.334
204 2020 2 4 0 28.04 12.775
205 2020 2 4 0 27.173 11.367
206 2020 2 4 0 27.931 12.648
207 2020 2 4 0 28.012 12.707
208 2020 2 4 0 27.757 12.315
209 2020 2 4 0 27.771 12.405
210 2020 2 4 0 28.498 13.646
211 2020 2 4 0 28.501 13.916
212 2020 2 4 0 28.507 13.77
213 2020 2 4 0 28.47 14.124
214 2020 2 4 0 28.534 14.339
215 2020 2 4 0 28.493 14.11
216 2020 2 4 0 28.28 13.144
217 2020 2 4 0 28.374 12.198
218 2020 2 4 0 28.078 13.552
219 2020 2 4 0 28.233 13.75
220 2020 2 4 0 28.466 13.838
221 2020 2 4 0 28.385 13.878
222 2020 2 4 0 28.04 13.211
223 2020 2 4 0 28.552 12.705
224 2020 2 4 0 28.515 13.45
225 2020 2 4 0 28.515 13.684
226 2020 2 4 0 28.479 13.691
227 2020 2 4 0 28.27 14.166
228 2020 2 4 0 28.256 14.263
229 2020 2 4 0 28.209 14.25
230 2020 2 4 0 28.183 14.297
231 2020 2 4 0 28.336 14.184
232 2020 2 4 0 28.141 14.368
233 2020 2 4 0 28.298 13.024
234 2020 2 4 0 28.374 12.753
235 2020 2 4 0 28.204 12.749
236 2020 2 4 0 28.459 13.016
237 2020 2 4 0 28.649 12.874
238 2020 2 4 0 28.202 12.885
239 2020 2 4 0 28.461 12.201
240 2020 2 4 0 28.572 13.076
241 2020 2 4 0 28.551 12.483
242 2020 2 4 0 28.571 13.304
243 2020 2 4 0 28.609 13.116
244 2020 2 4 0 28.547 12.536
245 2020 2 4 0 28.5 12.086
246 2020 2 4 0 28.603 12.51
247 2020 2 4 0 28.53 11.995
248 2020 2 4 0 28.431 11.703
249 2020 2 4 0 28.332 11.612
250 2020 2 4 0 28.247 11.821
251 2020 2 4 0 28.589 11.681
252 2020 2 4 0 28.151 11.857
0 2020 2 4 0 27.206 10.99
