1 2020 5 11 0 40.573 26.309
2 2020 5 11 0 40.352 25.666
3 2020 5 11 0 40.659 26.219
4 2020 5 11 0 40.163 26.025
5 2020 5 11 0 39.868 25.107
6 2020 5 11 0 39.989 25.069
7 2020 5 11 0 40.762 25.733
8 2020 5 11 0 39.996 25.871
9 2020 5 11 0 40.289 25.97
10 2020 5 11 0 39.937 25.667
11 2020 5 11 0 40.853 25.857
12 2020 5 11 0 40.367 25.881
13 2020 5 11 0 40.448 25.762
14 2020 5 11 0 40.671 25.586
15 2020 5 11 0 40.945 25.729
16 2020 5 11 0 41.066 25.746
17 2020 5 11 0 41.103 25.696
18 2020 5 11 0 40.683 26.189
19 2020 5 11 0 38.592 24.184
20 2020 5 11 0 38.846 26.37
21 2020 5 11 0 38.378 23.835
22 2020 5 11 0 38.407 24.506
23 2020 5 11 0 38.056 24.83
24 2020 5 11 0 38.433 25.768
25 2020 5 11 0 38.147 24.886
26 2020 5 11 0 38.154 25.281
27 2020 5 11 0 38.25 25.527
28 2020 5 11 0 38.704 24.593
29 2020 5 11 0 39.042 26.773
30 2020 5 11 0 38.988 26.336
31 2020 5 11 0 38.984 24.613
32 2020 5 11 0 39.521 27.03
33 2020 5 11 0 38.669 26.239
34 2020 5 11 0 39.01 25.969
35 2020 5 11 0 38.359 26.388
36 2020 5 11 0 38.174 26.199
37 2020 5 11 0 39.723 25.548
38 2020 5 11 0 38.7 26.656
39 2020 5 11 0 38.495 26.906
40 2020 5 11 0 38.749 25.816
41 2020 5 11 0 38.283 26.696
42 2020 5 11 0 39.651 26.639
43 2020 5 11 0 40.048 27.346
44 2020 5 11 0 39.91 27.161
45 2020 5 11 0 40.034 26.96
46 2020 5 11 0 39.736 26.864
47 2020 5 11 0 40.028 27.388
48 2020 5 11 0 40.073 27.352
49 2020 5 11 0 39.811 26.794
51 2020 5 11 0 40.56 26.212
52 2020 5 11 0 40.626 26.06
53 2020 5 11 0 40.497 26.295
54 2020 5 11 0 40.482 26.145
55 2020 5 11 0 35.663 26.731
56 2020 5 11 0 36.685 26.628
57 2020 5 11 0 35.11 26.629
58 2020 5 11 0 36.632 26.653
59 2020 5 11 0 35.795 26.572
60 2020 5 11 0 35.084 26.695
61 2020 5 11 0 33.288 20.379
62 2020 5 11 0 35.578 25.936
63 2020 5 11 0 35.054 26.389
64 2020 5 11 0 33.684 20.256
65 2020 5 11 0 34.462 19.683
66 2020 5 11 0 32.942 20.678
67 2020 5 11 0 33.525 20.37
68 2020 5 11 0 34.471 19.63
69 2020 5 11 0 33.508 20.386
70 2020 5 11 0 34.34 19.494
71 2020 5 11 0 32.044 20.16
72 2020 5 11 0 35.791 26.894
73 2020 5 11 0 36.688 26.724
74 2020 5 11 0 35.733 26.902
75 2020 5 11 0 35.933 26.874
76 2020 5 11 0 35.62 26.921
77 2020 5 11 0 32.019 20.175
78 2020 5 11 0 31.944 20.159
79 2020 5 11 0 35.623 26.92
80 2020 5 11 0 37.459 26.49
81 2020 5 11 0 40.876 25.999
82 2020 5 11 0 40.416 26.785
83 2020 5 11 0 40.617 26.291
84 2020 5 11 0 40.708 26.209
85 2020 5 11 0 40.801 26.023
86 2020 5 11 0 41.029 25.83
87 2020 5 11 0 40.79 26.058
88 2020 5 11 0 40.887 25.885
89 2020 5 11 0 40.58 26.432
90 2020 5 11 0 40.96 25.855
91 2020 5 11 0 40.279 26.171
92 2020 5 11 0 40.015 26
93 2020 5 11 0 40.318 26.205
94 2020 5 11 0 40.324 26.163
95 2020 5 11 0 39.283 24.833
96 2020 5 11 0 38.736 24.166
97 2020 5 11 0 39.525 25.381
98 2020 5 11 0 39.487 25.006
99 2020 5 11 0 40.099 25.662
100 2020 5 11 0 39.968 25.731
102 2020 5 11 0 38.66 27.051
103 2020 5 11 0 39.429 27.128
104 2020 5 11 0 39.216 27.052
105 2020 5 11 0 38.554 27.024
106 2020 5 11 0 39.733 27.159
107 2020 5 11 0 35.787 20.717
109 2020 5 11 0 35.057 20.918
110 2020 5 11 0 35.421 20.599
111 2020 5 11 0 38.139 26.408
112 2020 5 11 0 34.752 20.876
113 2020 5 11 0 40.05 27.29
114 2020 5 11 0 40.152 27.25
115 2020 5 11 0 40.013 27.213
116 2020 5 11 0 39.953 27.232
117 2020 5 11 0 40.11 27.212
118 2020 5 11 0 40.112 27.408
119 2020 5 11 0 40.176 27.311
120 2020 5 11 0 38.91 25.25
121 2020 5 11 0 39.451 25.627
122 2020 5 11 0 38.923 25.459
123 2020 5 11 0 38.982 26.006
124 2020 5 11 0 39.266 25.714
125 2020 5 11 0 39.696 25.73
126 2020 5 11 0 38.689 26.27
127 2020 5 11 0 38.175 24.837
128 2020 5 11 0 38.883 24.952
129 2020 5 11 0 32.38 20.597
130 2020 5 11 0 32.47 20.759
131 2020 5 11 0 32.255 20.626
132 2020 5 11 0 38.476 25.485
133 2020 5 11 0 32.786 20.44
134 2020 5 11 0 37.005 25.588
135 2020 5 11 0 35.705 26.363
136 2020 5 11 0 38.784 25.039
137 2020 5 11 0 35.755 26.122
138 2020 5 11 0 37.734 25.378
139 2020 5 11 0 37.022 26.071
140 2020 5 11 0 37.227 26.316
141 2020 5 11 0 32.249 20.493
142 2020 5 11 0 39.824 25.063
143 2020 5 11 0 39.935 25.311
144 2020 5 11 0 39.133 24.462
145 2020 5 11 0 38.187 23.487
146 2020 5 11 0 38.047 23.464
147 2020 5 11 0 40.473 25.878
148 2020 5 11 0 40.486 25.854
149 2020 5 11 0 38.551 23.843
150 2020 5 11 0 38.367 23.648
151 2020 5 11 0 38.044 26.225
152 2020 5 11 0 37.696 26.602
153 2020 5 11 0 38.003 26.163
154 2020 5 11 0 38.137 26.481
155 2020 5 11 0 37.576 26.585
156 2020 5 11 0 37.778 26.708
157 2020 5 11 0 38.11 26.614
158 2020 5 11 0 38.019 26.136
159 2020 5 11 0 38.105 26.484
160 2020 5 11 0 37.92 26.938
161 2020 5 11 0 39.658 25.491
162 2020 5 11 0 39.841 25.302
164 2020 5 11 0 39.452 25.43
165 2020 5 11 0 39.747 25.423
166 2020 5 11 0 39.941 25.38
167 2020 5 11 0 39.403 25.457
168 2020 5 11 0 39.761 25.348
169 2020 5 11 0 39.42 25.435
170 2020 5 11 0 39.742 25.406
171 2020 5 11 0 34.54 21.016
172 2020 5 11 0 36.491 26.801
173 2020 5 11 0 34.508 21.319
174 2020 5 11 0 40.026 26.373
175 2020 5 11 0 39.751 26.925
176 2020 5 11 0 40.336 26.849
177 2020 5 11 0 39.192 26.386
178 2020 5 11 0 39.694 25.997
179 2020 5 11 0 40.421 26.555
180 2020 5 11 0 39.43 26.833
181 2020 5 11 0 40.01 26.943
182 2020 5 11 0 34.867 20.58
183 2020 5 11 0 34.438 21.155
184 2020 5 11 0 34.139 21.277
185 2020 5 11 0 34.496 20.579
186 2020 5 11 0 34.499 20.366
187 2020 5 11 0 34.458 20.561
188 2020 5 11 0 38.905 27.258
189 2020 5 11 0 37.157 26.872
190 2020 5 11 0 37.578 26.917
191 2020 5 11 0 37.267 26.665
192 2020 5 11 0 37.037 26.747
195 2020 5 11 0 31.7 20.395
196 2020 5 11 0 31.762 20.362
197 2020 5 11 0 31.63 20.275
198 2020 5 11 0 31.825 20.295
199 2020 5 11 0 38.472 25.642
200 2020 5 11 0 37.389 26.203
201 2020 5 11 0 37.649 26.081
202 2020 5 11 0 37.93 26.096
203 2020 5 11 0 39.026 25.542
204 2020 5 11 0 40.44 26.342
205 2020 5 11 0 39.253 24.831
206 2020 5 11 0 40.369 26.126
207 2020 5 11 0 40.169 26.529
208 2020 5 11 0 39.896 26.114
209 2020 5 11 0 40.085 25.983
210 2020 5 11 0 39.909 27.186
211 2020 5 11 0 39.898 27.213
212 2020 5 11 0 39.939 27.232
213 2020 5 11 0 39.766 27.14
214 2020 5 11 0 39.734 27.166
215 2020 5 11 0 39.844 27.188
216 2020 5 11 0 36.749 25.34
217 2020 5 11 0 38.595 25.062
218 2020 5 11 0 36.057 25.44
219 2020 5 11 0 35.693 25.678
220 2020 5 11 0 35.67 19.096
221 2020 5 11 0 35.677 25.881
222 2020 5 11 0 36.543 25.411
223 2020 5 11 0 37.953 25.207
224 2020 5 11 0 36.764 25.409
225 2020 5 11 0 36.263 25.869
226 2020 5 11 0 36.281 25.677
227 2020 5 11 0 35.085 26.018
228 2020 5 11 0 35.093 19.19
229 2020 5 11 0 35.142 19.161
230 2020 5 11 0 35.003 19.256
231 2020 5 11 0 35.167 19.193
232 2020 5 11 0 34.925 19.331
233 2020 5 11 0 40.374 26.866
234 2020 5 11 0 40.103 26.765
235 2020 5 11 0 40.116 26.703
236 2020 5 11 0 40.18 27.099
237 2020 5 11 0 40.108 27.068
238 2020 5 11 0 40.214 26.793
239 2020 5 11 0 39.007 24.656
240 2020 5 11 0 37.287 25.172
241 2020 5 11 0 38.354 24.86
242 2020 5 11 0 36.799 25.405
243 2020 5 11 0 36.664 25.411
244 2020 5 11 0 37.75 24.854
245 2020 5 11 0 38.469 24.632
246 2020 5 11 0 37.572 24.932
247 2020 5 11 0 38.87 24.77
248 2020 5 11 0 39.337 24.553
249 2020 5 11 0 39.915 24.965
250 2020 5 11 0 39.607 24.757
251 2020 5 11 0 39.561 24.919
252 2020 5 11 0 39.822 25.056
0 2020 5 11 0 37.393 26.537
