1 2020 2 23 0 31.828 16.517
2 2020 2 23 0 32.08 16.018
3 2020 2 23 0 31.853 16.571
4 2020 2 23 0 31.944 16.143
5 2020 2 23 0 32.372 15.348
6 2020 2 23 0 32.75 15.5
7 2020 2 23 0 32.271 15.999
8 2020 2 23 0 31.969 16.018
9 2020 2 23 0 31.892 16.238
10 2020 2 23 0 31.851 16.123
11 2020 2 23 0 31.774 17.244
12 2020 2 23 0 32.14 17.234
13 2020 2 23 0 32.307 16.995
14 2020 2 23 0 32.653 16.377
15 2020 2 23 0 32.08 16.78
16 2020 2 23 0 32.126 16.545
17 2020 2 23 0 32.411 16.118
18 2020 2 23 0 31.75 17.356
19 2020 2 23 0 28.085 14.061
20 2020 2 23 0 30.954 15.414
21 2020 2 23 0 28.205 14.322
22 2020 2 23 0 28.159 13.949
23 2020 2 23 0 28.686 13.688
24 2020 2 23 0 30.039 14.617
25 2020 2 23 0 28.442 13.774
26 2020 2 23 0 29.814 14.35
27 2020 2 23 0 29.437 14.126
28 2020 2 23 0 28.697 13.848
29 2020 2 23 0 31.421 15.817
30 2020 2 23 0 30.257 14.949
31 2020 2 23 0 29.029 13.913
32 2020 2 23 0 31.351 15.845
33 2020 2 23 0 33.412 17.17
34 2020 2 23 0 33.311 17.027
35 2020 2 23 0 33.599 17.309
36 2020 2 23 0 33.625 16.92
37 2020 2 23 0 33.202 16.811
38 2020 2 23 0 33.179 17.346
39 2020 2 23 0 33.094 17.394
40 2020 2 23 0 33.484 16.748
41 2020 2 23 0 33.419 17.416
42 2020 2 23 0 31.525 17.258
43 2020 2 23 0 31.981 17.661
44 2020 2 23 0 31.882 17.504
45 2020 2 23 0 31.578 17.488
46 2020 2 23 0 31.693 17.345
47 2020 2 23 0 32.042 17.829
48 2020 2 23 0 31.969 17.839
49 2020 2 23 0 31.58 17.469
51 2020 2 23 0 31.683 16.596
52 2020 2 23 0 31.518 16.894
53 2020 2 23 0 31.813 16.403
54 2020 2 23 0 31.547 16.49
55 2020 2 23 0 29.703 17.445
56 2020 2 23 0 30.002 17.019
57 2020 2 23 0 30.402 17.662
58 2020 2 23 0 30.026 16.985
59 2020 2 23 0 30.239 17.248
60 2020 2 23 0 29.875 17.692
61 2020 2 23 0 32.317 16.819
62 2020 2 23 0 32.706 16.354
63 2020 2 23 0 32.654 16.637
64 2020 2 23 0 32.7 16.772
65 2020 2 23 0 33.463 16.344
66 2020 2 23 0 31.899 17.216
67 2020 2 23 0 32.542 16.865
68 2020 2 23 0 33.409 16.273
69 2020 2 23 0 32.548 16.83
70 2020 2 23 0 33.192 16.226
71 2020 2 23 0 29.981 17.507
72 2020 2 23 0 30.021 17.408
73 2020 2 23 0 30.266 16.834
74 2020 2 23 0 30.026 17.419
75 2020 2 23 0 30.059 17.316
76 2020 2 23 0 29.99 17.493
77 2020 2 23 0 29.971 17.519
78 2020 2 23 0 29.933 17.523
79 2020 2 23 0 29.994 17.488
80 2020 2 23 0 30.692 16.022
81 2020 2 23 0 32.057 16.423
82 2020 2 23 0 31.753 17.685
83 2020 2 23 0 31.578 17.333
84 2020 2 23 0 31.681 17.247
85 2020 2 23 0 31.707 17.21
86 2020 2 23 0 32.166 16.388
87 2020 2 23 0 31.824 16.844
88 2020 2 23 0 31.81 17.035
89 2020 2 23 0 31.736 17.465
90 2020 2 23 0 32.008 16.668
91 2020 2 23 0 31.655 16.042
92 2020 2 23 0 31.788 15.858
93 2020 2 23 0 31.949 16.207
94 2020 2 23 0 31.885 16.274
95 2020 2 23 0 29.561 14.551
96 2020 2 23 0 28.789 14.477
97 2020 2 23 0 30.257 14.679
98 2020 2 23 0 29.935 15.225
99 2020 2 23 0 30.874 16.058
100 2020 2 23 0 30.837 15.408
102 2020 2 23 0 32.885 17.489
103 2020 2 23 0 32.53 17.491
104 2020 2 23 0 32.667 17.421
105 2020 2 23 0 32.869 17.671
106 2020 2 23 0 32.384 17.451
107 2020 2 23 0 33.567 17.593
109 2020 2 23 0 33.069 17.984
110 2020 2 23 0 33.374 17.659
111 2020 2 23 0 33.188 17.738
112 2020 2 23 0 32.892 18.095
113 2020 2 23 0 31.922 17.588
114 2020 2 23 0 31.867 17.826
115 2020 2 23 0 31.96 17.448
116 2020 2 23 0 32.036 17.447
117 2020 2 23 0 31.872 17.633
118 2020 2 23 0 32 17.942
119 2020 2 23 0 31.867 18.02
120 2020 2 23 0 30.176 14.56
121 2020 2 23 0 30.985 15.212
122 2020 2 23 0 30.722 14.967
123 2020 2 23 0 31.223 15.572
124 2020 2 23 0 31.373 15.608
125 2020 2 23 0 31.771 15.836
126 2020 2 23 0 31.341 15.641
127 2020 2 23 0 29.317 13.87
128 2020 2 23 0 29.524 13.984
129 2020 2 23 0 31.055 17.667
130 2020 2 23 0 31.319 17.523
131 2020 2 23 0 30.943 17.7
132 2020 2 23 0 31.639 15.634
133 2020 2 23 0 31.709 17.028
134 2020 2 23 0 32.127 15.957
135 2020 2 23 0 30.848 17.15
136 2020 2 23 0 32.81 15.065
137 2020 2 23 0 32.008 16.525
138 2020 2 23 0 32.171 15.64
139 2020 2 23 0 30.963 16.466
140 2020 2 23 0 30.415 16.655
141 2020 2 23 0 31.06 17.351
142 2020 2 23 0 32.86 14.851
143 2020 2 23 0 30.412 16.351
144 2020 2 23 0 29.408 15.672
145 2020 2 23 0 28.173 14.891
146 2020 2 23 0 27.775 14.056
147 2020 2 23 0 31.215 16.688
148 2020 2 23 0 31.138 16.862
149 2020 2 23 0 28.68 15.264
150 2020 2 23 0 28.455 15.263
151 2020 2 23 0 33.66 16.952
152 2020 2 23 0 33.407 17.703
153 2020 2 23 0 33.638 16.821
154 2020 2 23 0 33.693 17.471
155 2020 2 23 0 33.244 17.874
156 2020 2 23 0 33.342 17.62
157 2020 2 23 0 33.565 17.472
158 2020 2 23 0 33.62 16.732
159 2020 2 23 0 33.699 17.511
160 2020 2 23 0 33.13 17.537
161 2020 2 23 0 31.832 15.703
162 2020 2 23 0 32.074 15.541
164 2020 2 23 0 31.366 15.584
165 2020 2 23 0 31.745 15.878
166 2020 2 23 0 32.016 15.808
167 2020 2 23 0 31.362 15.647
168 2020 2 23 0 31.958 15.453
169 2020 2 23 0 31.338 15.573
170 2020 2 23 0 31.732 15.666
171 2020 2 23 0 32.638 17.947
172 2020 2 23 0 32.612 18.163
173 2020 2 23 0 32.591 18.244
174 2020 2 23 0 32.27 17.285
175 2020 2 23 0 32.387 17.376
176 2020 2 23 0 31.803 17.599
177 2020 2 23 0 32.955 17.199
178 2020 2 23 0 32.697 17.122
179 2020 2 23 0 31.846 17.388
180 2020 2 23 0 32.67 17.339
181 2020 2 23 0 32.098 17.397
182 2020 2 23 0 33.051 17.902
183 2020 2 23 0 32.659 18.319
184 2020 2 23 0 32.69 18.537
185 2020 2 23 0 32.858 18.075
186 2020 2 23 0 33.08 17.885
187 2020 2 23 0 32.92 18.089
188 2020 2 23 0 32.742 17.891
189 2020 2 23 0 32.803 17.991
190 2020 2 23 0 32.753 17.977
191 2020 2 23 0 33.135 17.927
192 2020 2 23 0 32.835 18.133
195 2020 2 23 0 30.352 17.795
196 2020 2 23 0 30.317 17.781
197 2020 2 23 0 30.079 17.718
198 2020 2 23 0 30.157 17.684
199 2020 2 23 0 30.618 15.931
200 2020 2 23 0 30.211 16.423
201 2020 2 23 0 30.284 16.393
202 2020 2 23 0 30.507 16.321
203 2020 2 23 0 31.078 15.676
204 2020 2 23 0 31.385 17.274
205 2020 2 23 0 29.642 15.997
206 2020 2 23 0 31.145 17.002
207 2020 2 23 0 31.139 17.119
208 2020 2 23 0 30.655 16.636
209 2020 2 23 0 30.77 16.699
210 2020 2 23 0 31.994 17.415
211 2020 2 23 0 32.137 17.449
212 2020 2 23 0 32.058 17.451
213 2020 2 23 0 32.293 17.39
214 2020 2 23 0 32.378 17.467
215 2020 2 23 0 32.24 17.448
216 2020 2 23 0 33.268 15.874
217 2020 2 23 0 33.233 15.095
218 2020 2 23 0 32.998 16.117
219 2020 2 23 0 33.367 15.986
220 2020 2 23 0 33.983 15.429
221 2020 2 23 0 33.776 15.686
222 2020 2 23 0 32.874 15.882
223 2020 2 23 0 33.607 15.502
224 2020 2 23 0 33.711 16.071
225 2020 2 23 0 34.103 15.332
226 2020 2 23 0 33.851 15.848
227 2020 2 23 0 33.627 15.875
228 2020 2 23 0 33.829 15.888
229 2020 2 23 0 34.007 15.985
230 2020 2 23 0 33.883 16.046
231 2020 2 23 0 33.716 15.723
232 2020 2 23 0 33.885 16.128
233 2020 2 23 0 31.671 17.787
234 2020 2 23 0 31.303 17.251
235 2020 2 23 0 31.223 17.22
236 2020 2 23 0 31.623 17.823
237 2020 2 23 0 31.63 17.585
238 2020 2 23 0 31.396 17.51
239 2020 2 23 0 33.224 14.807
240 2020 2 23 0 33.812 15.68
241 2020 2 23 0 33.579 15.066
242 2020 2 23 0 33.955 15.562
243 2020 2 23 0 34.023 15.168
244 2020 2 23 0 33.777 15.148
245 2020 2 23 0 33.532 14.732
246 2020 2 23 0 33.836 14.933
247 2020 2 23 0 33.422 14.727
248 2020 2 23 0 33.084 14.324
249 2020 2 23 0 32.798 14.77
250 2020 2 23 0 32.697 14.672
251 2020 2 23 0 33.395 14.674
252 2020 2 23 0 32.484 15.071
0 2020 2 23 0 30.543 16.572
