1 2020 4 6 0 40.253 22.464
2 2020 4 6 0 39.421 22.381
3 2020 4 6 0 40.116 22.692
4 2020 4 6 0 40.036 22.11
5 2020 4 6 0 38.838 22.255
6 2020 4 6 0 38.802 22.715
7 2020 4 6 0 39.568 22.815
8 2020 4 6 0 39.906 22.031
9 2020 4 6 0 39.811 22.131
10 2020 4 6 0 39.408 21.891
11 2020 4 6 0 39.168 23.386
12 2020 4 6 0 38.538 23.46
13 2020 4 6 0 38.68 23.445
14 2020 4 6 0 39.076 23.335
15 2020 4 6 0 39.249 23.345
16 2020 4 6 0 39.435 23.296
17 2020 4 6 0 39.497 23.263
18 2020 4 6 0 39.185 23.442
19 2020 4 6 0 38.305 20.016
20 2020 4 6 0 39.355 21.555
21 2020 4 6 0 38.291 19.864
22 2020 4 6 0 38.278 20.205
23 2020 4 6 0 38.378 20.216
24 2020 4 6 0 38.981 21.033
25 2020 4 6 0 38.313 20.427
26 2020 4 6 0 38.702 20.559
27 2020 4 6 0 38.779 20.843
28 2020 4 6 0 38.609 20.048
29 2020 4 6 0 39.466 21.878
30 2020 4 6 0 39.496 21.756
31 2020 4 6 0 38.862 19.998
32 2020 4 6 0 40.043 22.422
33 2020 4 6 0 36.934 23.812
34 2020 4 6 0 37.216 23.7
35 2020 4 6 0 36.725 23.947
36 2020 4 6 0 36.84 23.742
37 2020 4 6 0 38.148 23.509
38 2020 4 6 0 36.885 23.768
39 2020 4 6 0 36.703 23.744
40 2020 4 6 0 37.383 23.562
41 2020 4 6 0 36.571 23.917
42 2020 4 6 0 39.118 22.582
43 2020 4 6 0 38.802 23.35
44 2020 4 6 0 38.636 23.152
45 2020 4 6 0 39.999 22.977
46 2020 4 6 0 38.746 22.87
47 2020 4 6 0 39.457 23.351
48 2020 4 6 0 39.909 23.34
49 2020 4 6 0 39.687 22.72
51 2020 4 6 0 40.221 22.551
52 2020 4 6 0 40.032 22.998
53 2020 4 6 0 40.29 22.275
54 2020 4 6 0 40.294 22.345
55 2020 4 6 0 33.294 22.092
56 2020 4 6 0 34.369 21.847
57 2020 4 6 0 32.616 22.154
58 2020 4 6 0 35.024 21.895
59 2020 4 6 0 33.239 21.836
60 2020 4 6 0 32.69 22.229
61 2020 4 6 0 33.288 20.379
62 2020 4 6 0 34.231 21.666
63 2020 4 6 0 33.31 21.871
64 2020 4 6 0 33.684 20.256
65 2020 4 6 0 34.462 19.683
66 2020 4 6 0 32.942 20.678
67 2020 4 6 0 33.525 20.37
68 2020 4 6 0 34.471 19.63
69 2020 4 6 0 33.508 20.386
70 2020 4 6 0 34.34 19.494
71 2020 4 6 0 32.044 20.16
72 2020 4 6 0 34.45 22.416
73 2020 4 6 0 36.471 21.86
74 2020 4 6 0 34.336 22.443
75 2020 4 6 0 34.787 22.332
76 2020 4 6 0 34.069 22.511
77 2020 4 6 0 32.019 20.175
78 2020 4 6 0 31.944 20.159
79 2020 4 6 0 34.081 22.508
80 2020 4 6 0 37.413 21.29
81 2020 4 6 0 39.841 22.942
82 2020 4 6 0 39.551 23.684
83 2020 4 6 0 39.877 23.528
84 2020 4 6 0 39.755 23.507
85 2020 4 6 0 39.558 23.472
86 2020 4 6 0 39.613 23.175
87 2020 4 6 0 39.795 23.15
88 2020 4 6 0 39.475 23.35
89 2020 4 6 0 39.416 23.561
90 2020 4 6 0 39.552 23.218
91 2020 4 6 0 40.199 22.032
92 2020 4 6 0 40.149 22.027
93 2020 4 6 0 40.257 22.209
94 2020 4 6 0 40.11 22.146
95 2020 4 6 0 39.164 20.432
96 2020 4 6 0 38.67 19.993
97 2020 4 6 0 39.473 20.835
98 2020 4 6 0 39.378 20.93
99 2020 4 6 0 39.957 21.826
100 2020 4 6 0 39.834 21.407
102 2020 4 6 0 36.793 23.682
103 2020 4 6 0 37.472 23.447
104 2020 4 6 0 37.3 23.506
105 2020 4 6 0 36.628 23.797
106 2020 4 6 0 37.756 23.342
107 2020 4 6 0 35.787 20.717
109 2020 4 6 0 35.057 20.918
110 2020 4 6 0 35.421 20.599
111 2020 4 6 0 36.622 23.97
112 2020 4 6 0 34.752 20.876
113 2020 4 6 0 38.59 23.351
114 2020 4 6 0 39.268 23.613
115 2020 4 6 0 38.199 23.272
116 2020 4 6 0 38.096 23.264
117 2020 4 6 0 38.755 23.448
118 2020 4 6 0 39.675 23.553
119 2020 4 6 0 39.771 23.761
120 2020 4 6 0 39.184 20.782
121 2020 4 6 0 39.665 21.409
122 2020 4 6 0 39.31 21.155
123 2020 4 6 0 39.253 21.401
124 2020 4 6 0 39.407 21.439
125 2020 4 6 0 39.741 21.738
126 2020 4 6 0 38.799 21.295
127 2020 4 6 0 38.603 20.145
128 2020 4 6 0 38.982 20.231
129 2020 4 6 0 32.38 20.597
130 2020 4 6 0 32.47 20.759
131 2020 4 6 0 32.255 20.626
132 2020 4 6 0 36.671 21.168
133 2020 4 6 0 32.786 20.44
134 2020 4 6 0 34.972 21.225
135 2020 4 6 0 33.326 21.628
136 2020 4 6 0 37.185 20.885
137 2020 4 6 0 33.829 21.619
138 2020 4 6 0 35.564 21.053
139 2020 4 6 0 34.687 21.452
140 2020 4 6 0 34.948 21.642
141 2020 4 6 0 32.249 20.493
142 2020 4 6 0 38.804 20.915
143 2020 4 6 0 39.852 21.913
144 2020 4 6 0 39.097 20.904
145 2020 4 6 0 38.206 19.85
146 2020 4 6 0 38.003 19.651
147 2020 4 6 0 40.233 22.524
148 2020 4 6 0 40.138 22.771
149 2020 4 6 0 38.56 20.222
150 2020 4 6 0 38.404 20.087
151 2020 4 6 0 36.758 23.732
152 2020 4 6 0 36.113 24.093
153 2020 4 6 0 36.798 23.649
154 2020 4 6 0 36.547 24.043
155 2020 4 6 0 36.016 24.12
156 2020 4 6 0 36.152 24.027
157 2020 4 6 0 36.47 24.012
158 2020 4 6 0 36.841 23.621
159 2020 4 6 0 36.515 24.055
160 2020 4 6 0 36.193 23.886
161 2020 4 6 0 39.005 21.511
162 2020 4 6 0 38.982 21.874
164 2020 4 6 0 38.485 21.326
165 2020 4 6 0 38.924 21.668
166 2020 4 6 0 38.986 22.083
167 2020 4 6 0 38.458 21.464
168 2020 4 6 0 38.944 21.461
169 2020 4 6 0 38.412 21.38
170 2020 4 6 0 38.877 21.653
171 2020 4 6 0 34.54 21.016
172 2020 4 6 0 34.992 24.233
173 2020 4 6 0 34.508 21.319
174 2020 4 6 0 38.158 23.435
175 2020 4 6 0 37.809 23.386
176 2020 4 6 0 39.105 23.531
177 2020 4 6 0 37.266 23.634
178 2020 4 6 0 37.834 23.573
179 2020 4 6 0 38.69 23.343
180 2020 4 6 0 37.474 23.487
181 2020 4 6 0 38.138 23.321
182 2020 4 6 0 34.867 20.58
183 2020 4 6 0 34.438 21.155
184 2020 4 6 0 34.139 21.277
185 2020 4 6 0 34.496 20.579
186 2020 4 6 0 34.499 20.366
187 2020 4 6 0 34.458 20.561
188 2020 4 6 0 36.95 23.943
189 2020 4 6 0 35.545 24.068
190 2020 4 6 0 35.846 24.013
191 2020 4 6 0 35.721 24.138
192 2020 4 6 0 35.497 24.139
195 2020 4 6 0 31.7 20.395
196 2020 4 6 0 31.762 20.362
197 2020 4 6 0 31.63 20.275
198 2020 4 6 0 31.825 20.295
199 2020 4 6 0 37.405 21.447
200 2020 4 6 0 36.748 21.634
201 2020 4 6 0 36.624 21.642
202 2020 4 6 0 36.283 21.572
203 2020 4 6 0 37.785 21.326
204 2020 4 6 0 40.042 23.262
205 2020 4 6 0 39.327 21.251
206 2020 4 6 0 40.16 22.878
207 2020 4 6 0 40.241 22.908
208 2020 4 6 0 40.119 22.297
209 2020 4 6 0 40.172 22.393
210 2020 4 6 0 38.118 23.206
211 2020 4 6 0 38.008 23.279
212 2020 4 6 0 38.085 23.258
213 2020 4 6 0 37.869 23.235
214 2020 4 6 0 37.769 23.333
215 2020 4 6 0 37.906 23.306
216 2020 4 6 0 36.114 21.463
217 2020 4 6 0 37.437 20.961
218 2020 4 6 0 35.247 21.466
219 2020 4 6 0 35.443 21.656
220 2020 4 6 0 35.67 19.096
221 2020 4 6 0 35.558 21.694
222 2020 4 6 0 35.384 21.356
223 2020 4 6 0 37.508 21.391
224 2020 4 6 0 36.557 21.728
225 2020 4 6 0 36.043 21.658
226 2020 4 6 0 36.101 21.735
227 2020 4 6 0 35.134 21.726
228 2020 4 6 0 35.093 19.19
229 2020 4 6 0 35.142 19.161
230 2020 4 6 0 35.003 19.256
231 2020 4 6 0 35.167 19.193
232 2020 4 6 0 34.925 19.331
233 2020 4 6 0 39.948 23.756
234 2020 4 6 0 40.193 22.946
235 2020 4 6 0 40.226 22.959
236 2020 4 6 0 40.071 23.583
237 2020 4 6 0 40.065 23.217
238 2020 4 6 0 40.139 23.332
239 2020 4 6 0 38.306 22.343
240 2020 4 6 0 37.216 21.766
241 2020 4 6 0 38.066 22.232
242 2020 4 6 0 36.732 21.763
243 2020 4 6 0 36.631 21.721
244 2020 4 6 0 37.762 21.746
245 2020 4 6 0 38.251 21.77
246 2020 4 6 0 37.599 21.878
247 2020 4 6 0 38.383 21.566
248 2020 4 6 0 38.582 21.831
249 2020 4 6 0 39.108 21.36
250 2020 4 6 0 38.706 21.982
251 2020 4 6 0 38.882 21.088
252 2020 4 6 0 38.964 21.726
0 2020 4 6 0 37.106 21.708
