1 2020 3 18 0 37.297 19.386
2 2020 3 18 0 36.985 18.744
3 2020 3 18 0 37.317 19.59
4 2020 3 18 0 37.233 18.748
5 2020 3 18 0 36.601 17.986
6 2020 3 18 0 37.065 18.203
7 2020 3 18 0 37.4 19.15
8 2020 3 18 0 37.229 18.565
9 2020 3 18 0 37.045 18.814
10 2020 3 18 0 36.759 18.436
11 2020 3 18 0 37.124 20.566
12 2020 3 18 0 37.048 20.201
13 2020 3 18 0 37.204 19.938
14 2020 3 18 0 37.589 19.364
15 2020 3 18 0 37.366 20.131
16 2020 3 18 0 37.494 20.019
17 2020 3 18 0 37.715 19.621
18 2020 3 18 0 37.143 20.684
19 2020 3 18 0 34.695 16.124
20 2020 3 18 0 36.545 17.487
21 2020 3 18 0 34.667 16.19
22 2020 3 18 0 34.692 16.169
23 2020 3 18 0 35.025 16.275
24 2020 3 18 0 35.959 17.066
25 2020 3 18 0 34.764 16.275
26 2020 3 18 0 35.866 16.752
27 2020 3 18 0 35.493 16.797
28 2020 3 18 0 35.138 16.393
29 2020 3 18 0 36.898 17.764
30 2020 3 18 0 36.136 17.802
31 2020 3 18 0 35.367 16.602
32 2020 3 18 0 36.954 18.486
33 2020 3 18 0 36.932 19.112
34 2020 3 18 0 37.028 18.938
35 2020 3 18 0 36.923 19.139
36 2020 3 18 0 36.664 18.717
37 2020 3 18 0 37.373 18.833
38 2020 3 18 0 36.906 19.807
39 2020 3 18 0 36.849 20.15
40 2020 3 18 0 36.885 18.549
41 2020 3 18 0 36.904 19.654
42 2020 3 18 0 36.811 20.485
43 2020 3 18 0 37.317 20.87
44 2020 3 18 0 37.172 20.756
45 2020 3 18 0 37.28 20.557
46 2020 3 18 0 36.966 20.611
47 2020 3 18 0 37.381 20.914
48 2020 3 18 0 37.446 20.865
49 2020 3 18 0 36.982 20.574
51 2020 3 18 0 37.32 19.553
52 2020 3 18 0 37.275 20.115
53 2020 3 18 0 37.311 19.174
54 2020 3 18 0 37.371 19.392
55 2020 3 18 0 35.178 19.003
56 2020 3 18 0 35.385 19.245
57 2020 3 18 0 35.271 18.818
58 2020 3 18 0 35.594 18.799
59 2020 3 18 0 35.162 19.048
60 2020 3 18 0 35.262 18.752
61 2020 3 18 0 35.924 18.852
62 2020 3 18 0 35.752 18.259
63 2020 3 18 0 35.954 18.649
64 2020 3 18 0 35.849 18.71
65 2020 3 18 0 35.943 18.139
66 2020 3 18 0 35.587 19.124
67 2020 3 18 0 35.81 18.827
68 2020 3 18 0 35.706 18.07
69 2020 3 18 0 35.917 18.84
70 2020 3 18 0 35.404 17.999
71 2020 3 18 0 36.177 18.703
72 2020 3 18 0 36.152 18.589
73 2020 3 18 0.21036 36.042 17.9
74 2020 3 18 0.36729 36.183 18.591
75 2020 3 18 0 36.126 18.465
76 2020 3 18 0 36.187 18.683
77 2020 3 18 0 36.165 18.721
78 2020 3 18 0 36.089 18.736
79 2020 3 18 0 36.19 18.677
80 2020 3 18 0 36.446 17.398
81 2020 3 18 0 37.47 19.671
82 2020 3 18 0 37.284 20.926
83 2020 3 18 0 37.227 20.681
84 2020 3 18 0 37.17 20.607
85 2020 3 18 0 37.139 20.588
86 2020 3 18 0 37.552 19.819
87 2020 3 18 0 37.259 20.107
88 2020 3 18 0 37.207 20.392
89 2020 3 18 0 37.197 20.78
90 2020 3 18 0 37.397 20.044
91 2020 3 18 0 37.197 18.814
92 2020 3 18 0 37.318 18.61
93 2020 3 18 0 37.362 18.925
94 2020 3 18 0 37.208 18.908
95 2020 3 18 0 35.733 17.203
96 2020 3 18 0 35.06 16.678
97 2020 3 18 0 36.248 17.544
98 2020 3 18 0 36.064 17.8
99 2020 3 18 0 36.912 18.853
100 2020 3 18 0 36.659 18.224
102 2020 3 18 0 36.839 20.659
103 2020 3 18 0 36.888 21.041
104 2020 3 18 0 36.871 20.735
105 2020 3 18 0 36.806 20.951
106 2020 3 18 0 36.907 21.099
107 2020 3 18 0 36.502 19.177
109 2020 3 18 0 35.469 19.466
110 2020 3 18 0 35.74 19.023
111 2020 3 18 0 35.807 19.358
112 2020 3 18 0 34.889 19.411
113 2020 3 18 0 37.273 20.847
114 2020 3 18 0 37.355 20.996
115 2020 3 18 0 37.178 20.809
116 2020 3 18 0 37.13 20.864
117 2020 3 18 0 37.279 20.884
118 2020 3 18 0 37.452 21.005
119 2020 3 18 0 37.436 21.102
120 2020 3 18 0 36.202 17.31
121 2020 3 18 0 36.764 17.961
122 2020 3 18 0 36.555 17.519
123 2020 3 18 0 36.731 17.414
124 2020 3 18 0 36.883 17.61
125 2020 3 18 0 37.209 18.063
126 2020 3 18 0 36.892 17.316
127 2020 3 18 0 35.6 16.567
128 2020 3 18 0 35.752 16.838
129 2020 3 18 0 35.748 18.75
130 2020 3 18 0 35.399 19.158
131 2020 3 18 0 35.595 18.846
132 2020 3 18 0 37.3 18.304
133 2020 3 18 0 35.616 18.927
134 2020 3 18 0 36.906 18.132
135 2020 3 18 0 35.236 18.932
136 2020 3 18 0 38.032 17.564
137 2020 3 18 0 35.95 18.517
138 2020 3 18 0 37.673 18.045
139 2020 3 18 0 36.156 18.763
140 2020 3 18 0 35.761 19.108
141 2020 3 18 0 35.372 18.948
142 2020 3 18 0 37.552 17.351
143 2020 3 18 0 36.86 19.159
144 2020 3 18 0 35.709 17.877
145 2020 3 18 0 34.427 16.389
146 2020 3 18 0 34.367 15.66
147 2020 3 18 0 37.454 19.784
148 2020 3 18 0 37.414 20.091
149 2020 3 18 0 34.9 17.019
150 2020 3 18 0 34.445 16.829
151 2020 3 18 0 36.609 18.687
152 2020 3 18 0 36.517 19.528
153 2020 3 18 0 36.517 18.569
154 2020 3 18 0 36.901 19.192
155 2020 3 18 0 36.124 19.577
156 2020 3 18 0 36.579 19.695
157 2020 3 18 0 36.873 19.442
158 2020 3 18 0 36.485 18.526
159 2020 3 18 0 36.895 19.197
160 2020 3 18 0 36.637 20.186
161 2020 3 18 0 37.121 18.161
162 2020 3 18 0 36.531 18.058
164 2020 3 18 0 36.884 18.323
165 2020 3 18 0 36.629 18.244
166 2020 3 18 0 36.534 18.253
167 2020 3 18 0 36.603 18.372
168 2020 3 18 0 36.77 18.035
169 2020 3 18 0 36.737 18.372
170 2020 3 18 0 36.649 18.245
171 2020 3 18 0 35.07 19.763
172 2020 3 18 0 35.152 20.037
173 2020 3 18 0 35.132 20.086
174 2020 3 18 0 37.04 20.31
175 2020 3 18 0 36.972 20.7
176 2020 3 18 0 37.252 20.859
177 2020 3 18 0 36.93 19.685
178 2020 3 18 0 37.03 19.629
179 2020 3 18 0 37.158 20.688
180 2020 3 18 0 36.906 20.459
181 2020 3 18 0 37.09 20.737
182 2020 3 18 0 34.735 19.001
183 2020 3 18 0 34.678 19.761
184 2020 3 18 0 34.115 19.649
185 2020 3 18 0 34.055 18.963
186 2020 3 18 0 33.783 18.545
187 2020 3 18 0 33.908 18.829
188 2020 3 18 0 36.884 21.286
189 2020 3 18 0 35.872 20.308
190 2020 3 18 0 36.124 20.677
191 2020 3 18 0 36.056 19.746
192 2020 3 18 0 35.604 20.022
195 2020 3 18 0 35.482 18.622
196 2020 3 18 0 35.762 18.47
197 2020 3 18 0 35.681 18.623
198 2020 3 18 0 35.908 18.582
199 2020 3 18 0 36.064 18.578
200 2020 3 18 0 35.704 18.314
201 2020 3 18 0 35.769 18.592
202 2020 3 18 0 36.058 18.836
203 2020 3 18 0 36.69 18.501
204 2020 3 18 0 37.323 20.52
205 2020 3 18 0 35.836 18.338
206 2020 3 18 0 37.365 20.218
207 2020 3 18 0 37.298 20.275
208 2020 3 18 0 36.901 19.643
209 2020 3 18 0 37.14 19.766
210 2020 3 18 0 37.124 20.792
211 2020 3 18 0 37.064 20.941
212 2020 3 18 0 37.118 20.881
213 2020 3 18 0 36.962 20.939
214 2020 3 18 0 36.921 21.116
215 2020 3 18 0 36.992 21.022
216 2020 3 18 0 35.993 17.629
217 2020 3 18 0 37.525 17.341
218 2020 3 18 0 35.107 17.789
219 2020 3 18 0 34.954 17.626
220 2020 3 18 0 34.835 17.269
221 2020 3 18 0 34.96 17.447
222 2020 3 18 0 36.159 17.793
223 2020 3 18 0 36.743 17.397
224 2020 3 18 0 36.14 17.67
225 2020 3 18 0 35.201 17.257
226 2020 3 18 0 35.59 17.547
227 2020 3 18 0 34.664 17.527
228 2020 3 18 0 34.96 17.525
229 2020 3 18 0 35.541 17.576
230 2020 3 18 0 35.583 17.675
231 2020 3 18 0 34.481 17.434
232 2020 3 18 0 35.881 17.785
233 2020 3 18 0 37.348 20.97
234 2020 3 18 0 37.313 20.367
235 2020 3 18 0 37.298 20.349
236 2020 3 18 0 37.408 20.903
237 2020 3 18 0 37.394 20.657
238 2020 3 18 0 37.347 20.643
239 2020 3 18 0 36.681 17.278
240 2020 3 18 0 36.334 17.379
241 2020 3 18 0 36.405 17.084
242 2020 3 18 0 35.85 17.297
243 2020 3 18 0 35.411 17.004
244 2020 3 18 0 36.319 16.975
245 2020 3 18 0 36.553 16.903
246 2020 3 18 0 35.885 16.792
247 2020 3 18 0 36.817 17.057
248 2020 3 18 0 36.806 17.089
249 2020 3 18 0 37.034 17.354
250 2020 3 18 0 36.693 17.448
251 2020 3 18 0 37.243 17.036
252 2020 3 18 0 36.748 17.667
0 2020 3 18 0.51171 36.374 17.942
