1 2020 4 21 0 39.986 25.756
2 2020 4 21 0 39.363 24.857
3 2020 4 21 0 39.94 25.841
4 2020 4 21 0 39.869 24.81
5 2020 4 21 0 38.75 24.208
6 2020 4 21 0 38.762 24.603
7 2020 4 21 0 39.572 25.435
8 2020 4 21 0 39.84 24.436
9 2020 4 21 0 39.613 24.948
10 2020 4 21 0 39.317 24.176
11 2020 4 21 0 39.35 25.962
12 2020 4 21 0 39.07 25.801
13 2020 4 21 0 39.12 25.74
14 2020 4 21 0 39.322 25.635
15 2020 4 21 0 39.409 25.86
16 2020 4 21 0 39.549 25.885
17 2020 4 21 0 39.639 25.82
18 2020 4 21 0 39.504 26.154
19 2020 4 21 0 38.086 22.765
20 2020 4 21 0 39.138 23.807
21 2020 4 21 0 38.016 22.763
22 2020 4 21 0 37.936 22.762
23 2020 4 21 0 37.967 22.732
24 2020 4 21 0 38.645 23.365
25 2020 4 21 0 37.735 22.814
26 2020 4 21 0 38.487 22.964
27 2020 4 21 0 38.274 23.191
28 2020 4 21 0 38.461 22.951
29 2020 4 21 0 39.288 24.07
30 2020 4 21 0 38.966 24.035
31 2020 4 21 0 38.805 23.174
32 2020 4 21 0 39.646 24.63
33 2020 4 21 0 38.283 25.567
34 2020 4 21 0 38.493 25.44
35 2020 4 21 0 38.055 25.628
36 2020 4 21 0 37.771 25.427
37 2020 4 21 0 38.767 25.37
38 2020 4 21 0 38.413 25.905
39 2020 4 21 0 38.298 26.081
40 2020 4 21 0 38.111 25.29
41 2020 4 21 0 38.081 25.873
42 2020 4 21 0 39.164 25.719
43 2020 4 21 0 39.711 26.603
44 2020 4 21 0 39.567 26.374
45 2020 4 21 0 39.792 26.124
46 2020 4 21 0 39.343 26.025
47 2020 4 21 0 39.721 26.7
48 2020 4 21 0 39.823 26.667
49 2020 4 21 0 39.352 25.917
51 2020 4 21 0 40.023 25.726
52 2020 4 21 0 40.018 25.905
53 2020 4 21 0 39.986 25.57
54 2020 4 21 0 40.076 25.524
55 2020 4 21 0 34.568 24.087
56 2020 4 21 0 35.786 24.16
57 2020 4 21 0 33.77 24.159
58 2020 4 21 0 36.012 24.074
59 2020 4 21 0 34.615 24.177
60 2020 4 21 0 33.807 24.101
61 2020 4 21 0 33.288 20.379
62 2020 4 21 0 34.659 23.827
63 2020 4 21 0 34.064 24.167
64 2020 4 21 0 33.684 20.256
65 2020 4 21 0 34.462 19.683
66 2020 4 21 0 32.942 20.678
67 2020 4 21 0 33.525 20.37
68 2020 4 21 0 34.471 19.63
69 2020 4 21 0 33.508 20.386
70 2020 4 21 0 34.34 19.494
71 2020 4 21 0 32.044 20.16
72 2020 4 21 0 34.993 24.243
73 2020 4 21 0 36.645 23.953
74 2020 4 21 0 34.89 24.25
75 2020 4 21 0 35.265 24.206
76 2020 4 21 0 34.673 24.286
77 2020 4 21 0 32.019 20.175
78 2020 4 21 0 31.944 20.159
79 2020 4 21 0 34.682 24.283
80 2020 4 21 0 37.621 23.486
81 2020 4 21 0 39.796 25.848
82 2020 4 21 0 39.741 26.521
83 2020 4 21 0 39.913 26.297
84 2020 4 21 0 39.83 26.297
85 2020 4 21 0 39.669 26.174
86 2020 4 21 0 39.679 25.877
87 2020 4 21 0 39.789 26.019
88 2020 4 21 0 39.558 26.011
89 2020 4 21 0 39.667 26.34
90 2020 4 21 0 39.614 25.913
91 2020 4 21 0 39.929 25.239
92 2020 4 21 0 39.998 24.757
93 2020 4 21 0 40.023 25.199
94 2020 4 21 0 39.854 25.164
95 2020 4 21 0 39.062 23.682
96 2020 4 21 0 38.502 23.138
97 2020 4 21 0 39.351 24.045
98 2020 4 21 0 39.222 24.101
99 2020 4 21 0 39.784 24.952
100 2020 4 21 0 39.634 24.712
102 2020 4 21 0 38.419 26.14
103 2020 4 21 0 39.058 26.334
104 2020 4 21 0 38.894 26.3
105 2020 4 21 0 38.253 25.948
106 2020 4 21 0 39.327 26.457
107 2020 4 21 0 35.787 20.717
109 2020 4 21 0 35.057 20.918
110 2020 4 21 0 35.421 20.599
111 2020 4 21 0 37.883 25.593
112 2020 4 21 0 34.752 20.876
113 2020 4 21 0 39.685 26.536
114 2020 4 21 0 39.74 26.655
115 2020 4 21 0 39.608 26.445
116 2020 4 21 0 39.571 26.45
117 2020 4 21 0 39.684 26.536
118 2020 4 21 0 39.802 26.788
119 2020 4 21 0 39.794 26.773
120 2020 4 21 0 39.027 23.566
121 2020 4 21 0 39.508 24.16
122 2020 4 21 0 39.173 23.6
123 2020 4 21 0 39.184 23.598
124 2020 4 21 0 39.37 23.665
125 2020 4 21 0 39.731 24.03
126 2020 4 21 0 38.887 23.474
127 2020 4 21 0 38.428 22.818
128 2020 4 21 0 38.9 23.284
129 2020 4 21 0 32.38 20.597
130 2020 4 21 0 32.47 20.759
131 2020 4 21 0 32.255 20.626
132 2020 4 21 0 37.824 23.483
133 2020 4 21 0 32.786 20.44
134 2020 4 21 0 36.001 23.523
135 2020 4 21 0 34.563 24.112
136 2020 4 21 0 38.059 23.165
137 2020 4 21 0 34.724 23.946
138 2020 4 21 0 36.771 23.353
139 2020 4 21 0 36.049 23.874
140 2020 4 21 0 36.371 24.03
141 2020 4 21 0 32.249 20.493
142 2020 4 21 0 39.328 23.289
143 2020 4 21 0 39.762 24.752
144 2020 4 21 0 38.898 23.859
145 2020 4 21 0 37.846 22.799
146 2020 4 21 0 37.59 22.366
147 2020 4 21 0 40.181 25.423
148 2020 4 21 0 40.16 25.536
149 2020 4 21 0 38.277 23.236
150 2020 4 21 0 38.059 23.068
151 2020 4 21 0 37.683 25.414
152 2020 4 21 0 37.628 25.725
153 2020 4 21 0 37.612 25.351
154 2020 4 21 0 37.912 25.664
155 2020 4 21 0 37.539 25.699
156 2020 4 21 0 37.706 25.825
157 2020 4 21 0 37.922 25.778
158 2020 4 21 0 37.597 25.332
159 2020 4 21 0 37.899 25.661
160 2020 4 21 0 37.844 25.996
161 2020 4 21 0 39.327 23.732
162 2020 4 21 0 38.96 23.905
164 2020 4 21 0 39.171 23.582
165 2020 4 21 0 39.087 23.752
166 2020 4 21 0 38.978 24.181
167 2020 4 21 0 38.957 23.635
168 2020 4 21 0 39.147 23.577
169 2020 4 21 0 39.047 23.593
170 2020 4 21 0 39.091 23.754
171 2020 4 21 0 34.54 21.016
172 2020 4 21 0 36.783 25.756
173 2020 4 21 0 34.508 21.319
174 2020 4 21 0 39.157 25.992
175 2020 4 21 0 39.27 26.279
176 2020 4 21 0 39.655 26.444
177 2020 4 21 0 38.733 25.779
178 2020 4 21 0 38.838 25.66
179 2020 4 21 0 39.47 26.206
180 2020 4 21 0 39.026 26.162
181 2020 4 21 0 39.439 26.319
182 2020 4 21 0 34.867 20.58
183 2020 4 21 0 34.438 21.155
184 2020 4 21 0 34.139 21.277
185 2020 4 21 0 34.496 20.579
186 2020 4 21 0 34.499 20.366
187 2020 4 21 0 34.458 20.561
188 2020 4 21 0 38.592 25.96
189 2020 4 21 0 37.272 25.864
190 2020 4 21 0 37.549 25.839
191 2020 4 21 0 37.327 25.739
192 2020 4 21 0 37.175 25.788
195 2020 4 21 0 31.7 20.395
196 2020 4 21 0 31.762 20.362
197 2020 4 21 0 31.63 20.275
198 2020 4 21 0 31.825 20.295
199 2020 4 21 0 38.213 23.71
200 2020 4 21 0 37.272 23.843
201 2020 4 21 0 37.381 23.889
202 2020 4 21 0 37.417 23.891
203 2020 4 21 0 38.711 23.621
204 2020 4 21 0 39.987 26.035
205 2020 4 21 0 39.068 24.136
206 2020 4 21 0 40.088 25.638
207 2020 4 21 0 39.995 25.699
208 2020 4 21 0 39.805 25.11
209 2020 4 21 0 39.979 25.174
210 2020 4 21 0 39.554 26.381
211 2020 4 21 0 39.51 26.453
212 2020 4 21 0 39.561 26.445
213 2020 4 21 0 39.386 26.366
214 2020 4 21 0 39.332 26.431
215 2020 4 21 0 39.442 26.463
216 2020 4 21 0 36.088 23.547
217 2020 4 21 0 37.979 23.272
218 2020 4 21 0 35.226 23.459
219 2020 4 21 0 35.162 23.687
220 2020 4 21 0 35.67 19.096
221 2020 4 21 0 35.345 23.804
222 2020 4 21 0 35.688 23.44
223 2020 4 21 0 37.513 23.629
224 2020 4 21 0 36.309 23.855
225 2020 4 21 0 36.027 23.825
226 2020 4 21 0 35.923 23.871
227 2020 4 21 0 34.774 23.793
228 2020 4 21 0 35.093 19.19
229 2020 4 21 0 35.142 19.161
230 2020 4 21 0 35.003 19.256
231 2020 4 21 0 35.167 19.193
232 2020 4 21 0 34.925 19.331
233 2020 4 21 0 39.845 26.562
234 2020 4 21 0 39.955 25.875
235 2020 4 21 0 39.96 25.811
236 2020 4 21 0 39.86 26.48
237 2020 4 21 0 39.9 26.305
238 2020 4 21 0 39.918 26.14
239 2020 4 21 0 38.004 23.862
240 2020 4 21 0 36.844 23.776
241 2020 4 21 0 37.679 23.884
242 2020 4 21 0 36.424 23.787
243 2020 4 21 0 36.274 23.644
244 2020 4 21 0 37.24 23.555
245 2020 4 21 0 37.788 23.47
246 2020 4 21 0 37.048 23.578
247 2020 4 21 0 38.212 23.485
248 2020 4 21 0 38.373 23.487
249 2020 4 21 0 39.237 23.479
250 2020 4 21 0 38.554 23.721
251 2020 4 21 0 39.086 23.379
252 2020 4 21 0 38.968 23.728
0 2020 4 21 0 37.298 23.797
