1 2020 3 6 4.894 29.319 18.399
2 2020 3 6 0.47868 29.765 18.366
3 2020 3 6 2.5585 29.473 18.513
4 2020 3 6 0.25318 29.082 17.855
5 2020 3 6 0.33171 30.151 18.003
6 2020 3 6 0 30.236 18.28
7 2020 3 6 0.35099 30.031 18.703
8 2020 3 6 0.34551 29.03 17.62
9 2020 3 6 4.0332 29.286 18.219
10 2020 3 6 1.0243 29.159 17.93
11 2020 3 6 0 30.08 19.199
12 2020 3 6 0 30.199 19.314
13 2020 3 6 0 30.231 19.251
14 2020 3 6 0 30.329 19.074
15 2020 3 6 0 30.164 19.175
16 2020 3 6 0 30.159 19.122
17 2020 3 6 0 30.26 19.073
18 2020 3 6 0 30.076 19.153
19 2020 3 6 6.1267 25.219 14.942
20 2020 3 6 0 27.812 16.34
21 2020 3 6 5.9046 25.63 15.411
22 2020 3 6 0.84542 25.002 14.786
23 2020 3 6 0.13149 25.44 14.948
24 2020 3 6 0 26.754 15.687
25 2020 3 6 0.18247 24.913 14.68
26 2020 3 6 0.17663 26.752 15.675
27 2020 3 6 0 25.955 15.227
28 2020 3 6 4.7041 25.933 15.361
29 2020 3 6 0 28.353 16.593
30 2020 3 6 0.46329 26.487 15.578
31 2020 3 6 7.17 26.568 15.862
32 2020 3 6 0 27.644 16.234
33 2020 3 6 0 30.397 19.61
34 2020 3 6 0 30.463 19.392
35 2020 3 6 0 30.335 19.79
36 2020 3 6 0 30.368 19.593
37 2020 3 6 0 30.447 19.141
38 2020 3 6 0 30.344 19.828
39 2020 3 6 0 30.305 19.988
40 2020 3 6 0 30.448 19.296
41 2020 3 6 0 30.3 19.967
42 2020 3 6 0 29.833 18.938
43 2020 3 6 0 30.264 19.251
44 2020 3 6 0 30.273 19.217
45 2020 3 6 0 29.231 18.853
46 2020 3 6 0 30.104 19.092
47 2020 3 6 0 29.896 19
48 2020 3 6 0 29.552 18.879
49 2020 3 6 0 29.548 18.836
51 2020 3 6 1.239 29.218 18.478
52 2020 3 6 0.42976 29.325 18.643
53 2020 3 6 1.9835 29.182 18.34
54 2020 3 6 1.5526 28.962 18.471
55 2020 3 6 0 26.655 19.035
56 2020 3 6 0 27.362 18.712
57 2020 3 6 0 27.219 19.961
58 2020 3 6 0 27.354 18.404
59 2020 3 6 0 27.486 19.373
60 2020 3 6 0 26.67 19.459
61 2020 3 6 0 28.761 20.027
62 2020 3 6 0 29.175 19.6
63 2020 3 6 0 29.009 19.932
64 2020 3 6 0 28.921 20.18
65 2020 3 6 0.28412 29.557 19.827
66 2020 3 6 0 28.248 20.493
67 2020 3 6 0 28.784 20.263
68 2020 3 6 0 29.522 19.805
69 2020 3 6 0 28.823 20.199
70 2020 3 6 0 29.391 19.706
71 2020 3 6 0.42907 26.504 18.702
72 2020 3 6 0 26.67 18.555
73 2020 3 6 0 27.612 17.793
74 2020 3 6 0.21819 26.628 18.568
75 2020 3 6 0 26.841 18.423
76 2020 3 6 0.11703 26.511 18.674
77 2020 3 6 0.22102 26.496 18.722
78 2020 3 6 0 26.475 18.735
79 2020 3 6 1.7284 26.517 18.67
80 2020 3 6 0 28.426 17.097
81 2020 3 6 0.58511 29.813 18.78
82 2020 3 6 0 29.922 19.123
83 2020 3 6 0.18651 29.623 18.819
84 2020 3 6 0 29.793 18.788
85 2020 3 6 0 29.901 18.903
86 2020 3 6 0.1013 30.062 18.99
87 2020 3 6 0.22167 29.761 18.745
88 2020 3 6 0 29.964 18.998
89 2020 3 6 0 29.977 19.068
90 2020 3 6 0 30.007 18.995
91 2020 3 6 0.30184 28.925 17.918
92 2020 3 6 0.5397 28.804 17.48
93 2020 3 6 0.12217 29.121 17.975
94 2020 3 6 1.0319 29.158 18.122
95 2020 3 6 3.1712 27.184 16.58
96 2020 3 6 2.0728 26.491 16.204
97 2020 3 6 2.8588 27.674 16.728
98 2020 3 6 0.60071 27.527 17.15
99 2020 3 6 1.2375 28.352 18.034
100 2020 3 6 1.059 28.275 17.439
102 2020 3 6 0 30.361 19.951
103 2020 3 6 0 30.367 19.841
104 2020 3 6 0 30.334 19.887
105 2020 3 6 0 30.471 19.858
106 2020 3 6 0 30.348 19.818
107 2020 3 6 0 30.189 20.039
109 2020 3 6 0 30.01 20.39
110 2020 3 6 0 30.025 20.169
111 2020 3 6 0 30.13 20.193
112 2020 3 6 0 29.881 20.523
113 2020 3 6 0 30.377 19.342
114 2020 3 6 0 30.055 19.254
115 2020 3 6 0 30.518 19.457
116 2020 3 6 0 30.504 19.527
117 2020 3 6 0 30.303 19.345
118 2020 3 6 0 29.804 19.045
119 2020 3 6 0 29.801 19.166
120 2020 3 6 1.0198 27.299 16.276
121 2020 3 6 0.68986 28.046 16.872
122 2020 3 6 0.12559 27.673 16.416
123 2020 3 6 0 28.344 16.737
124 2020 3 6 0 28.503 16.954
125 2020 3 6 0.188 28.876 17.302
126 2020 3 6 0 28.815 16.773
127 2020 3 6 0.92455 26.397 15.512
128 2020 3 6 3.7036 26.895 15.98
129 2020 3 6 0 27.517 20.139
130 2020 3 6 0 27.75 20.554
131 2020 3 6 0 27.449 20.235
132 2020 3 6 0 29.493 18.02
133 2020 3 6 0 28.363 20.003
134 2020 3 6 0 29.439 18.83
135 2020 3 6 0 27.972 19.7
136 2020 3 6 0 30.382 17.974
137 2020 3 6 0 28.883 19.489
138 2020 3 6 0 29.769 18.433
139 2020 3 6 0 28.512 18.793
140 2020 3 6 0 27.973 18.602
141 2020 3 6 0 27.814 20.06
142 2020 3 6 0 30.37 17.632
143 2020 3 6 0.21295 27.972 18.292
144 2020 3 6 0.73189 27.103 17.339
145 2020 3 6 3.1472 25.884 16.034
146 2020 3 6 1.7822 25.08 14.762
147 2020 3 6 1.0873 28.733 18.702
148 2020 3 6 0.2319 28.803 18.793
149 2020 3 6 2.9771 26.476 16.716
150 2020 3 6 0.52379 26.287 16.602
151 2020 3 6 0.1497 30.345 19.622
152 2020 3 6 0 30.227 20.129
153 2020 3 6 0.11758 30.36 19.548
154 2020 3 6 0 30.28 19.93
155 2020 3 6 0 30.165 20.251
156 2020 3 6 0 30.243 20.131
157 2020 3 6 0 30.281 19.991
158 2020 3 6 0.15497 30.378 19.507
159 2020 3 6 0 30.269 19.949
160 2020 3 6 0 30.288 20.124
161 2020 3 6 0 29.344 17.602
162 2020 3 6 3.3771 29.681 17.937
164 2020 3 6 0 29.373 17.584
165 2020 3 6 0 29.36 17.83
166 2020 3 6 1.1126 29.825 18.086
167 2020 3 6 0 29.169 17.755
168 2020 3 6 0.30672 29.435 17.77
169 2020 3 6 0 29.28 17.671
170 2020 3 6 1.0587 29.418 17.819
171 2020 3 6 0 29.763 20.146
172 2020 3 6 0 29.939 20.417
173 2020 3 6 0 29.986 20.494
174 2020 3 6 0 30.327 19.43
175 2020 3 6 0 30.391 19.654
176 2020 3 6 0 30.131 19.245
177 2020 3 6 0 30.409 19.563
178 2020 3 6 0 30.346 19.367
179 2020 3 6 0 30.304 19.328
180 2020 3 6 0 30.374 19.727
181 2020 3 6 0 30.431 19.51
182 2020 3 6 0 29.798 20.437
183 2020 3 6 0 29.917 20.642
184 2020 3 6 0 29.92 20.673
185 2020 3 6 0 29.683 20.597
186 2020 3 6 0 29.782 20.422
187 2020 3 6 0 29.761 20.556
188 2020 3 6 0 30.649 19.906
189 2020 3 6 0 30.199 20.381
190 2020 3 6 0 30.318 20.188
191 2020 3 6 0 30.175 20.303
192 2020 3 6 0 30.128 20.481
195 2020 3 6 0 27.009 19.885
196 2020 3 6 0 26.829 19.561
197 2020 3 6 0 26.669 19.365
198 2020 3 6 0 26.669 19.23
199 2020 3 6 0 28.679 17.882
200 2020 3 6 0 28.015 17.901
201 2020 3 6 0 28.119 18.052
202 2020 3 6 0 28.288 18.116
203 2020 3 6 0 29.165 17.714
204 2020 3 6 0.81149 29.234 18.886
205 2020 3 6 0 27.319 17.692
206 2020 3 6 0.74543 28.826 18.85
207 2020 3 6 0.25035 28.778 18.903
208 2020 3 6 0 28.22 18.57
209 2020 3 6 0 28.318 18.679
210 2020 3 6 0 30.492 19.446
211 2020 3 6 0 30.455 19.614
212 2020 3 6 0 30.492 19.546
213 2020 3 6 0 30.357 19.635
214 2020 3 6 0 30.359 19.799
215 2020 3 6 0 30.407 19.705
216 2020 3 6 0 29.755 19.09
217 2020 3 6 0 30.438 18.167
218 2020 3 6 0 29.321 19.464
219 2020 3 6 0 29.528 19.556
220 2020 3 6 0 29.953 19.438
221 2020 3 6 0 29.844 19.539
222 2020 3 6 0 29.606 19.069
223 2020 3 6 0 30.217 18.637
224 2020 3 6 0 29.887 19.28
225 2020 3 6 0 30.123 19.303
226 2020 3 6 0 29.927 19.414
227 2020 3 6 0 29.647 19.751
228 2020 3 6 0.5014 29.792 19.748
229 2020 3 6 0.79409 29.958 19.657
230 2020 3 6 0.54576 29.869 19.68
231 2020 3 6 0 29.687 19.752
232 2020 3 6 0.68609 29.883 19.675
233 2020 3 6 0.14063 29.658 19.061
234 2020 3 6 0 28.892 18.888
235 2020 3 6 0 28.846 18.914
236 2020 3 6 0 29.42 19.089
237 2020 3 6 0 29.238 18.918
238 2020 3 6 0.29892 29.169 19.015
239 2020 3 6 1.0263 30.079 17.893
240 2020 3 6 0 29.951 18.92
241 2020 3 6 0.6325 30.056 18.273
242 2020 3 6 0 29.944 19.07
243 2020 3 6 0 29.861 18.876
244 2020 3 6 0 29.89 18.458
245 2020 3 6 1.1471 29.975 17.994
246 2020 3 6 0 29.834 18.385
247 2020 3 6 0.37346 30.214 17.905
248 2020 3 6 0.41051 30.161 17.496
249 2020 3 6 0.12494 30.18 17.579
250 2020 3 6 0 30.114 17.603
251 2020 3 6 0 30.553 17.731
252 2020 3 6 1.0144 29.988 17.741
0 2020 3 6 0 27.704 17.615
