1 2020 3 21 0 34.376 20.503
2 2020 3 21 0 34.313 19.948
3 2020 3 21 0 34.448 20.41
4 2020 3 21 0 34.262 20.164
5 2020 3 21 0 34.139 19.503
6 2020 3 21 0 34.38 19.715
7 2020 3 21 0 34.645 20.151
8 2020 3 21 0 34.242 20.012
9 2020 3 21 0 34.241 20.162
10 2020 3 21 0 34.053 19.764
11 2020 3 21 0 34.889 19.954
12 2020 3 21 0 34.625 19.91
13 2020 3 21 0 34.657 19.987
14 2020 3 21 0 34.731 20.195
15 2020 3 21 0 34.931 20.054
16 2020 3 21 0 34.973 20.115
17 2020 3 21 0 34.966 20.204
18 2020 3 21 0 34.751 20.007
19 2020 3 21 0 32.019 18.325
20 2020 3 21 0 32.909 19.977
21 2020 3 21 0 31.949 17.845
22 2020 3 21 0 31.934 18.563
23 2020 3 21 0 31.941 18.513
24 2020 3 21 0 32.553 19.295
25 2020 3 21 0 31.887 18.738
26 2020 3 21 0 32.471 18.905
27 2020 3 21 0 32.229 19.014
28 2020 3 21 0 32.256 18.574
29 2020 3 21 0 33.208 20.44
30 2020 3 21 0 33.014 19.782
31 2020 3 21 0 32.461 18.591
32 2020 3 21 0 33.636 20.523
33 2020 3 21 0 33.302 20.41
34 2020 3 21 0 33.704 20.045
35 2020 3 21 0 32.951 20.849
36 2020 3 21 0 32.769 20.538
37 2020 3 21 0 34.175 20.198
38 2020 3 21 0 33.125 20.604
39 2020 3 21 0 32.863 20.646
40 2020 3 21 0 33.34 20.188
41 2020 3 21 0 32.799 20.85
42 2020 3 21 0 34.485 19.568
43 2020 3 21 0 34.58 20.088
44 2020 3 21 0 34.523 19.897
45 2020 3 21 0 34.47 20.304
46 2020 3 21 0 34.467 19.693
47 2020 3 21 0 34.561 20.186
48 2020 3 21 0 34.538 20.348
49 2020 3 21 0 34.512 19.846
51 2020 3 21 0 34.458 20.431
52 2020 3 21 0 34.53 20.22
53 2020 3 21 0 34.377 20.522
54 2020 3 21 0 34.526 20.45
55 2020 3 21 0 30.321 21.296
56 2020 3 21 0 31.131 20.958
57 2020 3 21 0 29.961 21.883
58 2020 3 21 0 31.329 21.057
59 2020 3 21 0 30.416 21.324
60 2020 3 21 0 29.938 21.71
61 2020 3 21 0 31.163 21.451
62 2020 3 21 0 31.847 21.107
63 2020 3 21 0 31.383 21.329
64 2020 3 21 0 31.143 21.42
65 2020 3 21 0 31.389 21
66 2020 3 21 0 30.728 21.781
67 2020 3 21 0 31.078 21.509
68 2020 3 21 0 31.414 20.963
69 2020 3 21 0 31.17 21.494
70 2020 3 21 0 31.62 21.003
71 2020 3 21 0 30.675 21.65
72 2020 3 21 0 30.844 21.581
73 2020 3 21 0 31.728 21.285
74 2020 3 21 0 30.807 21.593
75 2020 3 21 0 31 21.544
76 2020 3 21 0 30.692 21.635
77 2020 3 21 0 30.662 21.659
78 2020 3 21 0 30.627 21.628
79 2020 3 21 0 30.695 21.635
80 2020 3 21 0 32.548 20.678
81 2020 3 21 0 34.7 20.31
82 2020 3 21 0 34.594 20.332
83 2020 3 21 0 34.495 20.207
84 2020 3 21 0 34.476 20.132
85 2020 3 21 0 34.61 20.037
86 2020 3 21 0 34.882 20.207
87 2020 3 21 0 34.568 20.194
88 2020 3 21 0 34.763 20.046
89 2020 3 21 0 34.625 20.142
90 2020 3 21 0 34.837 20.144
91 2020 3 21 0 34.173 20.323
92 2020 3 21 0 34.189 20.11
93 2020 3 21 0 34.332 20.374
94 2020 3 21 0 34.276 20.335
95 2020 3 21 0 32.861 18.9
96 2020 3 21 0 32.306 18.257
97 2020 3 21 0 33.222 19.368
98 2020 3 21 0 33.263 19.186
99 2020 3 21 0 34.118 19.962
100 2020 3 21 0 33.692 19.842
102 2020 3 21 0 32.971 20.686
103 2020 3 21 0 33.371 20.734
104 2020 3 21 0 33.239 20.648
105 2020 3 21 0 33.066 20.826
106 2020 3 21 0 33.515 20.693
107 2020 3 21 0 32.504 21.068
109 2020 3 21 0 31.923 20.795
110 2020 3 21 0 32.05 20.833
111 2020 3 21 0 32.164 20.768
112 2020 3 21 0 31.571 20.653
113 2020 3 21 0 34.586 20.051
114 2020 3 21 0 34.601 20.348
115 2020 3 21 0 34.467 20.009
116 2020 3 21 0 34.296 20.123
117 2020 3 21 0 34.603 20.138
118 2020 3 21 0 34.578 20.394
119 2020 3 21 0 34.602 20.556
120 2020 3 21 0 33.047 19.086
121 2020 3 21 0 33.618 19.597
122 2020 3 21 0 33.294 19.36
123 2020 3 21 0 33.212 20.089
124 2020 3 21 0 33.583 20.065
125 2020 3 21 0 34.047 20.191
126 2020 3 21 0 33.248 20.287
127 2020 3 21 0 32.398 18.497
128 2020 3 21 0 32.675 18.789
129 2020 3 21 0 30.223 22.099
130 2020 3 21 0 30.345 21.978
131 2020 3 21 0 30.159 22.089
132 2020 3 21 0 33.757 19.874
133 2020 3 21 0 30.793 21.526
134 2020 3 21 0 32.65 20.373
135 2020 3 21 0 30.412 21.436
136 2020 3 21 0 34.28 19.704
137 2020 3 21 0 31.559 21.042
138 2020 3 21 0 33.384 19.949
139 2020 3 21 0 31.92 20.618
140 2020 3 21 0 31.8 20.671
141 2020 3 21 0 30.354 21.716
142 2020 3 21 0 34.372 19.822
143 2020 3 21 0 34.26 19.752
144 2020 3 21 0 33.133 18.783
145 2020 3 21 0 31.889 17.624
146 2020 3 21 0 31.685 17.327
147 2020 3 21 0 34.778 20.305
148 2020 3 21 0 34.781 20.22
149 2020 3 21 0 32.349 18.091
150 2020 3 21 0 32.152 17.903
151 2020 3 21 0 32.66 20.708
152 2020 3 21 0 32.529 21.008
153 2020 3 21 0 32.628 20.586
154 2020 3 21 0 32.746 21.146
155 2020 3 21 0 32.327 20.946
156 2020 3 21 0 32.532 20.884
157 2020 3 21 0 32.701 21.021
158 2020 3 21 0 32.631 20.423
159 2020 3 21 0 32.736 21.175
160 2020 3 21 0 32.565 20.651
161 2020 3 21 0 34.254 19.821
162 2020 3 21 0 33.997 19.636
164 2020 3 21 0 34.344 19.762
165 2020 3 21 0 34.092 19.57
166 2020 3 21 0 34.03 19.627
167 2020 3 21 0 34.085 19.766
168 2020 3 21 0 34.108 19.719
169 2020 3 21 0 34.236 19.731
170 2020 3 21 0 34.129 19.656
171 2020 3 21 0 31.959 20.187
172 2020 3 21 0 31.923 20.438
173 2020 3 21 0 31.893 20.487
174 2020 3 21 0 34.326 20.026
175 2020 3 21 0 33.825 20.379
176 2020 3 21 0 34.642 20.181
177 2020 3 21 0 33.663 20.139
178 2020 3 21 0 34.173 19.931
179 2020 3 21 0 34.727 19.955
180 2020 3 21 0 33.52 20.464
181 2020 3 21 0 34.283 20.129
182 2020 3 21 0 31.441 20.594
183 2020 3 21 0 31.527 20.531
184 2020 3 21 0 31.282 20.19
185 2020 3 21 0 31.038 20.393
186 2020 3 21 0 30.982 20.128
187 2020 3 21 0 30.979 20.239
188 2020 3 21 0 33.196 20.912
189 2020 3 21 0 32.236 20.643
190 2020 3 21 0 32.566 20.76
191 2020 3 21 0 32.298 20.879
192 2020 3 21 0 32.067 20.713
195 2020 3 21 0 29.813 22.078
196 2020 3 21 0 29.794 22.155
197 2020 3 21 0 29.991 21.928
198 2020 3 21 0 30.112 21.968
199 2020 3 21 0 33.472 20.084
200 2020 3 21 0 32.405 20.699
201 2020 3 21 0 32.588 20.562
202 2020 3 21 0 32.671 20.411
203 2020 3 21 0 34.025 19.86
204 2020 3 21 0 34.588 20.345
205 2020 3 21 0 33.328 19.109
206 2020 3 21 0 34.662 20.333
207 2020 3 21 0 34.473 20.531
208 2020 3 21 0 34.119 20.224
209 2020 3 21 0 34.42 20.246
210 2020 3 21 0 34.333 20.008
211 2020 3 21 0 34.066 20.297
212 2020 3 21 0 34.251 20.16
213 2020 3 21 0 33.7 20.451
214 2020 3 21 0 33.553 20.692
215 2020 3 21 0 33.822 20.479
216 2020 3 21 0 32.862 20.893
217 2020 3 21 0 33.981 20.124
218 2020 3 21 0 32.026 21
219 2020 3 21 0 31.855 20.872
220 2020 3 21 0 31.674 20.239
221 2020 3 21 0 31.772 20.556
222 2020 3 21 0 32.694 20.638
223 2020 3 21 0 33.577 20.803
224 2020 3 21 0 33.02 21.305
225 2020 3 21 0 32.025 20.253
226 2020 3 21 0 32.435 20.909
227 2020 3 21 0 31.27 20.608
228 2020 3 21 0 31.216 20.527
229 2020 3 21 0 31.36 20.61
230 2020 3 21 0 31.381 20.692
231 2020 3 21 0 31.201 20.413
232 2020 3 21 0 31.433 20.764
233 2020 3 21 0 34.556 20.528
234 2020 3 21 0 34.439 20.519
235 2020 3 21 0 34.436 20.561
236 2020 3 21 0 34.555 20.649
237 2020 3 21 0 34.497 20.484
238 2020 3 21 0 34.522 20.596
239 2020 3 21 0 34.051 19.424
240 2020 3 21 0 33.342 20.945
241 2020 3 21 0 33.58 19.726
242 2020 3 21 0 32.843 20.716
243 2020 3 21 0 32.577 20.27
244 2020 3 21 0 33.556 20.375
245 2020 3 21 0 33.922 19.881
246 2020 3 21 0 33.208 19.957
247 2020 3 21 0 34.043 19.94
248 2020 3 21 0 34.283 19.303
249 2020 3 21 0 34.272 19.656
250 2020 3 21 0 34.236 19.278
251 2020 3 21 0 34.236 20.048
252 2020 3 21 0 34.151 19.562
0 2020 3 21 0 32.066 21.048
