1 2020 5 3 0 41.217 26.599
2 2020 5 3 0 40.204 25.731
3 2020 5 3 0 41.316 26.586
4 2020 5 3 0 40.249 26.025
5 2020 5 3 0 39.611 25.069
6 2020 5 3 0 40.148 25.164
7 2020 5 3 0 40.943 25.989
8 2020 5 3 0 39.884 25.808
9 2020 5 3 0 40.324 25.985
10 2020 5 3 0 39.462 25.478
11 2020 5 3 0 41.315 26.279
12 2020 5 3 0 41.055 26.099
13 2020 5 3 0 41.063 26.021
14 2020 5 3 0 41.102 25.919
15 2020 5 3 0 41.331 26.131
16 2020 5 3 0 41.43 26.165
17 2020 5 3 0 41.446 26.089
18 2020 5 3 0 41.412 26.576
19 2020 5 3 0 40.274 26.312
20 2020 5 3 0 38.8 26.044
21 2020 5 3 0 40.185 26.106
22 2020 5 3 0 39.909 26.262
23 2020 5 3 0 39.091 25.681
24 2020 5 3 0 38.833 25.813
25 2020 5 3 0 39.479 26.152
26 2020 5 3 0 38.458 25.374
27 2020 5 3 0 39.01 25.858
28 2020 5 3 0 39.954 25.852
29 2020 5 3 0 38.851 26.269
30 2020 5 3 0 39.726 26.474
31 2020 5 3 0 40.196 25.708
32 2020 5 3 0 39.856 26.77
33 2020 5 3 0 40.078 25.989
34 2020 5 3 0 40.365 25.793
35 2020 5 3 0 39.754 26.107
36 2020 5 3 0 39.414 25.973
37 2020 5 3 0 40.52 25.691
38 2020 5 3 0 40.08 26.396
39 2020 5 3 0 39.781 26.661
40 2020 5 3 0 39.791 25.753
41 2020 5 3 0 39.629 26.42
42 2020 5 3 0 41.007 26.943
43 2020 5 3 0 41.366 27.24
44 2020 5 3 0 41.245 27.095
45 2020 5 3 0 41.418 27.439
46 2020 5 3 0 41.083 26.965
47 2020 5 3 0 41.25 27.414
48 2020 5 3 0 41.306 27.538
49 2020 5 3 0 41.12 27.205
51 2020 5 3 0 41.368 26.698
52 2020 5 3 0 41.654 26.856
53 2020 5 3 0 41.09 26.537
54 2020 5 3 0 41.393 26.731
55 2020 5 3 0 34.517 26.013
56 2020 5 3 0 35.626 25.897
57 2020 5 3 0 34.122 25.921
58 2020 5 3 0 35.8 26.014
59 2020 5 3 0 34.794 25.817
60 2020 5 3 0 34.028 26
61 2020 5 3 0 33.288 20.379
62 2020 5 3 0 35.334 25.178
63 2020 5 3 0 34.807 25.541
64 2020 5 3 0 33.684 20.256
65 2020 5 3 0 34.462 19.683
66 2020 5 3 0 32.942 20.678
67 2020 5 3 0 33.525 20.37
68 2020 5 3 0 34.471 19.63
69 2020 5 3 0 33.508 20.386
70 2020 5 3 0 34.34 19.494
71 2020 5 3 0 32.044 20.16
72 2020 5 3 0 35.162 26.374
73 2020 5 3 0.10132 36.351 26.216
74 2020 5 3 0.10551 35.087 26.383
75 2020 5 3 0 35.361 26.357
76 2020 5 3 0 34.931 26.4
77 2020 5 3 0 32.019 20.175
78 2020 5 3 0 31.944 20.159
79 2020 5 3 0 34.937 26.399
80 2020 5 3 0 37.036 25.844
81 2020 5 3 0 41.379 26.37
82 2020 5 3 0 41.546 27.143
83 2020 5 3 0 41.726 27.038
84 2020 5 3 0 41.632 26.854
85 2020 5 3 0 41.54 26.624
86 2020 5 3 0 41.446 26.235
87 2020 5 3 0 41.46 26.563
88 2020 5 3 0 41.43 26.398
89 2020 5 3 0 41.521 26.861
90 2020 5 3 0 41.414 26.289
91 2020 5 3 0 40.827 26.365
92 2020 5 3 0 40.331 26.104
93 2020 5 3 0 40.671 26.298
94 2020 5 3 0 40.586 26.224
95 2020 5 3 0 40.484 25.889
96 2020 5 3 0 40.286 25.863
97 2020 5 3 0 40.322 25.85
98 2020 5 3 0 40.759 26.186
99 2020 5 3 0 41.229 26.58
100 2020 5 3 0 40.777 26.201
102 2020 5 3 0 39.902 26.808
103 2020 5 3 0 40.713 26.907
104 2020 5 3 0 40.507 26.835
105 2020 5 3 0 39.784 26.763
106 2020 5 3 0 41.036 26.957
107 2020 5 3 0 35.787 20.717
109 2020 5 3 0 35.057 20.918
110 2020 5 3 0 35.421 20.599
111 2020 5 3 0 39.544 26.107
112 2020 5 3 0 34.752 20.876
113 2020 5 3 0 41.411 27.168
114 2020 5 3 0 41.46 27.335
115 2020 5 3 0 41.376 27.031
116 2020 5 3 0 41.324 27.027
117 2020 5 3 0 41.445 27.173
118 2020 5 3 0 41.353 27.504
119 2020 5 3 0 41.465 27.507
120 2020 5 3 0 39.479 25.562
121 2020 5 3 0 39.891 25.831
122 2020 5 3 0 39.154 25.563
123 2020 5 3 0 38.613 25.727
124 2020 5 3 0 38.938 25.623
125 2020 5 3 0 39.45 25.72
126 2020 5 3 0 38.149 25.716
127 2020 5 3 0 38.816 25.229
128 2020 5 3 0 39.713 25.487
129 2020 5 3 0 32.38 20.597
130 2020 5 3 0 32.47 20.759
131 2020 5 3 0 32.255 20.626
132 2020 5 3 0 37.934 24.944
133 2020 5 3 0 32.786 20.44
134 2020 5 3 0 36.54 24.884
135 2020 5 3 0 35.003 25.569
136 2020 5 3 0 38.526 24.481
137 2020 5 3 0 35.316 25.338
138 2020 5 3 0 37.276 24.705
139 2020 5 3 0 36.23 25.372
140 2020 5 3 0 36.275 25.635
141 2020 5 3 0 32.249 20.493
142 2020 5 3 0 39.567 24.635
143 2020 5 3 0 41.561 26.862
144 2020 5 3 0 40.888 26.418
145 2020 5 3 0 40.184 26.08
146 2020 5 3 0 40.015 26.167
147 2020 5 3 0 41.757 26.95
148 2020 5 3 0 41.891 27.05
149 2020 5 3 0 40.443 26.144
150 2020 5 3 0 40.349 26.14
151 2020 5 3 0 39.311 25.983
152 2020 5 3 0 39.106 26.39
153 2020 5 3 0 39.23 25.939
154 2020 5 3 0 39.553 26.184
155 2020 5 3 0 39.001 26.393
156 2020 5 3 0 39.132 26.492
157 2020 5 3 0 39.479 26.333
158 2020 5 3 0 39.209 25.924
159 2020 5 3 0 39.541 26.183
160 2020 5 3 0 39.174 26.72
161 2020 5 3 0 39.176 25.246
162 2020 5 3 0 39.227 25.101
164 2020 5 3 0 38.886 25.137
165 2020 5 3 0 39.027 25.14
166 2020 5 3 0 39.355 25.282
167 2020 5 3 0 38.733 25.138
168 2020 5 3 0 39.088 24.996
169 2020 5 3 0 38.802 25.112
170 2020 5 3 0 39.042 25.134
171 2020 5 3 0 34.54 21.016
172 2020 5 3 0 37.873 26.846
173 2020 5 3 0 34.508 21.319
174 2020 5 3 0 41.057 26.382
175 2020 5 3 0 41.054 26.75
176 2020 5 3 0 41.468 27.029
177 2020 5 3 0 40.609 26.165
178 2020 5 3 0 40.785 25.984
179 2020 5 3 0 41.344 26.664
180 2020 5 3 0 40.793 26.615
181 2020 5 3 0 41.24 26.825
182 2020 5 3 0 34.867 20.58
183 2020 5 3 0 34.438 21.155
184 2020 5 3 0 34.139 21.277
185 2020 5 3 0 34.496 20.579
186 2020 5 3 0 34.499 20.366
187 2020 5 3 0 34.458 20.561
188 2020 5 3 0 40.168 26.991
189 2020 5 3 0 38.474 26.8
190 2020 5 3 0 38.878 26.797
191 2020 5 3 0 38.665 26.543
192 2020 5 3 0.11149 38.406 26.677
195 2020 5 3 0 31.7 20.395
196 2020 5 3 0 31.762 20.362
197 2020 5 3 0 31.63 20.275
198 2020 5 3 0 31.825 20.295
199 2020 5 3 0 37.869 25.339
200 2020 5 3 0 36.893 25.789
201 2020 5 3 0 37.07 25.678
202 2020 5 3 0 37.162 25.568
203 2020 5 3 0 38.449 25.184
204 2020 5 3 0 41.769 27.188
205 2020 5 3 0 41.1 26.681
206 2020 5 3 0 41.856 27.189
207 2020 5 3 0 41.773 27.375
208 2020 5 3 0 41.651 27.227
209 2020 5 3 0 41.781 27.198
210 2020 5 3 0 41.291 26.985
211 2020 5 3 0 41.251 27.008
212 2020 5 3 0 41.308 27.023
213 2020 5 3 0 41.119 26.917
214 2020 5 3 0 41.042 26.956
215 2020 5 3 0 41.173 26.987
216 2020 5 3 0 36.738 24.811
217 2020 5 3 0 38.524 24.547
218 2020 5 3 0 35.809 24.787
219 2020 5 3 0 35.931 25.046
220 2020 5 3 0 35.67 19.096
221 2020 5 3 0 36.274 25.223
222 2020 5 3 0 36.299 24.756
223 2020 5 3 0 38.212 24.828
224 2020 5 3 0 37.108 25.03
225 2020 5 3 0 37.155 25.248
226 2020 5 3 0 36.844 25.171
227 2020 5 3 0 35.704 25.268
228 2020 5 3 0 35.093 19.19
229 2020 5 3 0 35.142 19.161
230 2020 5 3 0 35.003 19.256
231 2020 5 3 0 35.167 19.193
232 2020 5 3 0 34.925 19.331
233 2020 5 3 0 41.622 27.35
234 2020 5 3 0 41.658 27.443
235 2020 5 3 0 41.708 27.435
236 2020 5 3 0 41.572 27.525
237 2020 5 3 0 41.507 27.503
238 2020 5 3 0 41.685 27.431
239 2020 5 3 0 39.648 24.543
240 2020 5 3 0 37.969 24.883
241 2020 5 3 0 39.435 24.735
242 2020 5 3 0 37.634 25
243 2020 5 3 0 37.723 24.91
244 2020 5 3 0 38.764 24.617
245 2020 5 3 0 39.352 24.424
246 2020 5 3 0 38.838 24.643
247 2020 5 3 0 39.346 24.491
248 2020 5 3 0 39.687 24.307
249 2020 5 3 0 39.732 24.648
250 2020 5 3 0 39.614 24.571
251 2020 5 3 0 39.696 24.562
252 2020 5 3 0 39.51 24.826
0 2020 5 3 0.70032 36.977 26.044
