1 2020 4 4 0 39.743 22.541
2 2020 4 4 0 39.24 22.967
3 2020 4 4 0 39.828 22.654
4 2020 4 4 0 39.508 22.743
5 2020 4 4 0 38.902 22.885
6 2020 4 4 0 39.31 23.146
7 2020 4 4 0 39.689 23.122
8 2020 4 4 0 39.48 22.831
9 2020 4 4 0 39.28 22.72
10 2020 4 4 0 38.907 22.847
11 2020 4 4 0 39.725 23.21
12 2020 4 4 0 39.443 23.352
13 2020 4 4 0 39.563 23.435
14 2020 4 4 0 39.839 23.518
15 2020 4 4 0 39.826 23.347
16 2020 4 4 0 39.926 23.317
17 2020 4 4 0 40.016 23.385
18 2020 4 4 0 39.738 22.995
19 2020 4 4 0 36.99 19.425
20 2020 4 4 0 38.949 21.891
21 2020 4 4 0 36.797 19.285
22 2020 4 4 0 37.042 19.669
23 2020 4 4 0 37.457 19.941
24 2020 4 4 0 38.376 21.138
25 2020 4 4 0 37.087 19.89
26 2020 4 4 0 38.286 20.865
27 2020 4 4 0 37.927 20.661
28 2020 4 4 0 37.601 19.654
29 2020 4 4 0 39.099 22.317
30 2020 4 4 0 38.525 21.512
31 2020 4 4 0 37.865 19.607
32 2020 4 4 0 39.287 22.466
33 2020 4 4 0 38.722 23.77
34 2020 4 4 0 38.939 23.685
35 2020 4 4 0 38.584 23.953
36 2020 4 4 0 38.455 23.946
37 2020 4 4 0 39.449 23.744
38 2020 4 4 0 38.629 23.559
39 2020 4 4 0 38.471 23.522
40 2020 4 4 0 38.839 23.841
41 2020 4 4 0 38.471 23.827
42 2020 4 4 0 39.034 21.884
43 2020 4 4 0 39.444 22.505
44 2020 4 4 0 39.275 22.377
45 2020 4 4 0 39.46 22.066
46 2020 4 4 0 39.114 22.153
47 2020 4 4 0 39.649 22.528
48 2020 4 4 0 39.737 22.466
49 2020 4 4 0 39.289 21.959
51 2020 4 4 0 39.826 22.458
52 2020 4 4 0 40.036 22.485
53 2020 4 4 0 39.657 22.486
54 2020 4 4 0 39.789 22.286
55 2020 4 4 0 33.565 22.756
56 2020 4 4 0 34.237 22.713
57 2020 4 4 0 33.431 22.611
58 2020 4 4 0 35.043 22.768
59 2020 4 4 0 33.571 22.505
60 2020 4 4 0 33.43 22.705
61 2020 4 4 0 33.288 20.379
62 2020 4 4 0 34.76 22.11
63 2020 4 4 0 33.868 22.187
64 2020 4 4 0 33.684 20.256
65 2020 4 4 0 34.462 19.683
66 2020 4 4 0 32.942 20.678
67 2020 4 4 0 33.525 20.37
68 2020 4 4 0 34.471 19.63
69 2020 4 4 0 33.508 20.386
70 2020 4 4 0 34.34 19.494
71 2020 4 4 0 32.044 20.16
72 2020 4 4 0 35.067 23.01
73 2020 4 4 0 36.733 22.779
74 2020 4 4 0 34.989 23.015
75 2020 4 4 0 35.343 22.98
76 2020 4 4 0 34.765 23.041
77 2020 4 4 0 32.019 20.175
78 2020 4 4 0 31.944 20.159
79 2020 4 4 0.10044 34.777 23.039
80 2020 4 4 0 37.482 22.289
81 2020 4 4 0 39.898 22.977
82 2020 4 4 0 39.877 22.768
83 2020 4 4 0 40.105 22.651
84 2020 4 4 0 40.064 22.795
85 2020 4 4 0 39.975 22.953
86 2020 4 4 0 39.958 23.209
87 2020 4 4 0 39.94 22.872
88 2020 4 4 0 39.889 23.1
89 2020 4 4 0 39.858 22.857
90 2020 4 4 0 39.904 23.162
91 2020 4 4 0 39.551 22.292
92 2020 4 4 0 39.673 22.528
93 2020 4 4 0 39.68 22.651
94 2020 4 4 0 39.487 22.623
95 2020 4 4 0 38.159 20.108
96 2020 4 4 0 37.302 19.538
97 2020 4 4 0 38.743 20.779
98 2020 4 4 0 38.416 20.627
99 2020 4 4 0 39.307 21.622
100 2020 4 4 0 39.084 21.391
102 2020 4 4 0 38.478 23.391
103 2020 4 4 0 38.781 22.91
104 2020 4 4 0 38.716 23.036
105 2020 4 4 0 38.391 23.569
106 2020 4 4 0 38.908 22.694
107 2020 4 4 0 35.787 20.717
109 2020 4 4 0 35.057 20.918
110 2020 4 4 0 35.421 20.599
111 2020 4 4 0 38.489 24.042
112 2020 4 4 0 34.752 20.876
113 2020 4 4 0 39.364 22.483
114 2020 4 4 0 39.668 22.624
115 2020 4 4 0 39.192 22.477
116 2020 4 4 0 39.127 22.486
117 2020 4 4 0 39.448 22.546
118 2020 4 4 0 39.785 22.618
119 2020 4 4 0 39.868 22.687
120 2020 4 4 0 38.638 20.993
121 2020 4 4 0 39.158 21.77
122 2020 4 4 0 38.948 21.665
123 2020 4 4 0 39.111 22.126
124 2020 4 4 0 39.299 22.292
125 2020 4 4 0 39.594 22.642
126 2020 4 4 0 38.727 22.164
127 2020 4 4 0 38.059 20.269
128 2020 4 4 0 38.285 20.128
129 2020 4 4 0 32.38 20.597
130 2020 4 4 0 32.47 20.759
131 2020 4 4 0 32.255 20.626
132 2020 4 4 0 36.865 21.944
133 2020 4 4 0 32.786 20.44
134 2020 4 4 0 35.616 21.713
135 2020 4 4 0 33.783 22.189
136 2020 4 4 0 37.791 21.486
137 2020 4 4 0 34.369 22.074
138 2020 4 4 0 36.247 21.522
139 2020 4 4 0 34.923 22.167
140 2020 4 4 0 34.826 22.524
141 2020 4 4 0 32.249 20.493
142 2020 4 4 0 39.047 21.855
143 2020 4 4 0 39.235 21.329
144 2020 4 4 0 37.894 20.375
145 2020 4 4 0 36.399 19.292
146 2020 4 4 0 36.459 18.961
147 2020 4 4 0 40.003 22.108
148 2020 4 4 0 40.064 22.105
149 2020 4 4 0 36.922 19.705
150 2020 4 4 0 36.596 19.537
151 2020 4 4 0 38.379 23.955
152 2020 4 4 0 38.029 24.075
153 2020 4 4 0 38.338 23.925
154 2020 4 4 0 38.469 24.064
155 2020 4 4 0 37.921 24.108
156 2020 4 4 0 38.077 23.981
157 2020 4 4 0 38.409 23.99
158 2020 4 4 0 38.337 23.915
159 2020 4 4 0 38.45 24.073
160 2020 4 4 0 38.111 23.773
161 2020 4 4 0 38.79 22.539
162 2020 4 4 0 38.72 22.838
164 2020 4 4 0 38.193 22.486
165 2020 4 4 0 38.51 22.792
166 2020 4 4 0 38.741 22.953
167 2020 4 4 0 38.08 22.646
168 2020 4 4 0 38.62 22.604
169 2020 4 4 0 38.066 22.544
170 2020 4 4 0 38.486 22.762
171 2020 4 4 0 34.54 21.016
172 2020 4 4 0 36.786 24.156
173 2020 4 4 0 34.508 21.319
174 2020 4 4 0 39.236 23.097
175 2020 4 4 0 39 22.812
176 2020 4 4 0 39.646 22.725
177 2020 4 4 0 38.868 23.367
178 2020 4 4 0 39.172 23.452
179 2020 4 4 0 39.458 22.844
180 2020 4 4 0 38.858 23.013
181 2020 4 4 0 39.167 22.692
182 2020 4 4 0 34.867 20.58
183 2020 4 4 0 34.438 21.155
184 2020 4 4 0 34.139 21.277
185 2020 4 4 0 34.496 20.579
186 2020 4 4 0 34.499 20.366
187 2020 4 4 0 34.458 20.561
188 2020 4 4 0 38.519 23.715
189 2020 4 4 0 37.386 23.97
190 2020 4 4 0 37.634 23.863
191 2020 4 4 0 37.601 24.105
192 2020 4 4 0 37.359 24.086
195 2020 4 4 0 31.7 20.395
196 2020 4 4 0 31.762 20.362
197 2020 4 4 0 31.63 20.275
198 2020 4 4 0 31.825 20.295
199 2020 4 4 0 37.168 22.642
200 2020 4 4 0 36.7 22.745
201 2020 4 4 0 36.499 22.747
202 2020 4 4 0 36.062 22.593
203 2020 4 4 0 37.529 22.439
204 2020 4 4 0 39.97 22.342
205 2020 4 4 0 38.021 20.523
206 2020 4 4 0 39.873 22.016
207 2020 4 4 0 39.524 21.816
208 2020 4 4 0 38.953 21.235
209 2020 4 4 0 39.37 21.474
210 2020 4 4 0 39.129 22.433
211 2020 4 4 0 39.066 22.537
212 2020 4 4 0 39.115 22.489
213 2020 4 4 0 38.972 22.537
214 2020 4 4 0 38.914 22.688
215 2020 4 4 0 39.001 22.599
216 2020 4 4 0 36.648 22.116
217 2020 4 4 0 38.052 21.633
218 2020 4 4 0 35.709 22.083
219 2020 4 4 0 35.876 22.307
220 2020 4 4 0 35.67 19.096
221 2020 4 4 0 35.986 22.339
222 2020 4 4 0 35.952 21.901
223 2020 4 4 0 38.059 22.147
224 2020 4 4 0 37.154 22.404
225 2020 4 4 0 36.428 22.342
226 2020 4 4 0 36.621 22.395
227 2020 4 4 0 35.515 22.35
228 2020 4 4 0 35.093 19.19
229 2020 4 4 0 35.142 19.161
230 2020 4 4 0 35.003 19.256
231 2020 4 4 0 35.167 19.193
232 2020 4 4 0 34.925 19.331
233 2020 4 4 0 39.996 22.676
234 2020 4 4 0 39.412 21.87
235 2020 4 4 0 39.434 21.837
236 2020 4 4 0 39.798 22.441
237 2020 4 4 0 39.601 22.209
238 2020 4 4 0 39.72 22.205
239 2020 4 4 0 38.922 22.871
240 2020 4 4 0 37.765 22.5
241 2020 4 4 0 38.652 22.975
242 2020 4 4 0 37.192 22.49
243 2020 4 4 0 36.885 22.495
244 2020 4 4 0 38.189 22.564
245 2020 4 4 0 38.685 22.519
246 2020 4 4 0 37.906 22.731
247 2020 4 4 0 38.85 22.284
248 2020 4 4 0 39.042 22.378
249 2020 4 4 0 39.25 22.254
250 2020 4 4 0 38.966 22.565
251 2020 4 4 0 39.304 21.946
252 2020 4 4 0 38.973 22.568
0 2020 4 4 0 37.252 22.572
