1 2020 5 29 0 40.306 28.302
2 2020 5 29 0 39.471 28.218
3 2020 5 29 0 40.542 28.296
4 2020 5 29 0 38.977 28.164
5 2020 5 29 0 38.866 28.044
6 2020 5 29 0 39.19 28.063
7 2020 5 29 0 40.276 28.287
8 2020 5 29 0 38.513 28.088
9 2020 5 29 0 39.355 28.23
10 2020 5 29 0 38.437 28.117
11 2020 5 29 0 41.454 28.346
12 2020 5 29 0 40.941 28.362
13 2020 5 29 0 40.792 28.336
14 2020 5 29 0 40.455 28.307
15 2020 5 29 0 41.2 28.333
16 2020 5 29 0 41.193 28.335
17 2020 5 29 0 40.929 28.333
18 2020 5 29 0 41.408 28.39
19 2020 5 29 0 38.554 26.103
20 2020 5 29 0 37.534 27.758
21 2020 5 29 0 38.517 25.935
22 2020 5 29 0 38.146 26.189
23 2020 5 29 0 37.306 26.031
24 2020 5 29 0 37.243 26.988
25 2020 5 29 0 37.713 26.238
26 2020 5 29 0 36.796 26.585
27 2020 5 29 0 37.297 26.612
28 2020 5 29 0 38.337 25.912
29 2020 5 29 0 37.765 28.291
30 2020 5 29 0 38.082 27.459
31 2020 5 29 0 38.727 25.769
32 2020 5 29 0 38.42 28.345
33 2020 5 29 0 38.615 28.504
34 2020 5 29 0 39.18 28.373
35 2020 5 29 0 37.932 28.606
36 2020 5 29 0 37.745 28.514
37 2020 5 29 0 39.49 28.29
38 2020 5 29 0 38.645 28.688
39 2020 5 29 0 38.243 28.808
40 2020 5 29 0 38.464 28.363
41 2020 5 29 0 37.793 28.74
42 2020 5 29 0 40.758 28.229
43 2020 5 29 0 41 28.725
44 2020 5 29 0 40.913 28.585
45 2020 5 29 0 40.696 28.252
46 2020 5 29 0 40.775 28.354
47 2020 5 29 0 40.775 28.699
48 2020 5 29 0 40.677 28.588
49 2020 5 29 0 40.74 28.322
51 2020 5 29 0 40.444 28.192
52 2020 5 29 0 40.969 28.092
53 2020 5 29 0 40.039 28.268
54 2020 5 29 0 40.276 28.066
55 2020 5 29 0 34.63 28.336
56 2020 5 29 0 35.422 28.228
57 2020 5 29 0 34.587 28.483
58 2020 5 29 0 35.454 28.303
59 2020 5 29 0 35.032 28.379
60 2020 5 29 0 34.415 28.453
61 2020 5 29 0 33.288 20.379
62 2020 5 29 0 35.198 28.118
63 2020 5 29 0 34.81 28.23
64 2020 5 29 0 33.684 20.256
65 2020 5 29 0 34.462 19.683
66 2020 5 29 0 32.942 20.678
67 2020 5 29 0 33.525 20.37
68 2020 5 29 0 34.471 19.63
69 2020 5 29 0 33.508 20.386
70 2020 5 29 0 34.34 19.494
71 2020 5 29 0 32.044 20.16
72 2020 5 29 0 34.768 28.457
73 2020 5 29 0 35.719 28.466
74 2020 5 29 0 34.706 28.456
75 2020 5 29 0 34.927 28.463
76 2020 5 29 0 34.581 28.456
77 2020 5 29 0 32.019 20.175
78 2020 5 29 0 31.944 20.159
79 2020 5 29 0 34.588 28.455
80 2020 5 29 0 36.314 28.337
81 2020 5 29 0 40.774 28.321
82 2020 5 29 0 41.147 28.423
83 2020 5 29 0 41.29 28.197
84 2020 5 29 0 41.354 28.278
85 2020 5 29 0 41.444 28.291
86 2020 5 29 0 41.012 28.33
87 2020 5 29 0 41.063 28.293
88 2020 5 29 0 41.352 28.306
89 2020 5 29 0 41.319 28.385
90 2020 5 29 0 41.132 28.323
91 2020 5 29 0 39.624 28.025
92 2020 5 29 0 38.835 27.943
93 2020 5 29 0 39.416 28.221
94 2020 5 29 0 39.47 28.244
95 2020 5 29 0 39.123 26.189
96 2020 5 29 0 38.808 25.818
97 2020 5 29 0 38.968 26.665
98 2020 5 29 0 39.424 26.667
99 2020 5 29 0 39.992 27.493
100 2020 5 29 0 39.561 27.29
102 2020 5 29 0 38.619 28.923
103 2020 5 29 0 39.949 28.909
104 2020 5 29 0 39.546 28.85
105 2020 5 29 0 38.636 29.04
106 2020 5 29 0 40.447 28.873
107 2020 5 29 0 35.787 20.717
109 2020 5 29 0 35.057 20.918
110 2020 5 29 0 35.421 20.599
111 2020 5 29 0 37.518 28.629
112 2020 5 29 0 34.752 20.876
113 2020 5 29 0 41.083 28.702
114 2020 5 29 0 40.968 28.588
115 2020 5 29 0 41.107 28.737
116 2020 5 29 0 40.999 28.769
117 2020 5 29 0 41.09 28.642
118 2020 5 29 0 40.774 28.651
119 2020 5 29 0 40.83 28.539
120 2020 5 29 0 37.838 26.65
121 2020 5 29 0 38.315 27.302
122 2020 5 29 0 37.496 27.132
123 2020 5 29 0 37.546 27.833
124 2020 5 29 0 37.793 27.791
125 2020 5 29 0 38.213 27.978
126 2020 5 29 0 37.299 28.165
127 2020 5 29 0 37.027 26.003
128 2020 5 29 0 38.178 26.009
129 2020 5 29 0 32.38 20.597
130 2020 5 29 0 32.47 20.759
131 2020 5 29 0 32.255 20.626
132 2020 5 29 0 37.217 27.897
133 2020 5 29 0 32.786 20.44
134 2020 5 29 0 36.254 28.009
135 2020 5 29 0 35.204 28.334
136 2020 5 29 0 37.732 27.761
137 2020 5 29 0 35.3 28.196
138 2020 5 29 0 36.792 27.9
139 2020 5 29 0 36.041 28.146
140 2020 5 29 0 35.964 28.142
141 2020 5 29 0 32.249 20.493
142 2020 5 29 0 38.618 27.789
143 2020 5 29 0 40.22 27.22
144 2020 5 29 0 39.453 26.527
145 2020 5 29 0 38.563 25.882
146 2020 5 29 0 38.174 25.941
147 2020 5 29 0 40.601 27.806
148 2020 5 29 0 40.872 27.763
149 2020 5 29 0 38.936 26.053
150 2020 5 29 0 38.813 25.978
151 2020 5 29 0 37.574 28.523
152 2020 5 29 0 37.221 28.79
153 2020 5 29 0 37.582 28.486
154 2020 5 29 0 37.506 28.677
155 2020 5 29 0 37.146 28.803
156 2020 5 29 0 37.276 28.812
157 2020 5 29 0 37.49 28.731
158 2020 5 29 0 37.624 28.472
159 2020 5 29 0 37.47 28.682
160 2020 5 29 0 37.48 28.896
161 2020 5 29 0 38.101 27.975
162 2020 5 29 0 38.433 28.058
164 2020 5 29 0 37.875 27.94
165 2020 5 29 0 38.109 28.039
166 2020 5 29 0 38.691 28.128
167 2020 5 29 0 37.755 27.988
168 2020 5 29 0 38.122 27.977
169 2020 5 29 0 37.803 27.952
170 2020 5 29 0 38.138 28.03
171 2020 5 29 0 34.54 21.016
172 2020 5 29 0 36.583 29.071
173 2020 5 29 0 34.508 21.319
174 2020 5 29 0 40.726 28.516
175 2020 5 29 0 40.517 28.739
176 2020 5 29 0 41.175 28.514
177 2020 5 29 0 39.66 28.524
178 2020 5 29 0 40.163 28.381
179 2020 5 29 0 41.292 28.536
180 2020 5 29 0 39.998 28.728
181 2020 5 29 0 40.932 28.696
182 2020 5 29 0 34.867 20.58
183 2020 5 29 0 34.438 21.155
184 2020 5 29 0 34.139 21.277
185 2020 5 29 0 34.496 20.579
186 2020 5 29 0 34.499 20.366
187 2020 5 29 0 34.458 20.561
188 2020 5 29 0 39.277 29.053
189 2020 5 29 0 37.045 29.005
190 2020 5 29 0 37.671 29.065
191 2020 5 29 0 36.964 28.879
192 2020 5 29 0 36.829 28.942
195 2020 5 29 0 31.7 20.395
196 2020 5 29 0 31.762 20.362
197 2020 5 29 0 31.63 20.275
198 2020 5 29 0 31.825 20.295
199 2020 5 29 0 36.999 28.042
200 2020 5 29 0 36.173 28.276
201 2020 5 29 0 36.354 28.192
202 2020 5 29 0 36.531 28.087
203 2020 5 29 0 37.515 27.943
204 2020 5 29 0 41.016 28.02
205 2020 5 29 0 39.729 26.73
206 2020 5 29 0 40.865 27.784
207 2020 5 29 0 40.755 27.789
208 2020 5 29 0 40.49 27.402
209 2020 5 29 0 40.582 27.472
210 2020 5 29 0 40.949 28.683
211 2020 5 29 0 40.851 28.8
212 2020 5 29 0 40.963 28.773
213 2020 5 29 0 40.561 28.778
214 2020 5 29 0 40.462 28.878
215 2020 5 29 0 40.702 28.833
216 2020 5 29 0 36.216 27.948
217 2020 5 29 0 37.745 27.782
218 2020 5 29 0 35.543 28.008
219 2020 5 29 0 35.564 28.021
220 2020 5 29 0 35.67 19.096
221 2020 5 29 0 35.836 27.973
222 2020 5 29 0 35.942 27.965
223 2020 5 29 0 37.342 27.86
224 2020 5 29 0 36.375 27.96
225 2020 5 29 0 36.491 27.816
226 2020 5 29 0 36.226 27.933
227 2020 5 29 0 35.38 28.046
228 2020 5 29 0 35.093 19.19
229 2020 5 29 0 35.142 19.161
230 2020 5 29 0 35.003 19.256
231 2020 5 29 0 35.167 19.193
232 2020 5 29 0 34.925 19.331
233 2020 5 29 0 41.011 28.324
234 2020 5 29 0 40.711 27.941
235 2020 5 29 0 40.725 27.871
236 2020 5 29 0 40.774 28.28
237 2020 5 29 0 40.705 28.26
238 2020 5 29 0 40.81 28.052
239 2020 5 29 0 38.156 27.783
240 2020 5 29 0 36.835 27.84
241 2020 5 29 0 37.764 27.779
242 2020 5 29 0 36.6 27.815
243 2020 5 29 0 36.534 27.713
244 2020 5 29 0 37.192 27.685
245 2020 5 29 0 37.714 27.645
246 2020 5 29 0 37.118 27.651
247 2020 5 29 0 38.044 27.714
248 2020 5 29 0 38.339 27.693
249 2020 5 29 0 38.692 27.823
250 2020 5 29 0 38.527 27.833
251 2020 5 29 0 38.64 27.742
252 2020 5 29 0 38.575 27.926
0 2020 5 29 0 36.161 28.368
